# Steering Wheel Angle Log (Actual Physical Angle)
# Start time : 2026-06-13 11:39:04
# End time   : 2026-06-13 11:39:39
# Total time : 35.08 seconds
# Points     : 1867
# Format     : [[elapsed_seconds, wheel_angle_degrees], ...]
[
  [
    0.286,
    0.0
  ],
  [
    0.3,
    0.0
  ],
  [
    0.316,
    0.0
  ],
  [
    0.334,
    0.0
  ],
  [
    0.352,
    0.0
  ],
  [
    0.364,
    0.0
  ],
  [
    0.384,
    0.0
  ],
  [
    0.398,
    0.0
  ],
  [
    0.431,
    0.0
  ],
  [
    0.45,
    0.0
  ],
  [
    0.465,
    0.0
  ],
  [
    0.478,
    0.0
  ],
  [
    0.494,
    0.0
  ],
  [
    0.51,
    0.0
  ],
  [
    0.538,
    0.0
  ],
  [
    0.553,
    0.0
  ],
  [
    0.563,
    0.0
  ],
  [
    0.579,
    0.0
  ],
  [
    0.602,
    0.0
  ],
  [
    0.624,
    0.0
  ],
  [
    0.633,
    0.0
  ],
  [
    0.652,
    0.0
  ],
  [
    0.67,
    0.0
  ],
  [
    0.693,
    0.0
  ],
  [
    0.708,
    0.0
  ],
  [
    0.724,
    0.0
  ],
  [
    0.738,
    0.0
  ],
  [
    0.753,
    0.0
  ],
  [
    0.772,
    0.0
  ],
  [
    0.801,
    0.0
  ],
  [
    0.826,
    0.0
  ],
  [
    0.844,
    0.0
  ],
  [
    0.862,
    0.0
  ],
  [
    0.893,
    0.0
  ],
  [
    0.905,
    0.0
  ],
  [
    0.921,
    0.0
  ],
  [
    0.936,
    0.0
  ],
  [
    0.963,
    0.0
  ],
  [
    0.979,
    0.0
  ],
  [
    0.996,
    0.0
  ],
  [
    1.011,
    0.0
  ],
  [
    1.024,
    0.0
  ],
  [
    1.068,
    0.0
  ],
  [
    1.091,
    0.0
  ],
  [
    1.099,
    0.0
  ],
  [
    1.129,
    0.0
  ],
  [
    1.141,
    0.0
  ],
  [
    1.174,
    0.0
  ],
  [
    1.184,
    0.0
  ],
  [
    1.203,
    0.0
  ],
  [
    1.218,
    0.0
  ],
  [
    1.25,
    0.0
  ],
  [
    1.258,
    0.0
  ],
  [
    1.276,
    0.0
  ],
  [
    1.294,
    0.0
  ],
  [
    1.311,
    0.0
  ],
  [
    1.323,
    0.0
  ],
  [
    1.34,
    0.0
  ],
  [
    1.375,
    0.0
  ],
  [
    1.386,
    0.0
  ],
  [
    1.404,
    0.0
  ],
  [
    1.419,
    0.0
  ],
  [
    1.451,
    0.0
  ],
  [
    1.463,
    0.0
  ],
  [
    1.497,
    0.0
  ],
  [
    1.508,
    0.0
  ],
  [
    1.524,
    0.0
  ],
  [
    1.542,
    0.0
  ],
  [
    1.56,
    0.0
  ],
  [
    1.575,
    0.0
  ],
  [
    1.592,
    0.0
  ],
  [
    1.618,
    0.0
  ],
  [
    1.632,
    0.0
  ],
  [
    1.647,
    0.0
  ],
  [
    1.661,
    0.0
  ],
  [
    1.678,
    0.0
  ],
  [
    1.711,
    0.0
  ],
  [
    1.726,
    0.0
  ],
  [
    1.742,
    0.0
  ],
  [
    1.756,
    0.0
  ],
  [
    1.767,
    0.0
  ],
  [
    1.791,
    0.0
  ],
  [
    1.799,
    0.0
  ],
  [
    1.815,
    0.0
  ],
  [
    1.83,
    0.0
  ],
  [
    1.862,
    0.0
  ],
  [
    1.874,
    0.0
  ],
  [
    1.886,
    0.0
  ],
  [
    1.902,
    0.0
  ],
  [
    1.917,
    0.0
  ],
  [
    1.936,
    0.0
  ],
  [
    1.951,
    0.0
  ],
  [
    1.981,
    0.0
  ],
  [
    1.991,
    0.0
  ],
  [
    2.009,
    0.0
  ],
  [
    2.025,
    0.0
  ],
  [
    2.04,
    0.0
  ],
  [
    2.072,
    0.0
  ],
  [
    2.085,
    0.0
  ],
  [
    2.113,
    0.0
  ],
  [
    2.126,
    0.0
  ],
  [
    2.141,
    0.0
  ],
  [
    2.161,
    0.0
  ],
  [
    2.175,
    0.0
  ],
  [
    2.207,
    0.0
  ],
  [
    2.22,
    0.0
  ],
  [
    2.23,
    0.0
  ],
  [
    2.261,
    0.0
  ],
  [
    2.271,
    0.0
  ],
  [
    2.288,
    0.0
  ],
  [
    2.316,
    0.0
  ],
  [
    2.33,
    0.0
  ],
  [
    2.338,
    0.0
  ],
  [
    2.354,
    0.0
  ],
  [
    2.381,
    0.0
  ],
  [
    2.39,
    0.0
  ],
  [
    2.419,
    0.0
  ],
  [
    2.43,
    0.0
  ],
  [
    2.46,
    0.0
  ],
  [
    2.469,
    0.0
  ],
  [
    2.502,
    0.0
  ],
  [
    2.511,
    0.0
  ],
  [
    2.527,
    0.0
  ],
  [
    2.542,
    0.0
  ],
  [
    2.57,
    0.0
  ],
  [
    2.582,
    0.0
  ],
  [
    2.609,
    0.0
  ],
  [
    2.618,
    0.0
  ],
  [
    2.632,
    0.0
  ],
  [
    2.66,
    0.0
  ],
  [
    2.668,
    0.0
  ],
  [
    2.707,
    0.0
  ],
  [
    2.737,
    0.0
  ],
  [
    2.746,
    0.0
  ],
  [
    2.775,
    0.0
  ],
  [
    2.784,
    0.0
  ],
  [
    2.812,
    0.0
  ],
  [
    2.821,
    0.0
  ],
  [
    2.851,
    0.0
  ],
  [
    2.86,
    0.0
  ],
  [
    2.89,
    0.0
  ],
  [
    2.901,
    0.0
  ],
  [
    2.931,
    0.0
  ],
  [
    2.941,
    0.0
  ],
  [
    2.964,
    0.0
  ],
  [
    2.976,
    0.0
  ],
  [
    2.995,
    0.0
  ],
  [
    3.01,
    0.0
  ],
  [
    3.025,
    0.0
  ],
  [
    3.057,
    0.0
  ],
  [
    3.068,
    0.0
  ],
  [
    3.093,
    0.0
  ],
  [
    3.108,
    0.0
  ],
  [
    3.134,
    0.0
  ],
  [
    3.143,
    0.0
  ],
  [
    3.158,
    0.0
  ],
  [
    3.188,
    0.0
  ],
  [
    3.197,
    0.0
  ],
  [
    3.224,
    0.0
  ],
  [
    3.233,
    0.0
  ],
  [
    3.26,
    0.0
  ],
  [
    3.271,
    0.0
  ],
  [
    3.298,
    0.0
  ],
  [
    3.306,
    0.0
  ],
  [
    3.337,
    0.0
  ],
  [
    3.346,
    0.0
  ],
  [
    3.36,
    0.0
  ],
  [
    3.39,
    0.0
  ],
  [
    3.399,
    0.0
  ],
  [
    3.413,
    0.0
  ],
  [
    3.446,
    0.0
  ],
  [
    3.456,
    0.0
  ],
  [
    3.486,
    0.0
  ],
  [
    3.495,
    0.0
  ],
  [
    3.508,
    0.0
  ],
  [
    3.54,
    0.0
  ],
  [
    3.546,
    0.0
  ],
  [
    3.574,
    0.0
  ],
  [
    3.586,
    0.0
  ],
  [
    3.601,
    0.0
  ],
  [
    3.613,
    0.0
  ],
  [
    3.646,
    0.0
  ],
  [
    3.653,
    0.0
  ],
  [
    3.682,
    0.0
  ],
  [
    3.694,
    0.0
  ],
  [
    3.725,
    0.0
  ],
  [
    3.735,
    0.0
  ],
  [
    3.766,
    0.0
  ],
  [
    3.777,
    0.0
  ],
  [
    3.808,
    0.0
  ],
  [
    3.817,
    0.0
  ],
  [
    3.848,
    0.0
  ],
  [
    3.857,
    0.0
  ],
  [
    3.872,
    0.0
  ],
  [
    3.9,
    0.0
  ],
  [
    3.909,
    0.0
  ],
  [
    3.944,
    0.0
  ],
  [
    3.956,
    0.0
  ],
  [
    3.97,
    0.0
  ],
  [
    3.983,
    0.0
  ],
  [
    4.013,
    0.0
  ],
  [
    4.028,
    0.0
  ],
  [
    4.037,
    0.0
  ],
  [
    4.053,
    0.0
  ],
  [
    4.067,
    0.0
  ],
  [
    4.1,
    0.0
  ],
  [
    4.106,
    0.0
  ],
  [
    4.136,
    0.0
  ],
  [
    4.141,
    0.0
  ],
  [
    4.157,
    0.0
  ],
  [
    4.185,
    0.0
  ],
  [
    4.191,
    0.0
  ],
  [
    4.221,
    0.0
  ],
  [
    4.23,
    0.0
  ],
  [
    4.258,
    0.0
  ],
  [
    4.272,
    0.0
  ],
  [
    4.283,
    0.0
  ],
  [
    4.308,
    0.0
  ],
  [
    4.319,
    0.0
  ],
  [
    4.347,
    0.0
  ],
  [
    4.357,
    0.0
  ],
  [
    4.372,
    0.0
  ],
  [
    4.4,
    0.0
  ],
  [
    4.414,
    0.0
  ],
  [
    4.421,
    0.0
  ],
  [
    4.451,
    0.0
  ],
  [
    4.472,
    0.0
  ],
  [
    4.483,
    0.0
  ],
  [
    4.498,
    0.0
  ],
  [
    4.527,
    0.0
  ],
  [
    4.536,
    0.0
  ],
  [
    4.568,
    0.0
  ],
  [
    4.575,
    0.0
  ],
  [
    4.603,
    0.0
  ],
  [
    4.613,
    0.0
  ],
  [
    4.64,
    0.0
  ],
  [
    4.651,
    0.0
  ],
  [
    4.666,
    0.0
  ],
  [
    4.69,
    0.0
  ],
  [
    4.717,
    0.0
  ],
  [
    4.73,
    0.0
  ],
  [
    4.746,
    0.0
  ],
  [
    4.762,
    0.0
  ],
  [
    4.778,
    0.0
  ],
  [
    4.794,
    0.0
  ],
  [
    4.814,
    0.0
  ],
  [
    4.828,
    0.0
  ],
  [
    4.862,
    0.0
  ],
  [
    4.891,
    0.0
  ],
  [
    4.902,
    0.0
  ],
  [
    4.919,
    0.0
  ],
  [
    4.936,
    0.0
  ],
  [
    4.954,
    0.0
  ],
  [
    4.969,
    0.0
  ],
  [
    4.998,
    0.0
  ],
  [
    5.01,
    0.0
  ],
  [
    5.039,
    0.0
  ],
  [
    5.047,
    0.0
  ],
  [
    5.078,
    0.0
  ],
  [
    5.086,
    0.0
  ],
  [
    5.102,
    0.0
  ],
  [
    5.121,
    0.0
  ],
  [
    5.136,
    0.0
  ],
  [
    5.16,
    0.0
  ],
  [
    5.175,
    0.0
  ],
  [
    5.19,
    0.0
  ],
  [
    5.219,
    0.0
  ],
  [
    5.226,
    0.0
  ],
  [
    5.25,
    0.0
  ],
  [
    5.264,
    0.0
  ],
  [
    5.28,
    0.0
  ],
  [
    5.338,
    0.0
  ],
  [
    5.346,
    0.0
  ],
  [
    5.386,
    0.0
  ],
  [
    5.406,
    0.0
  ],
  [
    5.425,
    0.0
  ],
  [
    5.437,
    0.0
  ],
  [
    5.451,
    0.0
  ],
  [
    5.474,
    0.0
  ],
  [
    5.496,
    0.0
  ],
  [
    5.518,
    0.0
  ],
  [
    5.54,
    0.0
  ],
  [
    5.552,
    0.0
  ],
  [
    5.579,
    0.0
  ],
  [
    5.597,
    0.0
  ],
  [
    5.628,
    0.0
  ],
  [
    5.648,
    0.0
  ],
  [
    5.663,
    0.0
  ],
  [
    5.683,
    0.0
  ],
  [
    5.707,
    0.0
  ],
  [
    5.741,
    0.0
  ],
  [
    5.767,
    0.0
  ],
  [
    5.783,
    0.0
  ],
  [
    5.797,
    0.0
  ],
  [
    5.812,
    0.0
  ],
  [
    5.827,
    0.0
  ],
  [
    5.838,
    0.0
  ],
  [
    5.866,
    0.0
  ],
  [
    5.876,
    0.0
  ],
  [
    5.907,
    0.0
  ],
  [
    5.923,
    0.0
  ],
  [
    5.935,
    0.0
  ],
  [
    5.959,
    0.0
  ],
  [
    5.97,
    0.0
  ],
  [
    5.994,
    0.0
  ],
  [
    6.006,
    0.0
  ],
  [
    6.037,
    0.0
  ],
  [
    6.044,
    0.0
  ],
  [
    6.07,
    0.0
  ],
  [
    6.094,
    0.0
  ],
  [
    6.121,
    0.0
  ],
  [
    6.129,
    0.0
  ],
  [
    6.145,
    0.0
  ],
  [
    6.163,
    0.0
  ],
  [
    6.176,
    0.0
  ],
  [
    6.204,
    0.0
  ],
  [
    6.212,
    0.0
  ],
  [
    6.243,
    0.0
  ],
  [
    6.25,
    0.0
  ],
  [
    6.277,
    0.0
  ],
  [
    6.287,
    0.0
  ],
  [
    6.315,
    0.0
  ],
  [
    6.324,
    0.0
  ],
  [
    6.339,
    0.0
  ],
  [
    6.359,
    0.0
  ],
  [
    6.386,
    0.0
  ],
  [
    6.416,
    0.0
  ],
  [
    6.422,
    0.0
  ],
  [
    6.458,
    0.0
  ],
  [
    6.485,
    0.0
  ],
  [
    6.495,
    0.0
  ],
  [
    6.521,
    0.0
  ],
  [
    6.532,
    0.0
  ],
  [
    6.559,
    0.0
  ],
  [
    6.57,
    0.0
  ],
  [
    6.597,
    0.0
  ],
  [
    6.608,
    0.0
  ],
  [
    6.639,
    0.0
  ],
  [
    6.653,
    0.0
  ],
  [
    6.675,
    0.0
  ],
  [
    6.686,
    0.0
  ],
  [
    6.715,
    0.0
  ],
  [
    6.747,
    0.0
  ],
  [
    6.755,
    0.0
  ],
  [
    6.785,
    0.0
  ],
  [
    6.791,
    0.0
  ],
  [
    6.819,
    0.0
  ],
  [
    6.827,
    0.0
  ],
  [
    6.858,
    0.0
  ],
  [
    6.866,
    0.0
  ],
  [
    6.878,
    0.0
  ],
  [
    6.903,
    0.0
  ],
  [
    6.931,
    0.0
  ],
  [
    6.941,
    0.0
  ],
  [
    6.954,
    0.0
  ],
  [
    6.986,
    0.0
  ],
  [
    7.014,
    0.0
  ],
  [
    7.019,
    0.0
  ],
  [
    7.048,
    0.0
  ],
  [
    7.055,
    0.0
  ],
  [
    7.072,
    0.0
  ],
  [
    7.095,
    0.0
  ],
  [
    7.109,
    0.0
  ],
  [
    7.137,
    0.0
  ],
  [
    7.145,
    0.0
  ],
  [
    7.172,
    0.0
  ],
  [
    7.183,
    0.0
  ],
  [
    7.197,
    0.0
  ],
  [
    7.212,
    0.0
  ],
  [
    7.235,
    0.0
  ],
  [
    7.248,
    0.0
  ],
  [
    7.274,
    0.0
  ],
  [
    7.282,
    0.0
  ],
  [
    7.312,
    0.0
  ],
  [
    7.321,
    0.0
  ],
  [
    7.348,
    0.0
  ],
  [
    7.358,
    0.0
  ],
  [
    7.39,
    0.0
  ],
  [
    7.401,
    0.0
  ],
  [
    7.436,
    0.0
  ],
  [
    7.444,
    0.0
  ],
  [
    7.462,
    0.0
  ],
  [
    7.493,
    0.0
  ],
  [
    7.506,
    0.0
  ],
  [
    7.525,
    0.0
  ],
  [
    7.54,
    0.0
  ],
  [
    7.57,
    0.0
  ],
  [
    7.58,
    0.0
  ],
  [
    7.596,
    0.0
  ],
  [
    7.62,
    0.0
  ],
  [
    7.635,
    0.0
  ],
  [
    7.649,
    0.0
  ],
  [
    7.661,
    0.0
  ],
  [
    7.691,
    0.0
  ],
  [
    7.7,
    0.0
  ],
  [
    7.732,
    0.0
  ],
  [
    7.753,
    0.0
  ],
  [
    7.767,
    0.0
  ],
  [
    7.784,
    0.0
  ],
  [
    7.804,
    0.0
  ],
  [
    7.817,
    0.0
  ],
  [
    7.833,
    0.0
  ],
  [
    7.846,
    0.0
  ],
  [
    7.88,
    0.0
  ],
  [
    7.891,
    0.0
  ],
  [
    7.907,
    0.0
  ],
  [
    7.938,
    0.0
  ],
  [
    7.947,
    0.0
  ],
  [
    7.962,
    0.0
  ],
  [
    7.998,
    0.0
  ],
  [
    8.011,
    0.0
  ],
  [
    8.044,
    0.0
  ],
  [
    8.053,
    0.0
  ],
  [
    8.086,
    0.0
  ],
  [
    8.102,
    0.0
  ],
  [
    8.112,
    0.0
  ],
  [
    8.127,
    0.0
  ],
  [
    8.141,
    0.0
  ],
  [
    8.173,
    0.0
  ],
  [
    8.184,
    0.0
  ],
  [
    8.216,
    0.0
  ],
  [
    8.231,
    0.0
  ],
  [
    8.242,
    0.0
  ],
  [
    8.275,
    0.0
  ],
  [
    8.289,
    0.0
  ],
  [
    8.299,
    0.0
  ],
  [
    8.316,
    0.0
  ],
  [
    8.333,
    0.0
  ],
  [
    8.363,
    0.0
  ],
  [
    8.375,
    0.0
  ],
  [
    8.388,
    0.0
  ],
  [
    8.416,
    0.0
  ],
  [
    8.428,
    0.0
  ],
  [
    8.44,
    0.0
  ],
  [
    8.47,
    0.0
  ],
  [
    8.478,
    0.0
  ],
  [
    8.495,
    0.0
  ],
  [
    8.511,
    0.0
  ],
  [
    8.538,
    0.0
  ],
  [
    8.546,
    0.0
  ],
  [
    8.577,
    0.0
  ],
  [
    8.586,
    0.0
  ],
  [
    8.618,
    0.0
  ],
  [
    8.627,
    0.0
  ],
  [
    8.643,
    0.0
  ],
  [
    8.657,
    0.0
  ],
  [
    8.684,
    0.0
  ],
  [
    8.698,
    0.0
  ],
  [
    8.713,
    0.0
  ],
  [
    8.727,
    0.0
  ],
  [
    8.755,
    0.0
  ],
  [
    8.765,
    0.0
  ],
  [
    8.78,
    0.0
  ],
  [
    8.793,
    0.0
  ],
  [
    8.821,
    0.0
  ],
  [
    8.83,
    0.0
  ],
  [
    8.856,
    0.0
  ],
  [
    8.871,
    0.0
  ],
  [
    8.884,
    0.0
  ],
  [
    8.899,
    0.0
  ],
  [
    8.921,
    0.0
  ],
  [
    8.933,
    0.0
  ],
  [
    8.962,
    0.0
  ],
  [
    8.97,
    0.0
  ],
  [
    9.001,
    0.0
  ],
  [
    9.01,
    0.0
  ],
  [
    9.028,
    0.0
  ],
  [
    9.044,
    0.0
  ],
  [
    9.07,
    0.0
  ],
  [
    9.096,
    0.0
  ],
  [
    9.103,
    0.0
  ],
  [
    9.131,
    0.0
  ],
  [
    9.147,
    0.0
  ],
  [
    9.158,
    0.0
  ],
  [
    9.188,
    0.0
  ],
  [
    9.194,
    0.0
  ],
  [
    9.227,
    0.0
  ],
  [
    9.243,
    0.0
  ],
  [
    9.252,
    0.0
  ],
  [
    9.284,
    0.0
  ],
  [
    9.294,
    0.0
  ],
  [
    9.318,
    0.0
  ],
  [
    9.337,
    0.0
  ],
  [
    9.353,
    0.0
  ],
  [
    9.373,
    0.0
  ],
  [
    9.388,
    0.0
  ],
  [
    9.406,
    0.0
  ],
  [
    9.422,
    0.0
  ],
  [
    9.438,
    0.0
  ],
  [
    9.454,
    0.0
  ],
  [
    9.472,
    0.0
  ],
  [
    9.485,
    0.0
  ],
  [
    9.501,
    0.0
  ],
  [
    9.525,
    0.0
  ],
  [
    9.541,
    0.0
  ],
  [
    9.557,
    0.0
  ],
  [
    9.574,
    0.0
  ],
  [
    9.59,
    0.0
  ],
  [
    9.619,
    0.0
  ],
  [
    9.627,
    0.0
  ],
  [
    9.659,
    0.0
  ],
  [
    9.686,
    0.0
  ],
  [
    9.694,
    0.0
  ],
  [
    9.712,
    0.0
  ],
  [
    9.742,
    0.0
  ],
  [
    9.751,
    0.0
  ],
  [
    9.768,
    0.0
  ],
  [
    9.796,
    0.0
  ],
  [
    9.811,
    0.0
  ],
  [
    9.825,
    0.0
  ],
  [
    9.842,
    0.0
  ],
  [
    9.855,
    0.0
  ],
  [
    9.887,
    0.0
  ],
  [
    9.899,
    0.0
  ],
  [
    9.918,
    0.0
  ],
  [
    9.933,
    0.0
  ],
  [
    9.96,
    0.0
  ],
  [
    9.971,
    0.0
  ],
  [
    10.003,
    0.0
  ],
  [
    10.013,
    0.0
  ],
  [
    10.03,
    0.0
  ],
  [
    10.045,
    0.0
  ],
  [
    10.059,
    0.0
  ],
  [
    10.086,
    0.0
  ],
  [
    10.093,
    0.0
  ],
  [
    10.135,
    0.0
  ],
  [
    10.144,
    0.0
  ],
  [
    10.16,
    0.0
  ],
  [
    10.176,
    0.0
  ],
  [
    10.203,
    0.0
  ],
  [
    10.216,
    0.0
  ],
  [
    10.233,
    0.0
  ],
  [
    10.248,
    0.0
  ],
  [
    10.28,
    0.0
  ],
  [
    10.288,
    0.0
  ],
  [
    10.305,
    0.0
  ],
  [
    10.33,
    0.0
  ],
  [
    10.342,
    0.0
  ],
  [
    10.358,
    0.0
  ],
  [
    10.374,
    0.0
  ],
  [
    10.404,
    0.0
  ],
  [
    10.416,
    0.0
  ],
  [
    10.431,
    0.0
  ],
  [
    10.447,
    0.0
  ],
  [
    10.464,
    0.0
  ],
  [
    10.48,
    0.0
  ],
  [
    10.512,
    0.0
  ],
  [
    10.521,
    0.0
  ],
  [
    10.553,
    0.0
  ],
  [
    10.56,
    0.0
  ],
  [
    10.585,
    0.0
  ],
  [
    10.595,
    0.0
  ],
  [
    10.621,
    0.0
  ],
  [
    10.637,
    0.0
  ],
  [
    10.646,
    0.0
  ],
  [
    10.676,
    0.0
  ],
  [
    10.684,
    0.0
  ],
  [
    10.706,
    0.0
  ],
  [
    10.724,
    0.0
  ],
  [
    10.736,
    0.0
  ],
  [
    10.766,
    0.0
  ],
  [
    10.774,
    0.0
  ],
  [
    10.801,
    0.0
  ],
  [
    10.808,
    0.0
  ],
  [
    10.839,
    0.0
  ],
  [
    10.857,
    0.0
  ],
  [
    10.867,
    0.0
  ],
  [
    10.896,
    0.0
  ],
  [
    10.93,
    0.0
  ],
  [
    10.942,
    -1.3067
  ],
  [
    10.973,
    -3.0569
  ],
  [
    11.0,
    -4.6891
  ],
  [
    11.012,
    -5.5037
  ],
  [
    11.037,
    -7.2032
  ],
  [
    11.054,
    -7.9295
  ],
  [
    11.063,
    -8.8205
  ],
  [
    11.091,
    -10.2873
  ],
  [
    11.1,
    -10.9963
  ],
  [
    11.128,
    -12.557
  ],
  [
    11.15,
    -13.9669
  ],
  [
    11.169,
    -15.1279
  ],
  [
    11.182,
    -15.8722
  ],
  [
    11.208,
    -17.3265
  ],
  [
    11.218,
    -17.9586
  ],
  [
    11.245,
    -19.4713
  ],
  [
    11.254,
    -20.2181
  ],
  [
    11.268,
    -21.0047
  ],
  [
    11.294,
    -22.5294
  ],
  [
    11.303,
    -23.1589
  ],
  [
    11.329,
    -23.9543
  ],
  [
    11.354,
    -23.9359
  ],
  [
    11.362,
    -23.9388
  ],
  [
    11.39,
    -23.9172
  ],
  [
    11.398,
    -23.9184
  ],
  [
    11.432,
    -23.8732
  ],
  [
    11.44,
    -23.8787
  ],
  [
    11.458,
    -23.8725
  ],
  [
    11.474,
    -23.8757
  ],
  [
    11.503,
    -23.8778
  ],
  [
    11.512,
    -23.8733
  ],
  [
    11.545,
    -23.8675
  ],
  [
    11.569,
    -23.8649
  ],
  [
    11.581,
    -23.8558
  ],
  [
    11.609,
    -23.8379
  ],
  [
    11.621,
    -23.8275
  ],
  [
    11.635,
    -23.8272
  ],
  [
    11.667,
    -23.8284
  ],
  [
    11.682,
    -23.8282
  ],
  [
    11.711,
    -23.8294
  ],
  [
    11.737,
    -23.8101
  ],
  [
    11.747,
    -23.7858
  ],
  [
    11.764,
    -23.7853
  ],
  [
    11.793,
    -23.792
  ],
  [
    11.805,
    -23.7919
  ],
  [
    11.829,
    -23.7903
  ],
  [
    11.846,
    -23.7655
  ],
  [
    11.86,
    -23.7676
  ],
  [
    11.886,
    -23.7671
  ],
  [
    11.904,
    -23.7683
  ],
  [
    11.913,
    -23.768
  ],
  [
    11.931,
    -23.7691
  ],
  [
    11.961,
    -23.7744
  ],
  [
    11.991,
    -23.762
  ],
  [
    12.001,
    -23.761
  ],
  [
    12.03,
    -23.7564
  ],
  [
    12.04,
    -23.7474
  ],
  [
    12.055,
    -23.7294
  ],
  [
    12.084,
    -23.7241
  ],
  [
    12.096,
    -23.7014
  ],
  [
    12.128,
    -23.6992
  ],
  [
    12.151,
    -23.7015
  ],
  [
    12.16,
    -23.7014
  ],
  [
    12.176,
    -23.7073
  ],
  [
    12.206,
    -23.7089
  ],
  [
    12.213,
    -23.7013
  ],
  [
    12.229,
    -23.6875
  ],
  [
    12.257,
    -23.6853
  ],
  [
    12.268,
    -23.6825
  ],
  [
    12.298,
    -23.6693
  ],
  [
    12.306,
    -23.6617
  ],
  [
    12.322,
    -23.6599
  ],
  [
    12.345,
    -23.6615
  ],
  [
    12.36,
    -23.6551
  ],
  [
    12.391,
    -23.6517
  ],
  [
    12.399,
    -23.6488
  ],
  [
    12.413,
    -23.6353
  ],
  [
    12.438,
    -23.634
  ],
  [
    12.452,
    -23.6259
  ],
  [
    12.468,
    -23.619
  ],
  [
    12.498,
    -23.6251
  ],
  [
    12.506,
    -23.6209
  ],
  [
    12.53,
    -23.6126
  ],
  [
    12.542,
    -23.6084
  ],
  [
    12.574,
    -23.6007
  ],
  [
    12.584,
    -23.6011
  ],
  [
    12.614,
    -23.6023
  ],
  [
    12.624,
    -23.5977
  ],
  [
    12.651,
    -23.5968
  ],
  [
    12.677,
    -23.586
  ],
  [
    12.686,
    -23.5792
  ],
  [
    12.703,
    -23.5768
  ],
  [
    12.734,
    -23.5834
  ],
  [
    12.757,
    -23.5716
  ],
  [
    12.766,
    -23.5707
  ],
  [
    12.795,
    -23.5607
  ],
  [
    12.805,
    -23.5592
  ],
  [
    12.833,
    -23.5541
  ],
  [
    12.841,
    -23.5504
  ],
  [
    12.873,
    -23.5442
  ],
  [
    12.88,
    -23.545
  ],
  [
    12.91,
    -23.5365
  ],
  [
    12.916,
    -23.5344
  ],
  [
    12.949,
    -23.5264
  ],
  [
    12.957,
    -23.5293
  ],
  [
    12.974,
    -23.5266
  ],
  [
    12.989,
    -23.5257
  ],
  [
    13.019,
    -23.5331
  ],
  [
    13.026,
    -23.5313
  ],
  [
    13.055,
    -23.5221
  ],
  [
    13.08,
    -23.5144
  ],
  [
    13.087,
    -23.5115
  ],
  [
    13.116,
    -23.5034
  ],
  [
    13.139,
    -23.4944
  ],
  [
    13.148,
    -23.4908
  ],
  [
    13.176,
    -23.4896
  ],
  [
    13.185,
    -23.4874
  ],
  [
    13.212,
    -23.484
  ],
  [
    13.221,
    -23.4802
  ],
  [
    13.251,
    -23.4771
  ],
  [
    13.278,
    -23.4702
  ],
  [
    13.285,
    -23.4715
  ],
  [
    13.316,
    -23.4734
  ],
  [
    13.324,
    -23.476
  ],
  [
    13.349,
    -23.4703
  ],
  [
    13.359,
    -23.4693
  ],
  [
    13.388,
    -23.4752
  ],
  [
    13.396,
    -23.4717
  ],
  [
    13.426,
    -23.4627
  ],
  [
    13.437,
    -23.463
  ],
  [
    13.464,
    -23.4637
  ],
  [
    13.476,
    -23.4607
  ],
  [
    13.503,
    -23.4644
  ],
  [
    13.513,
    -23.4609
  ],
  [
    13.544,
    -23.457
  ],
  [
    13.552,
    -23.4591
  ],
  [
    13.578,
    -23.4549
  ],
  [
    13.588,
    -23.4527
  ],
  [
    13.603,
    -23.4495
  ],
  [
    13.633,
    -23.453
  ],
  [
    13.642,
    -23.45
  ],
  [
    13.668,
    -23.4448
  ],
  [
    13.678,
    -23.4389
  ],
  [
    13.693,
    -23.4352
  ],
  [
    13.722,
    -23.4433
  ],
  [
    13.738,
    -23.4434
  ],
  [
    13.749,
    -23.4444
  ],
  [
    13.778,
    -23.4497
  ],
  [
    13.785,
    -23.4491
  ],
  [
    13.815,
    -23.4359
  ],
  [
    13.823,
    -23.4324
  ],
  [
    13.853,
    -23.4382
  ],
  [
    13.865,
    -23.4378
  ],
  [
    13.878,
    -23.4354
  ],
  [
    13.893,
    -23.4377
  ],
  [
    13.921,
    -23.4454
  ],
  [
    13.93,
    -23.4409
  ],
  [
    13.943,
    -23.4344
  ],
  [
    13.977,
    -23.4381
  ],
  [
    13.987,
    -23.4397
  ],
  [
    14.004,
    -23.44
  ],
  [
    14.031,
    -23.448
  ],
  [
    14.041,
    -23.4443
  ],
  [
    14.071,
    -23.4386
  ],
  [
    14.08,
    -23.4369
  ],
  [
    14.093,
    -23.4331
  ],
  [
    14.122,
    -23.4358
  ],
  [
    14.128,
    -23.4331
  ],
  [
    14.158,
    -23.4336
  ],
  [
    14.171,
    -23.4333
  ],
  [
    14.185,
    -23.4325
  ],
  [
    14.2,
    -23.4386
  ],
  [
    14.228,
    -23.4393
  ],
  [
    14.253,
    -23.4328
  ],
  [
    14.27,
    -23.4309
  ],
  [
    14.278,
    -23.4297
  ],
  [
    14.293,
    -23.4318
  ],
  [
    14.308,
    -23.435
  ],
  [
    14.337,
    -23.4425
  ],
  [
    14.345,
    -23.4388
  ],
  [
    14.362,
    -23.4321
  ],
  [
    14.394,
    -23.4412
  ],
  [
    14.408,
    -23.4407
  ],
  [
    14.42,
    -23.4401
  ],
  [
    14.451,
    -23.4471
  ],
  [
    14.475,
    -23.4387
  ],
  [
    14.488,
    -23.4337
  ],
  [
    14.503,
    -23.4337
  ],
  [
    14.517,
    -23.4415
  ],
  [
    14.547,
    -23.4425
  ],
  [
    14.554,
    -23.4407
  ],
  [
    14.583,
    -23.4308
  ],
  [
    14.593,
    -23.4285
  ],
  [
    14.624,
    -23.4277
  ],
  [
    14.633,
    -23.4293
  ],
  [
    14.649,
    -23.4274
  ],
  [
    14.682,
    -23.4325
  ],
  [
    14.709,
    -23.4285
  ],
  [
    14.72,
    -23.4295
  ],
  [
    14.749,
    -23.4353
  ],
  [
    14.756,
    -23.4312
  ],
  [
    14.784,
    -23.422
  ],
  [
    14.801,
    -23.4201
  ],
  [
    14.812,
    -23.4167
  ],
  [
    14.837,
    -23.4235
  ],
  [
    14.849,
    -23.4198
  ],
  [
    14.877,
    -23.4154
  ],
  [
    14.886,
    -23.4125
  ],
  [
    14.915,
    -23.4068
  ],
  [
    14.922,
    -23.4033
  ],
  [
    14.939,
    -23.4
  ],
  [
    14.953,
    -23.4045
  ],
  [
    14.978,
    -23.4146
  ],
  [
    14.99,
    -23.4157
  ],
  [
    15.006,
    -23.418
  ],
  [
    15.031,
    -23.4159
  ],
  [
    15.043,
    -23.4098
  ],
  [
    15.07,
    -23.4102
  ],
  [
    15.079,
    -23.4064
  ],
  [
    15.11,
    -23.403
  ],
  [
    15.118,
    -23.4023
  ],
  [
    15.132,
    -23.401
  ],
  [
    15.159,
    -23.4046
  ],
  [
    15.171,
    -23.4054
  ],
  [
    15.201,
    -23.405
  ],
  [
    15.21,
    -23.4047
  ],
  [
    15.239,
    -23.4008
  ],
  [
    15.253,
    -23.4003
  ],
  [
    15.261,
    -23.4011
  ],
  [
    15.29,
    -23.4037
  ],
  [
    15.315,
    -23.3955
  ],
  [
    15.324,
    -23.3932
  ],
  [
    15.352,
    -23.3964
  ],
  [
    15.358,
    -23.3988
  ],
  [
    15.382,
    -23.4065
  ],
  [
    15.396,
    -23.4031
  ],
  [
    15.421,
    -23.4042
  ],
  [
    15.432,
    -23.4011
  ],
  [
    15.46,
    -23.3907
  ],
  [
    15.47,
    -23.3879
  ],
  [
    15.495,
    -23.3932
  ],
  [
    15.508,
    -23.3915
  ],
  [
    15.536,
    -23.392
  ],
  [
    15.563,
    0.0
  ],
  [
    15.574,
    -0.987
  ],
  [
    15.591,
    -2.0437
  ],
  [
    15.61,
    -3.2697
  ],
  [
    15.624,
    -4.7692
  ],
  [
    15.656,
    -6.9983
  ],
  [
    15.666,
    -7.8095
  ],
  [
    15.694,
    -9.9278
  ],
  [
    15.713,
    -11.0092
  ],
  [
    15.739,
    -13.3061
  ],
  [
    15.747,
    -14.0678
  ],
  [
    15.78,
    -16.1562
  ],
  [
    15.79,
    -17.1414
  ],
  [
    15.821,
    -19.3702
  ],
  [
    15.831,
    -20.2196
  ],
  [
    15.847,
    -21.272
  ],
  [
    15.875,
    -23.4503
  ],
  [
    15.884,
    -24.2948
  ],
  [
    15.915,
    -26.4379
  ],
  [
    15.93,
    -27.5292
  ],
  [
    15.945,
    -28.6338
  ],
  [
    15.961,
    -29.8119
  ],
  [
    15.976,
    -30.0
  ],
  [
    16.011,
    -30.0
  ],
  [
    16.02,
    -30.0
  ],
  [
    16.033,
    -30.0
  ],
  [
    16.061,
    -30.0
  ],
  [
    16.082,
    -30.0
  ],
  [
    16.093,
    -30.0
  ],
  [
    16.11,
    -30.0
  ],
  [
    16.125,
    -30.0
  ],
  [
    16.143,
    -30.0
  ],
  [
    16.157,
    -30.0
  ],
  [
    16.174,
    -30.0
  ],
  [
    16.2,
    -30.0
  ],
  [
    16.215,
    -30.0
  ],
  [
    16.231,
    -30.0
  ],
  [
    16.245,
    -30.0
  ],
  [
    16.277,
    -30.0
  ],
  [
    16.287,
    -30.0
  ],
  [
    16.318,
    -30.0
  ],
  [
    16.331,
    -30.0
  ],
  [
    16.346,
    -30.0
  ],
  [
    16.381,
    -30.0
  ],
  [
    16.391,
    -30.0
  ],
  [
    16.413,
    -30.0
  ],
  [
    16.428,
    -30.0
  ],
  [
    16.463,
    -30.0
  ],
  [
    16.473,
    -30.0
  ],
  [
    16.489,
    -30.0
  ],
  [
    16.506,
    -30.0
  ],
  [
    16.519,
    -30.0
  ],
  [
    16.538,
    -30.0
  ],
  [
    16.558,
    -30.0
  ],
  [
    16.573,
    -30.0
  ],
  [
    16.588,
    -30.0
  ],
  [
    16.604,
    -28.5
  ],
  [
    16.636,
    -27.0
  ],
  [
    16.645,
    -25.5
  ],
  [
    16.66,
    -24.0
  ],
  [
    16.69,
    -22.5
  ],
  [
    16.7,
    -21.0
  ],
  [
    16.716,
    -19.5
  ],
  [
    16.749,
    -18.0
  ],
  [
    16.756,
    -16.5
  ],
  [
    16.787,
    -15.0
  ],
  [
    16.797,
    -13.5
  ],
  [
    16.812,
    -12.0
  ],
  [
    16.847,
    -10.5
  ],
  [
    16.858,
    -9.0
  ],
  [
    16.875,
    -7.5
  ],
  [
    16.904,
    -6.0
  ],
  [
    16.918,
    -4.5
  ],
  [
    16.936,
    -3.0
  ],
  [
    16.949,
    -1.5
  ],
  [
    16.967,
    0.0
  ],
  [
    16.981,
    1.3674
  ],
  [
    17.018,
    3.559
  ],
  [
    17.023,
    4.5005
  ],
  [
    17.038,
    5.2982
  ],
  [
    17.061,
    7.1195
  ],
  [
    17.076,
    7.8081
  ],
  [
    17.103,
    9.609
  ],
  [
    17.115,
    10.3045
  ],
  [
    17.143,
    11.85
  ],
  [
    17.153,
    12.5303
  ],
  [
    17.182,
    14.2054
  ],
  [
    17.193,
    14.8001
  ],
  [
    17.208,
    15.6753
  ],
  [
    17.237,
    17.1845
  ],
  [
    17.247,
    17.826
  ],
  [
    17.261,
    18.5278
  ],
  [
    17.289,
    20.0188
  ],
  [
    17.298,
    20.5491
  ],
  [
    17.325,
    21.7889
  ],
  [
    17.342,
    22.433
  ],
  [
    17.355,
    23.1792
  ],
  [
    17.373,
    23.6075
  ],
  [
    17.405,
    23.6076
  ],
  [
    17.414,
    23.6073
  ],
  [
    17.444,
    23.6067
  ],
  [
    17.457,
    23.6063
  ],
  [
    17.469,
    23.6053
  ],
  [
    17.506,
    23.6016
  ],
  [
    17.519,
    23.5962
  ],
  [
    17.549,
    23.5585
  ],
  [
    17.56,
    23.5514
  ],
  [
    17.575,
    23.532
  ],
  [
    17.607,
    23.5224
  ],
  [
    17.616,
    23.5186
  ],
  [
    17.643,
    23.508
  ],
  [
    17.654,
    23.484
  ],
  [
    17.67,
    23.4806
  ],
  [
    17.685,
    23.4807
  ],
  [
    17.714,
    23.4823
  ],
  [
    17.723,
    23.4737
  ],
  [
    17.75,
    23.4575
  ],
  [
    17.762,
    23.4582
  ],
  [
    17.776,
    23.457
  ],
  [
    17.79,
    23.4584
  ],
  [
    17.808,
    23.4591
  ],
  [
    17.837,
    23.4605
  ],
  [
    17.846,
    23.4535
  ],
  [
    17.862,
    23.4479
  ],
  [
    17.891,
    23.4507
  ],
  [
    17.901,
    23.4501
  ],
  [
    17.932,
    23.4378
  ],
  [
    17.941,
    23.4372
  ],
  [
    17.961,
    23.4349
  ],
  [
    17.975,
    23.4348
  ],
  [
    18.003,
    23.4344
  ],
  [
    18.013,
    23.434
  ],
  [
    18.03,
    23.4305
  ],
  [
    18.057,
    23.43
  ],
  [
    18.067,
    23.4302
  ],
  [
    18.095,
    23.417
  ],
  [
    18.12,
    23.4076
  ],
  [
    18.131,
    23.4012
  ],
  [
    18.16,
    23.379
  ],
  [
    18.17,
    23.3784
  ],
  [
    18.2,
    23.3797
  ],
  [
    18.212,
    23.3792
  ],
  [
    18.24,
    23.3814
  ],
  [
    18.251,
    23.3787
  ],
  [
    18.279,
    23.3768
  ],
  [
    18.289,
    23.3748
  ],
  [
    18.317,
    23.3688
  ],
  [
    18.328,
    23.3659
  ],
  [
    18.361,
    23.3583
  ],
  [
    18.372,
    23.3593
  ],
  [
    18.384,
    23.361
  ],
  [
    18.415,
    23.3554
  ],
  [
    18.424,
    23.3544
  ],
  [
    18.454,
    23.3493
  ],
  [
    18.466,
    23.3484
  ],
  [
    18.495,
    23.3408
  ],
  [
    18.503,
    23.3347
  ],
  [
    18.531,
    23.3311
  ],
  [
    18.546,
    23.3254
  ],
  [
    18.558,
    23.3234
  ],
  [
    18.571,
    23.3243
  ],
  [
    18.586,
    23.3258
  ],
  [
    18.616,
    23.3298
  ],
  [
    18.622,
    23.3291
  ],
  [
    18.64,
    23.3267
  ],
  [
    18.655,
    23.3268
  ],
  [
    18.683,
    23.3278
  ],
  [
    18.692,
    23.32
  ],
  [
    18.709,
    23.3064
  ],
  [
    18.736,
    23.3
  ],
  [
    18.746,
    23.2964
  ],
  [
    18.776,
    23.2899
  ],
  [
    18.786,
    23.2871
  ],
  [
    18.816,
    23.2877
  ],
  [
    18.825,
    23.2852
  ],
  [
    18.853,
    23.2787
  ],
  [
    18.863,
    23.2743
  ],
  [
    18.877,
    23.2695
  ],
  [
    18.896,
    23.2707
  ],
  [
    18.911,
    23.2724
  ],
  [
    18.927,
    23.2762
  ],
  [
    18.955,
    23.279
  ],
  [
    18.966,
    23.2749
  ],
  [
    18.997,
    23.2704
  ],
  [
    19.008,
    23.2711
  ],
  [
    19.037,
    23.2705
  ],
  [
    19.045,
    23.2646
  ],
  [
    19.076,
    23.2574
  ],
  [
    19.086,
    23.2568
  ],
  [
    19.113,
    23.2545
  ],
  [
    19.123,
    23.2503
  ],
  [
    19.154,
    23.244
  ],
  [
    19.164,
    23.2427
  ],
  [
    19.192,
    23.2433
  ],
  [
    19.201,
    23.2402
  ],
  [
    19.23,
    23.232
  ],
  [
    19.242,
    23.2299
  ],
  [
    19.27,
    23.23
  ],
  [
    19.278,
    23.2255
  ],
  [
    19.311,
    23.2227
  ],
  [
    19.318,
    23.2238
  ],
  [
    19.333,
    23.2249
  ],
  [
    19.36,
    23.2338
  ],
  [
    19.372,
    23.23
  ],
  [
    19.398,
    23.2216
  ],
  [
    19.408,
    23.217
  ],
  [
    19.437,
    23.2134
  ],
  [
    19.446,
    23.2112
  ],
  [
    19.474,
    23.2064
  ],
  [
    19.484,
    23.2045
  ],
  [
    19.498,
    23.2031
  ],
  [
    19.518,
    23.2036
  ],
  [
    19.543,
    23.2085
  ],
  [
    19.553,
    23.2023
  ],
  [
    19.577,
    23.1994
  ],
  [
    19.596,
    23.1964
  ],
  [
    19.609,
    23.1945
  ],
  [
    19.622,
    23.1992
  ],
  [
    19.65,
    23.2016
  ],
  [
    19.658,
    23.1963
  ],
  [
    19.674,
    23.1916
  ],
  [
    19.704,
    23.1969
  ],
  [
    19.711,
    23.1959
  ],
  [
    19.728,
    23.1945
  ],
  [
    19.755,
    23.1953
  ],
  [
    19.769,
    23.1919
  ],
  [
    19.781,
    23.186
  ],
  [
    19.794,
    23.1872
  ],
  [
    19.823,
    23.1916
  ],
  [
    19.832,
    23.1895
  ],
  [
    19.846,
    23.1828
  ],
  [
    19.875,
    23.1831
  ],
  [
    19.883,
    23.1812
  ],
  [
    19.899,
    23.1773
  ],
  [
    19.924,
    23.1785
  ],
  [
    19.943,
    23.1876
  ],
  [
    19.955,
    23.1929
  ],
  [
    19.973,
    23.1971
  ],
  [
    19.996,
    23.2025
  ],
  [
    20.017,
    23.2096
  ],
  [
    20.042,
    23.2147
  ],
  [
    20.06,
    23.2196
  ],
  [
    20.078,
    23.2246
  ],
  [
    20.103,
    23.2301
  ],
  [
    20.123,
    23.2334
  ],
  [
    20.141,
    23.2326
  ],
  [
    20.165,
    23.2326
  ],
  [
    20.192,
    23.2371
  ],
  [
    20.206,
    23.24
  ],
  [
    20.228,
    23.2437
  ],
  [
    20.247,
    23.2455
  ],
  [
    20.267,
    23.245
  ],
  [
    20.289,
    23.2697
  ],
  [
    20.309,
    23.4568
  ],
  [
    20.326,
    23.6161
  ],
  [
    20.347,
    23.6193
  ],
  [
    20.365,
    23.6193
  ],
  [
    20.38,
    23.6193
  ],
  [
    20.398,
    23.6194
  ],
  [
    20.418,
    23.6194
  ],
  [
    20.436,
    23.6194
  ],
  [
    20.453,
    23.6194
  ],
  [
    20.475,
    23.6194
  ],
  [
    20.495,
    23.6194
  ],
  [
    20.516,
    23.6194
  ],
  [
    20.539,
    23.6194
  ],
  [
    20.563,
    23.6194
  ],
  [
    20.579,
    23.6194
  ],
  [
    20.595,
    23.6194
  ],
  [
    20.616,
    23.6194
  ],
  [
    20.631,
    23.6194
  ],
  [
    20.648,
    23.6194
  ],
  [
    20.665,
    23.6194
  ],
  [
    20.682,
    23.6194
  ],
  [
    20.712,
    23.6194
  ],
  [
    20.723,
    23.6194
  ],
  [
    20.75,
    23.6194
  ],
  [
    20.76,
    23.6194
  ],
  [
    20.787,
    23.6194
  ],
  [
    20.8,
    23.6194
  ],
  [
    20.829,
    23.6194
  ],
  [
    20.84,
    23.6194
  ],
  [
    20.854,
    23.6194
  ],
  [
    20.881,
    23.6194
  ],
  [
    20.891,
    23.6194
  ],
  [
    20.906,
    23.6194
  ],
  [
    20.934,
    23.6194
  ],
  [
    20.957,
    23.6194
  ],
  [
    20.969,
    23.6194
  ],
  [
    20.986,
    23.6194
  ],
  [
    21.016,
    23.6194
  ],
  [
    21.03,
    23.6194
  ],
  [
    21.058,
    23.6194
  ],
  [
    21.071,
    23.6194
  ],
  [
    21.091,
    23.6194
  ],
  [
    21.113,
    23.6194
  ],
  [
    21.144,
    23.6194
  ],
  [
    21.16,
    23.6194
  ],
  [
    21.181,
    23.6194
  ],
  [
    21.197,
    23.6194
  ],
  [
    21.215,
    23.6194
  ],
  [
    21.232,
    23.6194
  ],
  [
    21.25,
    23.6194
  ],
  [
    21.271,
    23.6194
  ],
  [
    21.29,
    23.6194
  ],
  [
    21.312,
    21.6651
  ],
  [
    21.333,
    19.6152
  ],
  [
    21.352,
    17.2474
  ],
  [
    21.372,
    15.2702
  ],
  [
    21.395,
    12.98
  ],
  [
    21.408,
    11.0099
  ],
  [
    21.43,
    8.5671
  ],
  [
    21.445,
    6.0232
  ],
  [
    21.465,
    3.7824
  ],
  [
    21.484,
    0.9732
  ],
  [
    21.498,
    -0.8267
  ],
  [
    21.52,
    -2.2118
  ],
  [
    21.538,
    -3.7534
  ],
  [
    21.557,
    -5.2362
  ],
  [
    21.576,
    -6.6082
  ],
  [
    21.598,
    -7.9795
  ],
  [
    21.623,
    -9.5977
  ],
  [
    21.643,
    -11.0772
  ],
  [
    21.663,
    -12.6935
  ],
  [
    21.68,
    -14.2607
  ],
  [
    21.698,
    -15.8563
  ],
  [
    21.716,
    -17.2231
  ],
  [
    21.742,
    -18.5349
  ],
  [
    21.759,
    -20.0171
  ],
  [
    21.781,
    -21.3604
  ],
  [
    21.794,
    -22.8459
  ],
  [
    21.818,
    -24.3758
  ],
  [
    21.837,
    -25.8398
  ],
  [
    21.848,
    -27.2315
  ],
  [
    21.865,
    -28.4667
  ],
  [
    21.88,
    -29.6514
  ],
  [
    21.908,
    -30.0
  ],
  [
    21.916,
    -30.0
  ],
  [
    21.944,
    -30.0
  ],
  [
    21.954,
    -30.0
  ],
  [
    21.982,
    -30.0
  ],
  [
    21.99,
    -30.0
  ],
  [
    22.018,
    -30.0
  ],
  [
    22.026,
    -30.0
  ],
  [
    22.056,
    -30.0
  ],
  [
    22.064,
    -30.0
  ],
  [
    22.093,
    -30.0
  ],
  [
    22.102,
    -30.0
  ],
  [
    22.115,
    -30.0
  ],
  [
    22.143,
    -30.0
  ],
  [
    22.152,
    -30.0
  ],
  [
    22.178,
    -30.0
  ],
  [
    22.186,
    -30.0
  ],
  [
    22.212,
    -30.0
  ],
  [
    22.222,
    -30.0
  ],
  [
    22.237,
    -30.0
  ],
  [
    22.262,
    -30.0
  ],
  [
    22.277,
    -30.0
  ],
  [
    22.302,
    -29.9963
  ],
  [
    22.31,
    -29.9955
  ],
  [
    22.324,
    -29.9941
  ],
  [
    22.352,
    -29.9867
  ],
  [
    22.36,
    -29.9929
  ],
  [
    22.377,
    -29.9924
  ],
  [
    22.405,
    -29.9881
  ],
  [
    22.414,
    -29.9834
  ],
  [
    22.443,
    -29.9815
  ],
  [
    22.451,
    -29.9815
  ],
  [
    22.478,
    -29.9794
  ],
  [
    22.489,
    -29.9778
  ],
  [
    22.518,
    -29.97
  ],
  [
    22.526,
    -29.9646
  ],
  [
    22.543,
    -29.9669
  ],
  [
    22.561,
    -29.9823
  ],
  [
    22.587,
    -29.9546
  ],
  [
    22.595,
    -29.936
  ],
  [
    22.608,
    -29.9355
  ],
  [
    22.64,
    -29.917
  ],
  [
    22.654,
    -29.927
  ],
  [
    22.667,
    -29.8999
  ],
  [
    22.694,
    -29.8835
  ],
  [
    22.702,
    -29.8771
  ],
  [
    22.729,
    -29.858
  ],
  [
    22.743,
    -29.8549
  ],
  [
    22.756,
    -29.845
  ],
  [
    22.773,
    -29.8512
  ],
  [
    22.8,
    -29.8418
  ],
  [
    22.811,
    -29.8245
  ],
  [
    22.824,
    -29.818
  ],
  [
    22.853,
    -29.7983
  ],
  [
    22.858,
    -29.8049
  ],
  [
    22.883,
    -29.7764
  ],
  [
    22.894,
    -29.7844
  ],
  [
    22.92,
    -29.7696
  ],
  [
    22.931,
    -29.7671
  ],
  [
    22.943,
    -29.757
  ],
  [
    22.974,
    -29.7481
  ],
  [
    22.983,
    -29.7447
  ],
  [
    23.012,
    -29.734
  ],
  [
    23.022,
    -29.7359
  ],
  [
    23.045,
    -29.7207
  ],
  [
    23.058,
    -29.7164
  ],
  [
    23.073,
    -29.701
  ],
  [
    23.112,
    -29.6933
  ],
  [
    23.123,
    -29.7067
  ],
  [
    23.14,
    -29.7004
  ],
  [
    23.159,
    -29.704
  ],
  [
    23.177,
    -29.7057
  ],
  [
    23.19,
    -29.6994
  ],
  [
    23.204,
    -29.6854
  ],
  [
    23.234,
    -29.6817
  ],
  [
    23.242,
    -29.6705
  ],
  [
    23.266,
    -29.6643
  ],
  [
    23.277,
    -29.6547
  ],
  [
    23.306,
    -29.6512
  ],
  [
    23.314,
    -29.6452
  ],
  [
    23.328,
    -29.6399
  ],
  [
    23.356,
    -29.6385
  ],
  [
    23.365,
    -29.6264
  ],
  [
    23.394,
    -29.6215
  ],
  [
    23.403,
    -29.6198
  ],
  [
    23.43,
    -29.6125
  ],
  [
    23.44,
    -29.6058
  ],
  [
    23.466,
    -29.6053
  ],
  [
    23.475,
    -29.5784
  ],
  [
    23.501,
    -29.5751
  ],
  [
    23.515,
    -29.5733
  ],
  [
    23.537,
    -29.5664
  ],
  [
    23.546,
    -29.5877
  ],
  [
    23.574,
    -29.5839
  ],
  [
    23.585,
    -29.5722
  ],
  [
    23.611,
    -29.5718
  ],
  [
    23.621,
    -29.5707
  ],
  [
    23.651,
    -29.5684
  ],
  [
    23.663,
    -29.5634
  ],
  [
    23.688,
    -29.5636
  ],
  [
    23.7,
    -29.5586
  ],
  [
    23.723,
    -29.5638
  ],
  [
    23.737,
    -29.5365
  ],
  [
    23.755,
    -29.5384
  ],
  [
    23.786,
    -29.5403
  ],
  [
    23.796,
    -29.5408
  ],
  [
    23.813,
    -29.5419
  ],
  [
    23.828,
    -29.5332
  ],
  [
    23.84,
    -29.5403
  ],
  [
    23.869,
    -29.5399
  ],
  [
    23.878,
    -29.5419
  ],
  [
    23.912,
    -29.5373
  ],
  [
    23.921,
    -29.5337
  ],
  [
    23.954,
    -29.5385
  ],
  [
    23.964,
    -29.5449
  ],
  [
    23.985,
    -29.5454
  ],
  [
    24.0,
    -28.0732
  ],
  [
    24.025,
    -24.1358
  ],
  [
    24.037,
    -22.7973
  ],
  [
    24.066,
    -19.2685
  ],
  [
    24.08,
    -17.1158
  ],
  [
    24.093,
    -14.5957
  ],
  [
    24.12,
    -12.381
  ],
  [
    24.134,
    -8.4113
  ],
  [
    24.16,
    -4.4278
  ],
  [
    24.173,
    -2.7661
  ],
  [
    24.187,
    -0.2918
  ],
  [
    24.214,
    0.0
  ],
  [
    24.225,
    0.0
  ],
  [
    24.238,
    0.0
  ],
  [
    24.251,
    0.0
  ],
  [
    24.283,
    0.0
  ],
  [
    24.292,
    0.0
  ],
  [
    24.33,
    0.0
  ],
  [
    24.338,
    0.0
  ],
  [
    24.355,
    0.0
  ],
  [
    24.373,
    0.0
  ],
  [
    24.391,
    0.0
  ],
  [
    24.409,
    0.0
  ],
  [
    24.425,
    0.0
  ],
  [
    24.443,
    0.0
  ],
  [
    24.46,
    0.0
  ],
  [
    24.478,
    0.0
  ],
  [
    24.498,
    0.0
  ],
  [
    24.528,
    0.0
  ],
  [
    24.538,
    0.0
  ],
  [
    24.571,
    0.0
  ],
  [
    24.592,
    0.0
  ],
  [
    24.61,
    0.0
  ],
  [
    24.624,
    0.0
  ],
  [
    24.637,
    0.0
  ],
  [
    24.652,
    0.0
  ],
  [
    24.668,
    0.0
  ],
  [
    24.681,
    0.0
  ],
  [
    24.7,
    0.0
  ],
  [
    24.728,
    0.0
  ],
  [
    24.75,
    0.0
  ],
  [
    24.761,
    0.0
  ],
  [
    24.775,
    0.0
  ],
  [
    24.804,
    0.0
  ],
  [
    24.818,
    0.0
  ],
  [
    24.832,
    0.0
  ],
  [
    24.85,
    0.0
  ],
  [
    24.864,
    0.0
  ],
  [
    24.879,
    0.0
  ],
  [
    24.91,
    0.0
  ],
  [
    24.923,
    0.0
  ],
  [
    24.935,
    0.0
  ],
  [
    24.962,
    0.0
  ],
  [
    24.976,
    0.0
  ],
  [
    24.992,
    0.0
  ],
  [
    25.005,
    0.0
  ],
  [
    25.034,
    0.0
  ],
  [
    25.046,
    0.0
  ],
  [
    25.063,
    0.0
  ],
  [
    25.078,
    0.0
  ],
  [
    25.095,
    0.0
  ],
  [
    25.11,
    0.0
  ],
  [
    25.14,
    0.0
  ],
  [
    25.153,
    0.0
  ],
  [
    25.185,
    0.0
  ],
  [
    25.201,
    0.0
  ],
  [
    25.212,
    0.0
  ],
  [
    25.242,
    0.0
  ],
  [
    25.255,
    0.0
  ],
  [
    25.273,
    0.0
  ],
  [
    25.286,
    0.0
  ],
  [
    25.315,
    0.0
  ],
  [
    25.331,
    0.0
  ],
  [
    25.345,
    0.0
  ],
  [
    25.376,
    0.0
  ],
  [
    25.391,
    0.0
  ],
  [
    25.405,
    0.0
  ],
  [
    25.418,
    0.0
  ],
  [
    25.445,
    0.0
  ],
  [
    25.454,
    0.0
  ],
  [
    25.47,
    0.0
  ],
  [
    25.501,
    0.0
  ],
  [
    25.513,
    0.0
  ],
  [
    25.527,
    0.0
  ],
  [
    25.539,
    0.0
  ],
  [
    25.569,
    0.0
  ],
  [
    25.577,
    0.0
  ],
  [
    25.604,
    0.0
  ],
  [
    25.613,
    0.0
  ],
  [
    25.641,
    0.0
  ],
  [
    25.652,
    0.0
  ],
  [
    25.667,
    0.0
  ],
  [
    25.683,
    0.0
  ],
  [
    25.714,
    0.0
  ],
  [
    25.722,
    0.0
  ],
  [
    25.751,
    0.0
  ],
  [
    25.759,
    0.0
  ],
  [
    25.773,
    0.0
  ],
  [
    25.787,
    0.0
  ],
  [
    25.813,
    0.0
  ],
  [
    25.831,
    0.0
  ],
  [
    25.842,
    0.0
  ],
  [
    25.872,
    0.0
  ],
  [
    25.879,
    0.0
  ],
  [
    25.894,
    0.0
  ],
  [
    25.911,
    0.0
  ],
  [
    25.948,
    0.0
  ],
  [
    25.956,
    0.0
  ],
  [
    25.988,
    0.0
  ],
  [
    25.999,
    0.0
  ],
  [
    26.014,
    0.0
  ],
  [
    26.043,
    0.0
  ],
  [
    26.061,
    0.0
  ],
  [
    26.073,
    0.0
  ],
  [
    26.086,
    0.0
  ],
  [
    26.118,
    0.0
  ],
  [
    26.135,
    0.0
  ],
  [
    26.15,
    0.0
  ],
  [
    26.166,
    0.0
  ],
  [
    26.181,
    0.0
  ],
  [
    26.198,
    0.0
  ],
  [
    26.229,
    0.0
  ],
  [
    26.239,
    0.0
  ],
  [
    26.253,
    0.0
  ],
  [
    26.284,
    0.0
  ],
  [
    26.291,
    0.0
  ],
  [
    26.321,
    0.0
  ],
  [
    26.331,
    0.0
  ],
  [
    26.345,
    0.0
  ],
  [
    26.374,
    0.0
  ],
  [
    26.383,
    0.0
  ],
  [
    26.398,
    0.0
  ],
  [
    26.426,
    0.0
  ],
  [
    26.436,
    0.0
  ],
  [
    26.452,
    0.0
  ],
  [
    26.465,
    0.0
  ],
  [
    26.499,
    0.0
  ],
  [
    26.517,
    0.0
  ],
  [
    26.524,
    0.0
  ],
  [
    26.55,
    0.0
  ],
  [
    26.562,
    0.0
  ],
  [
    26.589,
    0.0
  ],
  [
    26.6,
    0.0
  ],
  [
    26.611,
    0.0
  ],
  [
    26.627,
    0.0
  ],
  [
    26.656,
    0.0
  ],
  [
    26.67,
    0.0
  ],
  [
    26.68,
    0.0
  ],
  [
    26.721,
    0.0
  ],
  [
    26.728,
    0.0
  ],
  [
    26.742,
    0.0
  ],
  [
    26.772,
    0.0
  ],
  [
    26.784,
    0.0
  ],
  [
    26.798,
    0.0
  ],
  [
    26.828,
    0.0
  ],
  [
    26.838,
    0.0
  ],
  [
    26.867,
    0.0
  ],
  [
    26.875,
    0.0
  ],
  [
    26.903,
    0.0
  ],
  [
    26.919,
    0.0
  ],
  [
    26.933,
    0.0
  ],
  [
    26.948,
    0.0
  ],
  [
    26.963,
    0.0
  ],
  [
    26.996,
    0.0
  ],
  [
    27.012,
    0.0
  ],
  [
    27.021,
    0.0
  ],
  [
    27.038,
    0.0
  ],
  [
    27.056,
    0.0
  ],
  [
    27.073,
    0.0
  ],
  [
    27.087,
    0.0
  ],
  [
    27.12,
    0.0
  ],
  [
    27.128,
    0.0
  ],
  [
    27.144,
    0.0
  ],
  [
    27.171,
    0.0
  ],
  [
    27.184,
    0.0
  ],
  [
    27.216,
    0.0
  ],
  [
    27.226,
    0.0
  ],
  [
    27.254,
    0.0
  ],
  [
    27.268,
    0.0
  ],
  [
    27.278,
    0.0
  ],
  [
    27.308,
    0.0
  ],
  [
    27.319,
    0.0
  ],
  [
    27.348,
    0.0
  ],
  [
    27.357,
    0.0
  ],
  [
    27.385,
    0.0
  ],
  [
    27.396,
    0.0
  ],
  [
    27.413,
    0.0
  ],
  [
    27.429,
    0.0
  ],
  [
    27.444,
    0.0
  ],
  [
    27.474,
    0.0
  ],
  [
    27.486,
    0.0
  ],
  [
    27.516,
    0.0
  ],
  [
    27.526,
    0.0
  ],
  [
    27.557,
    0.0
  ],
  [
    27.572,
    0.0
  ],
  [
    27.603,
    0.0
  ],
  [
    27.62,
    0.0
  ],
  [
    27.636,
    0.0
  ],
  [
    27.651,
    0.0
  ],
  [
    27.664,
    0.0
  ],
  [
    27.698,
    0.0
  ],
  [
    27.712,
    0.0
  ],
  [
    27.727,
    0.0
  ],
  [
    27.76,
    0.0
  ],
  [
    27.772,
    0.0
  ],
  [
    27.805,
    0.0
  ],
  [
    27.814,
    0.0
  ],
  [
    27.833,
    0.0
  ],
  [
    27.848,
    0.0
  ],
  [
    27.865,
    0.0
  ],
  [
    27.879,
    0.0
  ],
  [
    27.913,
    0.0
  ],
  [
    27.923,
    0.0
  ],
  [
    27.939,
    0.0
  ],
  [
    27.955,
    0.0
  ],
  [
    27.971,
    0.0
  ],
  [
    28.003,
    0.0
  ],
  [
    28.014,
    0.0
  ],
  [
    28.048,
    0.0
  ],
  [
    28.07,
    0.0
  ],
  [
    28.08,
    0.0
  ],
  [
    28.095,
    0.0
  ],
  [
    28.127,
    0.0
  ],
  [
    28.138,
    0.0
  ],
  [
    28.17,
    0.0
  ],
  [
    28.178,
    0.0
  ],
  [
    28.204,
    0.0
  ],
  [
    28.22,
    0.0
  ],
  [
    28.234,
    0.0
  ],
  [
    28.246,
    0.0
  ],
  [
    28.263,
    0.0
  ],
  [
    28.288,
    0.0
  ],
  [
    28.303,
    0.0
  ],
  [
    28.316,
    0.0
  ],
  [
    28.341,
    0.0
  ],
  [
    28.355,
    0.0
  ],
  [
    28.372,
    0.0
  ],
  [
    28.4,
    0.0
  ],
  [
    28.41,
    0.0
  ],
  [
    28.427,
    0.0
  ],
  [
    28.441,
    0.0
  ],
  [
    28.471,
    0.0
  ],
  [
    28.481,
    0.0
  ],
  [
    28.514,
    0.0
  ],
  [
    28.53,
    0.0
  ],
  [
    28.541,
    0.0
  ],
  [
    28.56,
    0.0
  ],
  [
    28.573,
    0.0
  ],
  [
    28.602,
    0.0
  ],
  [
    28.616,
    0.0
  ],
  [
    28.638,
    0.0
  ],
  [
    28.657,
    0.0
  ],
  [
    28.678,
    0.0
  ],
  [
    28.687,
    0.0
  ],
  [
    28.707,
    0.0
  ],
  [
    28.723,
    0.0
  ],
  [
    28.741,
    0.0
  ],
  [
    28.756,
    0.0
  ],
  [
    28.774,
    0.0
  ],
  [
    28.794,
    0.0
  ],
  [
    28.811,
    0.0
  ],
  [
    28.827,
    0.0
  ],
  [
    28.845,
    0.0
  ],
  [
    28.863,
    0.0
  ],
  [
    28.879,
    0.0
  ],
  [
    28.891,
    0.0
  ],
  [
    28.91,
    0.0
  ],
  [
    28.93,
    0.0
  ],
  [
    28.948,
    0.0
  ],
  [
    28.963,
    0.0
  ],
  [
    28.979,
    0.0
  ],
  [
    28.998,
    0.0
  ],
  [
    29.016,
    0.0
  ],
  [
    29.034,
    0.0
  ],
  [
    29.05,
    0.0
  ],
  [
    29.066,
    0.0
  ],
  [
    29.081,
    0.0
  ],
  [
    29.098,
    0.0
  ],
  [
    29.127,
    0.0
  ],
  [
    29.14,
    0.0
  ],
  [
    29.156,
    0.0
  ],
  [
    29.169,
    0.0
  ],
  [
    29.183,
    0.0
  ],
  [
    29.212,
    0.0
  ],
  [
    29.22,
    0.0
  ],
  [
    29.253,
    0.0
  ],
  [
    29.263,
    0.0
  ],
  [
    29.297,
    0.0
  ],
  [
    29.307,
    0.0
  ],
  [
    29.328,
    0.0
  ],
  [
    29.348,
    0.0
  ],
  [
    29.361,
    0.0
  ],
  [
    29.376,
    0.0
  ],
  [
    29.403,
    0.0
  ],
  [
    29.414,
    0.0
  ],
  [
    29.439,
    0.0
  ],
  [
    29.449,
    0.0
  ],
  [
    29.478,
    0.0
  ],
  [
    29.489,
    0.0
  ],
  [
    29.506,
    0.0
  ],
  [
    29.521,
    0.0
  ],
  [
    29.536,
    0.0
  ],
  [
    29.567,
    0.0
  ],
  [
    29.578,
    0.0
  ],
  [
    29.589,
    0.0
  ],
  [
    29.619,
    0.0
  ],
  [
    29.634,
    0.0
  ],
  [
    29.643,
    0.0
  ],
  [
    29.673,
    0.0
  ],
  [
    29.69,
    0.0
  ],
  [
    29.701,
    0.0
  ],
  [
    29.716,
    0.0
  ],
  [
    29.746,
    0.0
  ],
  [
    29.758,
    0.0
  ],
  [
    29.788,
    0.0
  ],
  [
    29.797,
    0.0
  ],
  [
    29.824,
    0.0
  ],
  [
    29.834,
    0.0
  ],
  [
    29.863,
    0.0
  ],
  [
    29.873,
    0.0
  ],
  [
    29.888,
    0.0
  ],
  [
    29.903,
    0.0
  ],
  [
    29.935,
    0.0
  ],
  [
    29.952,
    0.0
  ],
  [
    29.969,
    0.0
  ],
  [
    29.981,
    0.0
  ],
  [
    29.997,
    0.0
  ],
  [
    30.014,
    0.0
  ],
  [
    30.045,
    0.0
  ],
  [
    30.057,
    0.0
  ],
  [
    30.076,
    0.0
  ],
  [
    30.103,
    0.0
  ],
  [
    30.112,
    0.0
  ],
  [
    30.138,
    0.0
  ],
  [
    30.147,
    0.0
  ],
  [
    30.164,
    0.0
  ],
  [
    30.18,
    0.0
  ],
  [
    30.199,
    0.0
  ],
  [
    30.214,
    0.0
  ],
  [
    30.245,
    0.0
  ],
  [
    30.258,
    0.0
  ],
  [
    30.27,
    0.0
  ],
  [
    30.3,
    0.0
  ],
  [
    30.308,
    0.0
  ],
  [
    30.334,
    0.0
  ],
  [
    30.349,
    0.0
  ],
  [
    30.361,
    0.0
  ],
  [
    30.388,
    0.0
  ],
  [
    30.405,
    0.0
  ],
  [
    30.415,
    0.0
  ],
  [
    30.443,
    0.0
  ],
  [
    30.454,
    0.0
  ],
  [
    30.469,
    0.0
  ],
  [
    30.491,
    0.0
  ],
  [
    30.513,
    0.0
  ],
  [
    30.525,
    0.0
  ],
  [
    30.54,
    0.0
  ],
  [
    30.556,
    0.0
  ],
  [
    30.573,
    0.0
  ],
  [
    30.586,
    0.0
  ],
  [
    30.6,
    0.0
  ],
  [
    30.628,
    0.0
  ],
  [
    30.639,
    0.0
  ],
  [
    30.667,
    0.0
  ],
  [
    30.677,
    0.0
  ],
  [
    30.698,
    0.0
  ],
  [
    30.717,
    0.0
  ],
  [
    30.727,
    0.0
  ],
  [
    30.754,
    0.0
  ],
  [
    30.763,
    0.0
  ],
  [
    30.79,
    0.0
  ],
  [
    30.809,
    0.0
  ],
  [
    30.824,
    0.0
  ],
  [
    30.835,
    0.0
  ],
  [
    30.852,
    0.0
  ],
  [
    30.866,
    0.0
  ],
  [
    30.896,
    0.0
  ],
  [
    30.917,
    0.0
  ],
  [
    30.931,
    0.0
  ],
  [
    30.944,
    0.0
  ],
  [
    30.958,
    0.0
  ],
  [
    30.973,
    0.0
  ],
  [
    31.005,
    0.0
  ],
  [
    31.023,
    0.0
  ],
  [
    31.034,
    0.0
  ],
  [
    31.048,
    0.0
  ],
  [
    31.069,
    0.0
  ],
  [
    31.086,
    0.0
  ],
  [
    31.101,
    0.0
  ],
  [
    31.13,
    0.0
  ],
  [
    31.141,
    0.0
  ],
  [
    31.174,
    0.0
  ],
  [
    31.185,
    0.0
  ],
  [
    31.201,
    0.0
  ],
  [
    31.216,
    0.0
  ],
  [
    31.231,
    0.0
  ],
  [
    31.261,
    0.0
  ],
  [
    31.276,
    0.0
  ],
  [
    31.288,
    0.0
  ],
  [
    31.31,
    0.0
  ],
  [
    31.323,
    0.0
  ],
  [
    31.337,
    0.0
  ],
  [
    31.371,
    0.0
  ],
  [
    31.382,
    0.0
  ],
  [
    31.41,
    0.0
  ],
  [
    31.421,
    0.0
  ],
  [
    31.448,
    0.0
  ],
  [
    31.461,
    0.0
  ],
  [
    31.474,
    0.0
  ],
  [
    31.511,
    0.0
  ],
  [
    31.518,
    0.0
  ],
  [
    31.546,
    0.0
  ],
  [
    31.555,
    0.0
  ],
  [
    31.568,
    0.0
  ],
  [
    31.595,
    0.0
  ],
  [
    31.606,
    0.0
  ],
  [
    31.624,
    0.0
  ],
  [
    31.636,
    0.0
  ],
  [
    31.663,
    0.0
  ],
  [
    31.676,
    0.0
  ],
  [
    31.689,
    0.0
  ],
  [
    31.72,
    0.0
  ],
  [
    31.733,
    0.0
  ],
  [
    31.758,
    0.0
  ],
  [
    31.773,
    0.0
  ],
  [
    31.783,
    0.0
  ],
  [
    31.812,
    0.0
  ],
  [
    31.826,
    0.0
  ],
  [
    31.843,
    0.0
  ],
  [
    31.856,
    0.0
  ],
  [
    31.87,
    0.0
  ],
  [
    31.896,
    0.0
  ],
  [
    31.908,
    0.0
  ],
  [
    31.923,
    0.0
  ],
  [
    31.953,
    0.0
  ],
  [
    31.968,
    0.0
  ],
  [
    31.981,
    0.0
  ],
  [
    31.998,
    0.0
  ],
  [
    32.026,
    0.0
  ],
  [
    32.041,
    0.0
  ],
  [
    32.052,
    0.0
  ],
  [
    32.067,
    0.0
  ],
  [
    32.099,
    0.0
  ],
  [
    32.109,
    0.0
  ],
  [
    32.124,
    0.0
  ],
  [
    32.138,
    0.0
  ],
  [
    32.171,
    0.0
  ],
  [
    32.194,
    0.0
  ],
  [
    32.217,
    0.0
  ],
  [
    32.224,
    0.0
  ],
  [
    32.252,
    0.0
  ],
  [
    32.266,
    0.0
  ],
  [
    32.275,
    0.0
  ],
  [
    32.29,
    0.0
  ],
  [
    32.319,
    0.0
  ],
  [
    32.33,
    0.0
  ],
  [
    32.358,
    0.0
  ],
  [
    32.374,
    0.0
  ],
  [
    32.382,
    0.0
  ],
  [
    32.414,
    0.0
  ],
  [
    32.426,
    0.0
  ],
  [
    32.441,
    0.0
  ],
  [
    32.473,
    0.0
  ],
  [
    32.482,
    0.0
  ],
  [
    32.511,
    0.0
  ],
  [
    32.522,
    0.0
  ],
  [
    32.537,
    0.0
  ],
  [
    32.564,
    0.0
  ],
  [
    32.581,
    0.0
  ],
  [
    32.591,
    0.0
  ],
  [
    32.626,
    0.0
  ],
  [
    32.638,
    0.0
  ],
  [
    32.655,
    0.0
  ],
  [
    32.672,
    0.0
  ],
  [
    32.685,
    0.0
  ],
  [
    32.715,
    0.0
  ],
  [
    32.724,
    0.0
  ],
  [
    32.757,
    0.0
  ],
  [
    32.768,
    0.0
  ],
  [
    32.785,
    0.0
  ],
  [
    32.814,
    0.0
  ],
  [
    32.825,
    0.0
  ],
  [
    32.854,
    0.0
  ],
  [
    32.866,
    0.0
  ],
  [
    32.898,
    0.0
  ],
  [
    32.906,
    0.0
  ],
  [
    32.922,
    0.0
  ],
  [
    32.952,
    0.0
  ],
  [
    32.964,
    0.0
  ],
  [
    32.978,
    0.0
  ],
  [
    32.994,
    0.0
  ],
  [
    33.023,
    0.0
  ],
  [
    33.034,
    0.0
  ],
  [
    33.063,
    0.0
  ],
  [
    33.079,
    0.0
  ],
  [
    33.089,
    0.0
  ],
  [
    33.121,
    0.0
  ],
  [
    33.13,
    0.0
  ],
  [
    33.144,
    0.0
  ],
  [
    33.166,
    0.0
  ],
  [
    33.179,
    0.0
  ],
  [
    33.2,
    0.0
  ],
  [
    33.224,
    0.0
  ],
  [
    33.231,
    0.0
  ],
  [
    33.26,
    0.0
  ],
  [
    33.268,
    0.0
  ],
  [
    33.294,
    0.0
  ],
  [
    33.308,
    0.0
  ],
  [
    33.332,
    0.0
  ],
  [
    33.346,
    0.0
  ],
  [
    33.356,
    0.0
  ],
  [
    33.384,
    0.0
  ],
  [
    33.394,
    0.0
  ],
  [
    33.422,
    0.0
  ],
  [
    33.433,
    0.0
  ],
  [
    33.444,
    0.0
  ],
  [
    33.478,
    0.0
  ],
  [
    33.485,
    0.0
  ],
  [
    33.507,
    0.0
  ],
  [
    33.524,
    0.0
  ],
  [
    33.542,
    0.0
  ],
  [
    33.56,
    0.0
  ],
  [
    33.577,
    0.0
  ],
  [
    33.593,
    0.0
  ],
  [
    33.608,
    0.0
  ],
  [
    33.623,
    0.0
  ],
  [
    33.642,
    0.0
  ],
  [
    33.672,
    0.0
  ],
  [
    33.686,
    0.0
  ],
  [
    33.699,
    0.0
  ],
  [
    33.712,
    0.0
  ],
  [
    33.746,
    0.0
  ],
  [
    33.764,
    0.0
  ],
  [
    33.774,
    0.0
  ],
  [
    33.79,
    0.0
  ],
  [
    33.807,
    0.0
  ],
  [
    33.836,
    0.0
  ],
  [
    33.845,
    0.0
  ],
  [
    33.873,
    0.0
  ],
  [
    33.88,
    0.0
  ],
  [
    33.906,
    0.0
  ],
  [
    33.913,
    0.0
  ],
  [
    33.94,
    0.0
  ],
  [
    33.955,
    0.0
  ],
  [
    33.975,
    0.0
  ],
  [
    33.983,
    0.0
  ],
  [
    34.009,
    0.0
  ],
  [
    34.016,
    0.0
  ],
  [
    34.049,
    0.0
  ],
  [
    34.061,
    0.0
  ],
  [
    34.09,
    0.0
  ],
  [
    34.104,
    0.0
  ],
  [
    34.121,
    0.0
  ],
  [
    34.14,
    0.0
  ],
  [
    34.151,
    0.0
  ],
  [
    34.174,
    0.0
  ],
  [
    34.184,
    0.0
  ],
  [
    34.213,
    0.0
  ],
  [
    34.221,
    0.0
  ],
  [
    34.253,
    0.0
  ],
  [
    34.263,
    0.0
  ],
  [
    34.289,
    0.0
  ],
  [
    34.296,
    0.0
  ],
  [
    34.325,
    0.0
  ],
  [
    34.334,
    0.0
  ],
  [
    34.361,
    0.0
  ],
  [
    34.37,
    0.0
  ],
  [
    34.395,
    0.0
  ],
  [
    34.402,
    0.0
  ],
  [
    34.431,
    0.0
  ],
  [
    34.441,
    0.0
  ],
  [
    34.468,
    0.0
  ],
  [
    34.479,
    0.0
  ],
  [
    34.493,
    0.0
  ],
  [
    34.513,
    0.0
  ],
  [
    34.538,
    0.0
  ],
  [
    34.555,
    0.0
  ],
  [
    34.569,
    0.0
  ],
  [
    34.584,
    0.0
  ],
  [
    34.6,
    0.0
  ],
  [
    34.616,
    0.0
  ],
  [
    34.634,
    0.0
  ],
  [
    34.653,
    0.0
  ],
  [
    34.669,
    0.0
  ],
  [
    34.686,
    0.0
  ],
  [
    34.709,
    0.0
  ],
  [
    34.726,
    0.0
  ],
  [
    34.743,
    0.0
  ],
  [
    34.758,
    0.0
  ],
  [
    34.782,
    0.0
  ],
  [
    34.789,
    0.0
  ],
  [
    34.821,
    0.0
  ],
  [
    34.828,
    0.0
  ],
  [
    34.856,
    0.0
  ],
  [
    34.862,
    0.0
  ],
  [
    34.887,
    0.0
  ],
  [
    34.901,
    0.0
  ],
  [
    34.916,
    0.0
  ],
  [
    34.943,
    0.0
  ],
  [
    34.953,
    0.0
  ],
  [
    34.979,
    0.0
  ],
  [
    34.99,
    0.0
  ],
  [
    35.016,
    0.0
  ]
]