# Steering Wheel Angle Log (Actual Physical Angle)
# Start time : 2026-06-13 11:49:54
# End time   : 2026-06-13 11:50:35
# Total time : 40.85 seconds
# Points     : 2177
# Format     : [[elapsed_seconds, wheel_angle_degrees], ...]
[
  [
    0.224,
    0.0
  ],
  [
    0.237,
    0.0
  ],
  [
    0.277,
    0.0
  ],
  [
    0.292,
    0.0
  ],
  [
    0.306,
    0.0
  ],
  [
    0.318,
    0.0
  ],
  [
    0.347,
    0.0
  ],
  [
    0.358,
    0.0
  ],
  [
    0.369,
    0.0
  ],
  [
    0.399,
    0.0
  ],
  [
    0.409,
    0.0
  ],
  [
    0.44,
    0.0
  ],
  [
    0.448,
    0.0
  ],
  [
    0.463,
    0.0
  ],
  [
    0.492,
    0.0
  ],
  [
    0.503,
    0.0
  ],
  [
    0.529,
    0.0
  ],
  [
    0.543,
    0.0
  ],
  [
    0.569,
    0.0
  ],
  [
    0.581,
    0.0
  ],
  [
    0.594,
    0.0
  ],
  [
    0.612,
    0.0
  ],
  [
    0.641,
    0.0
  ],
  [
    0.662,
    0.0
  ],
  [
    0.672,
    0.0
  ],
  [
    0.703,
    0.0
  ],
  [
    0.714,
    0.0
  ],
  [
    0.744,
    0.0
  ],
  [
    0.755,
    0.0
  ],
  [
    0.771,
    0.0
  ],
  [
    0.803,
    0.0
  ],
  [
    0.814,
    0.0
  ],
  [
    0.837,
    0.0
  ],
  [
    0.849,
    0.0
  ],
  [
    0.866,
    0.0
  ],
  [
    0.896,
    0.0
  ],
  [
    0.906,
    0.0
  ],
  [
    0.932,
    0.0
  ],
  [
    0.944,
    0.0
  ],
  [
    0.978,
    0.0
  ],
  [
    1.0,
    0.0
  ],
  [
    1.026,
    0.0
  ],
  [
    1.055,
    0.0
  ],
  [
    1.08,
    0.0
  ],
  [
    1.09,
    0.0
  ],
  [
    1.104,
    0.0
  ],
  [
    1.134,
    0.0
  ],
  [
    1.141,
    0.0
  ],
  [
    1.167,
    0.0
  ],
  [
    1.182,
    0.0
  ],
  [
    1.21,
    0.0
  ],
  [
    1.224,
    0.0
  ],
  [
    1.237,
    0.0
  ],
  [
    1.253,
    0.0
  ],
  [
    1.267,
    0.0
  ],
  [
    1.295,
    0.0
  ],
  [
    1.308,
    0.0
  ],
  [
    1.323,
    0.0
  ],
  [
    1.339,
    0.0
  ],
  [
    1.367,
    0.0
  ],
  [
    1.382,
    0.0
  ],
  [
    1.411,
    0.0
  ],
  [
    1.422,
    0.0
  ],
  [
    1.437,
    0.0
  ],
  [
    1.464,
    0.0
  ],
  [
    1.479,
    0.0
  ],
  [
    1.495,
    0.0
  ],
  [
    1.511,
    0.0
  ],
  [
    1.543,
    0.0
  ],
  [
    1.552,
    0.0
  ],
  [
    1.567,
    0.0
  ],
  [
    1.584,
    0.0
  ],
  [
    1.598,
    0.0
  ],
  [
    1.629,
    0.0
  ],
  [
    1.639,
    0.0
  ],
  [
    1.655,
    0.0
  ],
  [
    1.687,
    0.0
  ],
  [
    1.701,
    0.0
  ],
  [
    1.714,
    0.0
  ],
  [
    1.729,
    0.0
  ],
  [
    1.763,
    0.0
  ],
  [
    1.771,
    0.0
  ],
  [
    1.786,
    0.0
  ],
  [
    1.826,
    0.0
  ],
  [
    1.838,
    0.0
  ],
  [
    1.851,
    0.0
  ],
  [
    1.886,
    0.0
  ],
  [
    1.91,
    0.0
  ],
  [
    1.922,
    0.0
  ],
  [
    1.941,
    0.0
  ],
  [
    1.955,
    0.0
  ],
  [
    1.97,
    0.0
  ],
  [
    2.001,
    0.0
  ],
  [
    2.016,
    0.0
  ],
  [
    2.028,
    0.0
  ],
  [
    2.06,
    0.0
  ],
  [
    2.069,
    0.0
  ],
  [
    2.087,
    0.0
  ],
  [
    2.099,
    0.0
  ],
  [
    2.128,
    0.0
  ],
  [
    2.14,
    0.0
  ],
  [
    2.169,
    0.0
  ],
  [
    2.18,
    0.0
  ],
  [
    2.193,
    0.0
  ],
  [
    2.224,
    0.0
  ],
  [
    2.236,
    0.0
  ],
  [
    2.261,
    0.0
  ],
  [
    2.269,
    0.0
  ],
  [
    2.284,
    0.0
  ],
  [
    2.316,
    0.0
  ],
  [
    2.325,
    0.0
  ],
  [
    2.341,
    0.0
  ],
  [
    2.36,
    0.0
  ],
  [
    2.377,
    0.0
  ],
  [
    2.394,
    0.0
  ],
  [
    2.408,
    0.0
  ],
  [
    2.437,
    0.0
  ],
  [
    2.446,
    0.0
  ],
  [
    2.463,
    0.0
  ],
  [
    2.494,
    0.0
  ],
  [
    2.508,
    0.0
  ],
  [
    2.522,
    0.0
  ],
  [
    2.553,
    0.0
  ],
  [
    2.56,
    0.0
  ],
  [
    2.591,
    0.0
  ],
  [
    2.604,
    0.0
  ],
  [
    2.62,
    0.0
  ],
  [
    2.635,
    0.0
  ],
  [
    2.66,
    0.0
  ],
  [
    2.674,
    0.0
  ],
  [
    2.703,
    0.0
  ],
  [
    2.713,
    0.0
  ],
  [
    2.746,
    0.0
  ],
  [
    2.758,
    0.0
  ],
  [
    2.771,
    0.0
  ],
  [
    2.787,
    0.0
  ],
  [
    2.817,
    0.0
  ],
  [
    2.83,
    0.0
  ],
  [
    2.851,
    0.0
  ],
  [
    2.864,
    0.0
  ],
  [
    2.892,
    0.0
  ],
  [
    2.903,
    0.0
  ],
  [
    2.929,
    0.0
  ],
  [
    2.943,
    0.0
  ],
  [
    2.954,
    0.0
  ],
  [
    2.984,
    0.0
  ],
  [
    2.997,
    0.0
  ],
  [
    3.027,
    0.0
  ],
  [
    3.056,
    0.0
  ],
  [
    3.067,
    0.0
  ],
  [
    3.102,
    0.0
  ],
  [
    3.113,
    0.0
  ],
  [
    3.126,
    0.0
  ],
  [
    3.156,
    0.0
  ],
  [
    3.165,
    0.0
  ],
  [
    3.196,
    0.0
  ],
  [
    3.207,
    0.0
  ],
  [
    3.238,
    0.0
  ],
  [
    3.251,
    0.0
  ],
  [
    3.261,
    0.0
  ],
  [
    3.287,
    0.0
  ],
  [
    3.302,
    0.0
  ],
  [
    3.33,
    0.0
  ],
  [
    3.34,
    0.0
  ],
  [
    3.367,
    0.0
  ],
  [
    3.384,
    0.0
  ],
  [
    3.399,
    0.0
  ],
  [
    3.412,
    0.0
  ],
  [
    3.428,
    0.0
  ],
  [
    3.443,
    0.0
  ],
  [
    3.47,
    0.0
  ],
  [
    3.478,
    0.0
  ],
  [
    3.493,
    0.0
  ],
  [
    3.522,
    0.0
  ],
  [
    3.533,
    0.0
  ],
  [
    3.56,
    0.0
  ],
  [
    3.567,
    0.0
  ],
  [
    3.592,
    0.0
  ],
  [
    3.608,
    0.0
  ],
  [
    3.62,
    0.0
  ],
  [
    3.652,
    0.0
  ],
  [
    3.659,
    0.0
  ],
  [
    3.687,
    0.0
  ],
  [
    3.694,
    0.0
  ],
  [
    3.711,
    0.0
  ],
  [
    3.741,
    0.0
  ],
  [
    3.749,
    0.0
  ],
  [
    3.778,
    0.0
  ],
  [
    3.786,
    0.0
  ],
  [
    3.802,
    0.0
  ],
  [
    3.833,
    0.0
  ],
  [
    3.839,
    0.0
  ],
  [
    3.87,
    0.0
  ],
  [
    3.891,
    0.0
  ],
  [
    3.91,
    0.0
  ],
  [
    3.919,
    0.0
  ],
  [
    3.949,
    0.0
  ],
  [
    3.963,
    0.0
  ],
  [
    3.972,
    0.0
  ],
  [
    3.992,
    0.0
  ],
  [
    4.02,
    0.0
  ],
  [
    4.045,
    0.0
  ],
  [
    4.055,
    0.0
  ],
  [
    4.068,
    0.0
  ],
  [
    4.1,
    0.0
  ],
  [
    4.109,
    0.0
  ],
  [
    4.125,
    0.0
  ],
  [
    4.147,
    0.0
  ],
  [
    4.174,
    0.0
  ],
  [
    4.183,
    0.0
  ],
  [
    4.196,
    0.0
  ],
  [
    4.225,
    0.0
  ],
  [
    4.234,
    0.0
  ],
  [
    4.248,
    0.0
  ],
  [
    4.274,
    0.0
  ],
  [
    4.283,
    0.0
  ],
  [
    4.311,
    0.0
  ],
  [
    4.321,
    0.0
  ],
  [
    4.35,
    0.0
  ],
  [
    4.359,
    0.0
  ],
  [
    4.374,
    0.0
  ],
  [
    4.399,
    0.0
  ],
  [
    4.411,
    0.0
  ],
  [
    4.426,
    0.0
  ],
  [
    4.454,
    0.0
  ],
  [
    4.459,
    0.0
  ],
  [
    4.49,
    0.0
  ],
  [
    4.517,
    0.0
  ],
  [
    4.526,
    0.0
  ],
  [
    4.559,
    0.0
  ],
  [
    4.569,
    0.0
  ],
  [
    4.595,
    0.0
  ],
  [
    4.607,
    0.0
  ],
  [
    4.624,
    0.0
  ],
  [
    4.643,
    0.0
  ],
  [
    4.669,
    0.0
  ],
  [
    4.679,
    0.0
  ],
  [
    4.702,
    0.0
  ],
  [
    4.716,
    0.0
  ],
  [
    4.731,
    0.0
  ],
  [
    4.758,
    0.0
  ],
  [
    4.765,
    0.0
  ],
  [
    4.793,
    0.0
  ],
  [
    4.818,
    0.0
  ],
  [
    4.828,
    0.0
  ],
  [
    4.856,
    0.0
  ],
  [
    4.866,
    0.0
  ],
  [
    4.893,
    0.0
  ],
  [
    4.902,
    0.0
  ],
  [
    4.929,
    0.0
  ],
  [
    4.94,
    0.0
  ],
  [
    4.968,
    0.0
  ],
  [
    4.976,
    0.0
  ],
  [
    5.006,
    0.0
  ],
  [
    5.013,
    0.0
  ],
  [
    5.042,
    0.0
  ],
  [
    5.064,
    0.0
  ],
  [
    5.074,
    0.0
  ],
  [
    5.103,
    0.0
  ],
  [
    5.112,
    0.0
  ],
  [
    5.144,
    0.0
  ],
  [
    5.171,
    0.0
  ],
  [
    5.189,
    0.0
  ],
  [
    5.209,
    0.0
  ],
  [
    5.234,
    0.0
  ],
  [
    5.261,
    0.0
  ],
  [
    5.272,
    0.0
  ],
  [
    5.292,
    0.0
  ],
  [
    5.31,
    0.0
  ],
  [
    5.322,
    0.0
  ],
  [
    5.353,
    0.0
  ],
  [
    5.362,
    0.0
  ],
  [
    5.389,
    0.0
  ],
  [
    5.396,
    0.0
  ],
  [
    5.424,
    0.0
  ],
  [
    5.432,
    0.0
  ],
  [
    5.459,
    0.0
  ],
  [
    5.473,
    0.0
  ],
  [
    5.494,
    0.0
  ],
  [
    5.505,
    0.0
  ],
  [
    5.532,
    0.0
  ],
  [
    5.547,
    0.0
  ],
  [
    5.556,
    0.0
  ],
  [
    5.589,
    0.0
  ],
  [
    5.597,
    0.0
  ],
  [
    5.626,
    0.0
  ],
  [
    5.659,
    0.0
  ],
  [
    5.666,
    0.0
  ],
  [
    5.696,
    0.0
  ],
  [
    5.705,
    0.0
  ],
  [
    5.732,
    0.0
  ],
  [
    5.74,
    0.0
  ],
  [
    5.77,
    0.0
  ],
  [
    5.797,
    0.0
  ],
  [
    5.813,
    0.0
  ],
  [
    5.82,
    0.0
  ],
  [
    5.863,
    0.0
  ],
  [
    5.873,
    0.0
  ],
  [
    5.9,
    0.0
  ],
  [
    5.91,
    0.0
  ],
  [
    5.933,
    0.0
  ],
  [
    5.945,
    0.0
  ],
  [
    5.976,
    0.0
  ],
  [
    5.991,
    0.0
  ],
  [
    6.001,
    0.0
  ],
  [
    6.016,
    0.0
  ],
  [
    6.056,
    0.0
  ],
  [
    6.062,
    0.0
  ],
  [
    6.096,
    0.0
  ],
  [
    6.105,
    0.0
  ],
  [
    6.123,
    0.0
  ],
  [
    6.142,
    0.0
  ],
  [
    6.157,
    0.0
  ],
  [
    6.173,
    0.0
  ],
  [
    6.187,
    0.0
  ],
  [
    6.205,
    0.0
  ],
  [
    6.233,
    0.0
  ],
  [
    6.244,
    0.0
  ],
  [
    6.271,
    0.0
  ],
  [
    6.285,
    0.0
  ],
  [
    6.297,
    0.0
  ],
  [
    6.329,
    0.0
  ],
  [
    6.341,
    0.0
  ],
  [
    6.371,
    0.0
  ],
  [
    6.399,
    0.0
  ],
  [
    6.423,
    0.0
  ],
  [
    6.437,
    0.0
  ],
  [
    6.449,
    0.0
  ],
  [
    6.462,
    0.0
  ],
  [
    6.489,
    0.0
  ],
  [
    6.496,
    0.0
  ],
  [
    6.527,
    0.0
  ],
  [
    6.535,
    0.0
  ],
  [
    6.549,
    0.0
  ],
  [
    6.58,
    0.0
  ],
  [
    6.589,
    0.0
  ],
  [
    6.617,
    0.0
  ],
  [
    6.625,
    0.0
  ],
  [
    6.643,
    0.0
  ],
  [
    6.656,
    0.0
  ],
  [
    6.683,
    0.0
  ],
  [
    6.693,
    0.0
  ],
  [
    6.719,
    0.0
  ],
  [
    6.744,
    0.0
  ],
  [
    6.767,
    0.0
  ],
  [
    6.775,
    0.0
  ],
  [
    6.795,
    0.0
  ],
  [
    6.822,
    0.0
  ],
  [
    6.829,
    0.0
  ],
  [
    6.844,
    0.0
  ],
  [
    6.864,
    0.0
  ],
  [
    6.889,
    0.0
  ],
  [
    6.911,
    0.0
  ],
  [
    6.919,
    0.0
  ],
  [
    6.949,
    0.0
  ],
  [
    6.957,
    0.0
  ],
  [
    6.985,
    0.0
  ],
  [
    6.991,
    0.0
  ],
  [
    7.02,
    0.0
  ],
  [
    7.026,
    0.0
  ],
  [
    7.055,
    0.0
  ],
  [
    7.067,
    0.0
  ],
  [
    7.079,
    0.0
  ],
  [
    7.105,
    0.0
  ],
  [
    7.115,
    0.0
  ],
  [
    7.143,
    0.0
  ],
  [
    7.166,
    0.0
  ],
  [
    7.174,
    0.0
  ],
  [
    7.201,
    0.0
  ],
  [
    7.223,
    0.0
  ],
  [
    7.232,
    0.0
  ],
  [
    7.26,
    0.0
  ],
  [
    7.27,
    0.0
  ],
  [
    7.296,
    0.0
  ],
  [
    7.319,
    0.0
  ],
  [
    7.328,
    0.0
  ],
  [
    7.354,
    0.0
  ],
  [
    7.364,
    0.0
  ],
  [
    7.391,
    0.0
  ],
  [
    7.401,
    0.0
  ],
  [
    7.427,
    0.0
  ],
  [
    7.44,
    0.0
  ],
  [
    7.458,
    0.0
  ],
  [
    7.47,
    0.0
  ],
  [
    7.494,
    0.0
  ],
  [
    7.507,
    0.0
  ],
  [
    7.532,
    0.0
  ],
  [
    7.538,
    0.0
  ],
  [
    7.57,
    0.0
  ],
  [
    7.577,
    0.0
  ],
  [
    7.608,
    0.0
  ],
  [
    7.616,
    0.0
  ],
  [
    7.64,
    0.0
  ],
  [
    7.652,
    0.0
  ],
  [
    7.681,
    0.0
  ],
  [
    7.689,
    0.0
  ],
  [
    7.715,
    0.0
  ],
  [
    7.722,
    0.0
  ],
  [
    7.749,
    0.0
  ],
  [
    7.761,
    0.0
  ],
  [
    7.789,
    0.0
  ],
  [
    7.802,
    0.0
  ],
  [
    7.827,
    0.0
  ],
  [
    7.835,
    0.0
  ],
  [
    7.864,
    0.0
  ],
  [
    7.872,
    0.0
  ],
  [
    7.901,
    0.0
  ],
  [
    7.907,
    0.0
  ],
  [
    7.93,
    0.0
  ],
  [
    7.943,
    0.0
  ],
  [
    7.967,
    0.0
  ],
  [
    7.976,
    0.0
  ],
  [
    7.999,
    0.0
  ],
  [
    8.012,
    0.0
  ],
  [
    8.04,
    0.0
  ],
  [
    8.053,
    0.0
  ],
  [
    8.081,
    0.0
  ],
  [
    8.087,
    0.0
  ],
  [
    8.114,
    0.0
  ],
  [
    8.134,
    0.0
  ],
  [
    8.144,
    0.0
  ],
  [
    8.167,
    0.0
  ],
  [
    8.177,
    0.0
  ],
  [
    8.206,
    0.0
  ],
  [
    8.213,
    0.0
  ],
  [
    8.24,
    0.0
  ],
  [
    8.25,
    0.0
  ],
  [
    8.279,
    0.0
  ],
  [
    8.306,
    0.0
  ],
  [
    8.315,
    0.0
  ],
  [
    8.346,
    0.0
  ],
  [
    8.353,
    0.0
  ],
  [
    8.372,
    0.0
  ],
  [
    8.397,
    0.0
  ],
  [
    8.412,
    0.0
  ],
  [
    8.433,
    0.0
  ],
  [
    8.445,
    0.0
  ],
  [
    8.462,
    0.0
  ],
  [
    8.474,
    0.0
  ],
  [
    8.502,
    0.0
  ],
  [
    8.511,
    0.0
  ],
  [
    8.539,
    0.0
  ],
  [
    8.549,
    0.0
  ],
  [
    8.563,
    0.0
  ],
  [
    8.593,
    0.0
  ],
  [
    8.6,
    0.0
  ],
  [
    8.614,
    0.0
  ],
  [
    8.644,
    0.0
  ],
  [
    8.651,
    0.0
  ],
  [
    8.682,
    0.0
  ],
  [
    8.69,
    0.0
  ],
  [
    8.718,
    0.0
  ],
  [
    8.726,
    0.0
  ],
  [
    8.753,
    0.0
  ],
  [
    8.761,
    0.0
  ],
  [
    8.789,
    0.0
  ],
  [
    8.798,
    0.0
  ],
  [
    8.827,
    0.0
  ],
  [
    8.844,
    0.0
  ],
  [
    8.852,
    0.0
  ],
  [
    8.878,
    0.0
  ],
  [
    8.898,
    0.0
  ],
  [
    8.909,
    0.0
  ],
  [
    8.925,
    0.0
  ],
  [
    8.941,
    0.0
  ],
  [
    8.969,
    0.0
  ],
  [
    8.976,
    0.0
  ],
  [
    9.003,
    0.0
  ],
  [
    9.013,
    0.0
  ],
  [
    9.026,
    0.0
  ],
  [
    9.056,
    0.0
  ],
  [
    9.066,
    0.0
  ],
  [
    9.093,
    0.0
  ],
  [
    9.102,
    0.0
  ],
  [
    9.128,
    0.0
  ],
  [
    9.136,
    0.0
  ],
  [
    9.164,
    0.0
  ],
  [
    9.173,
    0.0
  ],
  [
    9.201,
    0.0
  ],
  [
    9.223,
    0.0
  ],
  [
    9.23,
    0.0
  ],
  [
    9.256,
    0.0
  ],
  [
    9.279,
    0.0
  ],
  [
    9.291,
    0.0
  ],
  [
    9.314,
    0.0
  ],
  [
    9.339,
    0.0
  ],
  [
    9.359,
    0.0
  ],
  [
    9.367,
    0.0
  ],
  [
    9.394,
    0.0
  ],
  [
    9.403,
    0.0
  ],
  [
    9.43,
    0.0
  ],
  [
    9.441,
    0.0
  ],
  [
    9.465,
    0.0
  ],
  [
    9.483,
    0.0
  ],
  [
    9.491,
    0.0
  ],
  [
    9.514,
    0.0
  ],
  [
    9.54,
    0.0
  ],
  [
    9.544,
    0.0
  ],
  [
    9.568,
    0.0
  ],
  [
    9.58,
    0.0
  ],
  [
    9.609,
    0.0
  ],
  [
    9.631,
    0.0
  ],
  [
    9.647,
    0.0
  ],
  [
    9.659,
    0.0
  ],
  [
    9.674,
    0.0
  ],
  [
    9.704,
    0.0
  ],
  [
    9.711,
    0.0
  ],
  [
    9.736,
    0.0
  ],
  [
    9.745,
    0.0
  ],
  [
    9.771,
    0.0
  ],
  [
    9.779,
    0.0
  ],
  [
    9.806,
    0.0
  ],
  [
    9.817,
    0.0
  ],
  [
    9.844,
    0.0
  ],
  [
    9.868,
    0.0
  ],
  [
    9.891,
    0.0
  ],
  [
    9.903,
    0.0
  ],
  [
    9.926,
    0.0
  ],
  [
    9.935,
    0.0
  ],
  [
    9.957,
    0.0
  ],
  [
    9.982,
    0.0
  ],
  [
    9.989,
    0.0
  ],
  [
    10.014,
    0.0
  ],
  [
    10.039,
    0.0
  ],
  [
    10.045,
    0.0
  ],
  [
    10.072,
    0.0
  ],
  [
    10.096,
    0.0
  ],
  [
    10.108,
    0.0
  ],
  [
    10.134,
    0.0
  ],
  [
    10.143,
    0.0
  ],
  [
    10.163,
    0.0
  ],
  [
    10.186,
    0.0
  ],
  [
    10.197,
    0.0
  ],
  [
    10.212,
    0.0
  ],
  [
    10.24,
    0.0
  ],
  [
    10.248,
    0.0
  ],
  [
    10.272,
    0.0
  ],
  [
    10.283,
    0.0
  ],
  [
    10.304,
    0.0
  ],
  [
    10.32,
    0.0
  ],
  [
    10.344,
    0.0
  ],
  [
    10.367,
    0.0
  ],
  [
    10.374,
    0.0
  ],
  [
    10.403,
    0.0
  ],
  [
    10.411,
    0.0
  ],
  [
    10.427,
    0.0
  ],
  [
    10.443,
    0.0
  ],
  [
    10.461,
    0.0
  ],
  [
    10.474,
    0.0
  ],
  [
    10.503,
    0.0
  ],
  [
    10.51,
    0.0
  ],
  [
    10.538,
    0.0
  ],
  [
    10.545,
    0.0
  ],
  [
    10.568,
    0.0
  ],
  [
    10.605,
    0.0
  ],
  [
    10.617,
    0.0
  ],
  [
    10.632,
    -1.2795
  ],
  [
    10.663,
    -3.4478
  ],
  [
    10.673,
    -4.3071
  ],
  [
    10.7,
    -6.4101
  ],
  [
    10.71,
    -7.1987
  ],
  [
    10.738,
    -9.2204
  ],
  [
    10.749,
    -10.1439
  ],
  [
    10.779,
    -11.9654
  ],
  [
    10.787,
    -12.9036
  ],
  [
    10.816,
    -15.0073
  ],
  [
    10.826,
    -15.8109
  ],
  [
    10.85,
    -17.8466
  ],
  [
    10.861,
    -18.6344
  ],
  [
    10.886,
    -20.428
  ],
  [
    10.897,
    -21.24
  ],
  [
    10.926,
    -23.0936
  ],
  [
    10.935,
    -24.0688
  ],
  [
    10.961,
    -25.9991
  ],
  [
    10.971,
    -26.7142
  ],
  [
    10.992,
    -28.6269
  ],
  [
    11.007,
    -29.4113
  ],
  [
    11.034,
    -29.9638
  ],
  [
    11.044,
    -29.9638
  ],
  [
    11.074,
    -29.964
  ],
  [
    11.081,
    -29.9643
  ],
  [
    11.107,
    -29.9642
  ],
  [
    11.116,
    -29.9629
  ],
  [
    11.145,
    -29.9211
  ],
  [
    11.162,
    -29.9037
  ],
  [
    11.169,
    -29.8724
  ],
  [
    11.185,
    -29.8544
  ],
  [
    11.201,
    -29.8385
  ],
  [
    11.224,
    -29.8445
  ],
  [
    11.237,
    -29.8428
  ],
  [
    11.264,
    -29.8447
  ],
  [
    11.274,
    -29.8418
  ],
  [
    11.301,
    -29.8357
  ],
  [
    11.311,
    -29.8368
  ],
  [
    11.342,
    -29.8275
  ],
  [
    11.35,
    -29.8034
  ],
  [
    11.38,
    -29.7488
  ],
  [
    11.389,
    -29.752
  ],
  [
    11.404,
    -29.7279
  ],
  [
    11.431,
    -29.7237
  ],
  [
    11.444,
    -29.7117
  ],
  [
    11.472,
    -29.7152
  ],
  [
    11.479,
    -29.7155
  ],
  [
    11.51,
    -29.7155
  ],
  [
    11.518,
    -29.7177
  ],
  [
    11.533,
    -29.7184
  ],
  [
    11.559,
    -29.7175
  ],
  [
    11.57,
    -29.7144
  ],
  [
    11.598,
    -29.7108
  ],
  [
    11.609,
    -29.7108
  ],
  [
    11.626,
    -29.7036
  ],
  [
    11.656,
    -29.7017
  ],
  [
    11.665,
    -29.6888
  ],
  [
    11.694,
    -29.6797
  ],
  [
    11.719,
    -29.6799
  ],
  [
    11.733,
    -29.6801
  ],
  [
    11.761,
    -29.6776
  ],
  [
    11.771,
    -29.6738
  ],
  [
    11.799,
    -29.6682
  ],
  [
    11.806,
    -29.6544
  ],
  [
    11.833,
    -29.6275
  ],
  [
    11.844,
    -29.6283
  ],
  [
    11.875,
    -29.6166
  ],
  [
    11.883,
    -29.6172
  ],
  [
    11.912,
    -29.6114
  ],
  [
    11.925,
    -29.6065
  ],
  [
    11.936,
    -29.6056
  ],
  [
    11.966,
    -29.6095
  ],
  [
    11.989,
    -29.5968
  ],
  [
    11.998,
    -29.5879
  ],
  [
    12.026,
    -29.578
  ],
  [
    12.035,
    -29.5707
  ],
  [
    12.064,
    -29.5643
  ],
  [
    12.072,
    -29.5606
  ],
  [
    12.086,
    -29.5516
  ],
  [
    12.115,
    -29.5513
  ],
  [
    12.126,
    -29.5495
  ],
  [
    12.143,
    -29.5468
  ],
  [
    12.173,
    -29.5543
  ],
  [
    12.181,
    -29.5506
  ],
  [
    12.21,
    -29.5362
  ],
  [
    12.221,
    -29.5322
  ],
  [
    12.249,
    -29.5278
  ],
  [
    12.257,
    -29.5203
  ],
  [
    12.285,
    -29.5079
  ],
  [
    12.294,
    -29.5047
  ],
  [
    12.321,
    -29.5111
  ],
  [
    12.331,
    -29.5125
  ],
  [
    12.359,
    -29.5076
  ],
  [
    12.369,
    -29.4951
  ],
  [
    12.383,
    -29.4848
  ],
  [
    12.414,
    -29.4895
  ],
  [
    12.421,
    -29.4871
  ],
  [
    12.449,
    -29.4753
  ],
  [
    12.458,
    -29.4676
  ],
  [
    12.473,
    -29.4565
  ],
  [
    12.501,
    -29.4585
  ],
  [
    12.514,
    -29.4544
  ],
  [
    12.526,
    -29.45
  ],
  [
    12.554,
    -29.4552
  ],
  [
    12.561,
    -29.4531
  ],
  [
    12.574,
    -29.4506
  ],
  [
    12.605,
    -29.4213
  ],
  [
    12.615,
    -29.4223
  ],
  [
    12.646,
    -29.4202
  ],
  [
    12.654,
    -29.421
  ],
  [
    12.668,
    -29.4213
  ],
  [
    12.7,
    -29.4227
  ],
  [
    12.709,
    -29.4227
  ],
  [
    12.741,
    -29.4231
  ],
  [
    12.754,
    -29.4253
  ],
  [
    12.768,
    -29.4227
  ],
  [
    12.798,
    -29.4304
  ],
  [
    12.805,
    -29.4272
  ],
  [
    12.835,
    -29.4181
  ],
  [
    12.844,
    -29.4113
  ],
  [
    12.859,
    -29.4008
  ],
  [
    12.886,
    -29.4068
  ],
  [
    12.894,
    -29.4063
  ],
  [
    12.923,
    -29.4066
  ],
  [
    12.938,
    -29.4029
  ],
  [
    12.965,
    -29.4045
  ],
  [
    12.973,
    -29.3966
  ],
  [
    13.002,
    -29.3763
  ],
  [
    13.011,
    -29.3719
  ],
  [
    13.045,
    -29.3701
  ],
  [
    13.057,
    -29.3692
  ],
  [
    13.081,
    -29.3708
  ],
  [
    13.095,
    -29.372
  ],
  [
    13.121,
    -29.3804
  ],
  [
    13.135,
    -29.3706
  ],
  [
    13.148,
    -29.3635
  ],
  [
    13.176,
    -29.3688
  ],
  [
    13.186,
    -29.3641
  ],
  [
    13.212,
    -29.3586
  ],
  [
    13.221,
    -29.352
  ],
  [
    13.251,
    -29.3455
  ],
  [
    13.259,
    -29.3427
  ],
  [
    13.274,
    -29.3349
  ],
  [
    13.303,
    -29.3424
  ],
  [
    13.312,
    -29.3415
  ],
  [
    13.327,
    -29.336
  ],
  [
    13.354,
    -29.3399
  ],
  [
    13.361,
    -29.337
  ],
  [
    13.381,
    -29.3272
  ],
  [
    13.404,
    -29.333
  ],
  [
    13.414,
    -29.3339
  ],
  [
    13.448,
    -29.3252
  ],
  [
    13.458,
    -29.3258
  ],
  [
    13.489,
    -29.3393
  ],
  [
    13.5,
    -29.3446
  ],
  [
    13.528,
    -29.3388
  ],
  [
    13.536,
    -29.3315
  ],
  [
    13.567,
    -29.3258
  ],
  [
    13.59,
    -29.3197
  ],
  [
    13.605,
    -29.3169
  ],
  [
    13.634,
    -29.3245
  ],
  [
    13.648,
    -29.3231
  ],
  [
    13.664,
    -29.3281
  ],
  [
    13.695,
    -29.3458
  ],
  [
    13.707,
    -29.3438
  ],
  [
    13.737,
    -29.3472
  ],
  [
    13.746,
    -29.3447
  ],
  [
    13.763,
    -29.339
  ],
  [
    13.793,
    -29.3438
  ],
  [
    13.802,
    -29.3385
  ],
  [
    13.826,
    -29.3269
  ],
  [
    13.84,
    -29.3196
  ],
  [
    13.868,
    -29.3155
  ],
  [
    13.877,
    -29.3103
  ],
  [
    13.904,
    -29.3098
  ],
  [
    13.912,
    -29.3058
  ],
  [
    13.926,
    -29.3006
  ],
  [
    13.955,
    -29.2994
  ],
  [
    13.964,
    -29.2993
  ],
  [
    13.992,
    -29.2934
  ],
  [
    14.003,
    -29.2896
  ],
  [
    14.031,
    -29.2944
  ],
  [
    14.042,
    -29.2926
  ],
  [
    14.069,
    -29.2915
  ],
  [
    14.077,
    -29.2868
  ],
  [
    14.108,
    -29.2804
  ],
  [
    14.118,
    -29.2854
  ],
  [
    14.147,
    -29.2875
  ],
  [
    14.156,
    -29.2875
  ],
  [
    14.172,
    -29.2834
  ],
  [
    14.187,
    -29.2862
  ],
  [
    14.216,
    -29.301
  ],
  [
    14.224,
    -29.297
  ],
  [
    14.239,
    -29.2885
  ],
  [
    14.263,
    -29.2911
  ],
  [
    14.277,
    -29.2887
  ],
  [
    14.305,
    -29.2818
  ],
  [
    14.314,
    -29.279
  ],
  [
    14.347,
    -29.2823
  ],
  [
    14.355,
    -29.2873
  ],
  [
    14.384,
    -29.2879
  ],
  [
    14.394,
    -29.2862
  ],
  [
    14.422,
    -29.2829
  ],
  [
    14.429,
    -29.2781
  ],
  [
    14.458,
    -29.2697
  ],
  [
    14.466,
    -29.2715
  ],
  [
    14.497,
    -29.2616
  ],
  [
    14.506,
    -29.2604
  ],
  [
    14.52,
    -29.2661
  ],
  [
    14.55,
    -29.2753
  ],
  [
    14.561,
    -29.2733
  ],
  [
    14.589,
    -29.2782
  ],
  [
    14.599,
    -29.2761
  ],
  [
    14.627,
    -29.2687
  ],
  [
    14.639,
    -29.2698
  ],
  [
    14.669,
    -29.2767
  ],
  [
    14.679,
    -29.2768
  ],
  [
    14.706,
    -29.2758
  ],
  [
    14.714,
    -29.2696
  ],
  [
    14.747,
    -29.2685
  ],
  [
    14.772,
    0.0
  ],
  [
    14.781,
    -0.8309
  ],
  [
    14.795,
    -1.8635
  ],
  [
    14.811,
    -2.9626
  ],
  [
    14.826,
    -4.1142
  ],
  [
    14.853,
    -6.311
  ],
  [
    14.869,
    -7.2011
  ],
  [
    14.883,
    -8.4326
  ],
  [
    14.898,
    -9.5154
  ],
  [
    14.929,
    -11.5142
  ],
  [
    14.937,
    -12.5011
  ],
  [
    14.961,
    -14.4686
  ],
  [
    14.974,
    -15.373
  ],
  [
    15.003,
    -17.4356
  ],
  [
    15.014,
    -18.2825
  ],
  [
    15.037,
    -20.1478
  ],
  [
    15.052,
    -21.0393
  ],
  [
    15.079,
    -23.015
  ],
  [
    15.088,
    -23.9038
  ],
  [
    15.117,
    -25.924
  ],
  [
    15.126,
    -26.8229
  ],
  [
    15.156,
    -28.7243
  ],
  [
    15.164,
    -29.6668
  ],
  [
    15.193,
    -30.0
  ],
  [
    15.203,
    -30.0
  ],
  [
    15.229,
    -30.0
  ],
  [
    15.238,
    -30.0
  ],
  [
    15.266,
    -30.0
  ],
  [
    15.276,
    -30.0
  ],
  [
    15.291,
    -30.0
  ],
  [
    15.311,
    -30.0
  ],
  [
    15.326,
    -30.0
  ],
  [
    15.359,
    -30.0
  ],
  [
    15.372,
    -30.0
  ],
  [
    15.386,
    -30.0
  ],
  [
    15.414,
    -30.0
  ],
  [
    15.422,
    -30.0
  ],
  [
    15.439,
    -30.0
  ],
  [
    15.466,
    -30.0
  ],
  [
    15.48,
    -30.0
  ],
  [
    15.495,
    -30.0
  ],
  [
    15.508,
    -30.0
  ],
  [
    15.537,
    -30.0
  ],
  [
    15.546,
    -30.0
  ],
  [
    15.562,
    -30.0
  ],
  [
    15.594,
    -30.0
  ],
  [
    15.604,
    -30.0
  ],
  [
    15.619,
    -30.0
  ],
  [
    15.637,
    -30.0
  ],
  [
    15.665,
    -30.0
  ],
  [
    15.677,
    -30.0
  ],
  [
    15.692,
    -30.0
  ],
  [
    15.708,
    -30.0
  ],
  [
    15.733,
    -30.0
  ],
  [
    15.747,
    -30.0
  ],
  [
    15.76,
    -30.0
  ],
  [
    15.78,
    -30.0
  ],
  [
    15.794,
    -30.0
  ],
  [
    15.81,
    -28.5
  ],
  [
    15.843,
    -27.0
  ],
  [
    15.849,
    -25.5
  ],
  [
    15.867,
    -24.0
  ],
  [
    15.885,
    -22.5
  ],
  [
    15.911,
    -21.0
  ],
  [
    15.921,
    -19.5
  ],
  [
    15.949,
    -18.0
  ],
  [
    15.957,
    -16.5
  ],
  [
    15.986,
    -15.0
  ],
  [
    15.998,
    -13.5
  ],
  [
    16.013,
    -12.0
  ],
  [
    16.041,
    -10.5
  ],
  [
    16.049,
    -9.0
  ],
  [
    16.07,
    -7.5
  ],
  [
    16.086,
    -6.0
  ],
  [
    16.116,
    -4.5
  ],
  [
    16.124,
    -3.0
  ],
  [
    16.152,
    -1.5
  ],
  [
    16.159,
    -0.0575
  ],
  [
    16.184,
    2.0011
  ],
  [
    16.196,
    2.8724
  ],
  [
    16.213,
    3.7592
  ],
  [
    16.241,
    5.7294
  ],
  [
    16.25,
    6.4815
  ],
  [
    16.276,
    8.1245
  ],
  [
    16.288,
    8.9152
  ],
  [
    16.319,
    10.5942
  ],
  [
    16.325,
    11.2176
  ],
  [
    16.353,
    12.7754
  ],
  [
    16.36,
    13.3822
  ],
  [
    16.384,
    14.6486
  ],
  [
    16.396,
    15.3121
  ],
  [
    16.426,
    16.6836
  ],
  [
    16.436,
    17.3679
  ],
  [
    16.463,
    18.7791
  ],
  [
    16.472,
    19.3552
  ],
  [
    16.487,
    20.0286
  ],
  [
    16.516,
    21.4427
  ],
  [
    16.521,
    21.9499
  ],
  [
    16.549,
    23.1227
  ],
  [
    16.559,
    23.6063
  ],
  [
    16.585,
    23.6052
  ],
  [
    16.599,
    23.6053
  ],
  [
    16.628,
    23.6047
  ],
  [
    16.64,
    23.6046
  ],
  [
    16.654,
    23.6042
  ],
  [
    16.682,
    23.6041
  ],
  [
    16.691,
    23.5954
  ],
  [
    16.723,
    23.5513
  ],
  [
    16.733,
    23.5442
  ],
  [
    16.763,
    23.5209
  ],
  [
    16.771,
    23.511
  ],
  [
    16.796,
    23.501
  ],
  [
    16.809,
    23.5013
  ],
  [
    16.831,
    23.503
  ],
  [
    16.845,
    23.5029
  ],
  [
    16.874,
    23.5008
  ],
  [
    16.884,
    23.5036
  ],
  [
    16.901,
    23.5028
  ],
  [
    16.928,
    23.5013
  ],
  [
    16.939,
    23.499
  ],
  [
    16.963,
    23.4848
  ],
  [
    16.991,
    23.4525
  ],
  [
    17.005,
    23.4434
  ],
  [
    17.017,
    23.4453
  ],
  [
    17.044,
    23.4442
  ],
  [
    17.054,
    23.4449
  ],
  [
    17.067,
    23.4443
  ],
  [
    17.093,
    23.4457
  ],
  [
    17.107,
    23.4448
  ],
  [
    17.134,
    23.4438
  ],
  [
    17.141,
    23.4415
  ],
  [
    17.17,
    23.4184
  ],
  [
    17.179,
    23.3944
  ],
  [
    17.208,
    23.3811
  ],
  [
    17.218,
    23.382
  ],
  [
    17.245,
    23.385
  ],
  [
    17.256,
    23.382
  ],
  [
    17.285,
    23.3827
  ],
  [
    17.294,
    23.3768
  ],
  [
    17.307,
    23.3508
  ],
  [
    17.35,
    23.3476
  ],
  [
    17.361,
    23.3485
  ],
  [
    17.388,
    23.3516
  ],
  [
    17.394,
    23.3505
  ],
  [
    17.426,
    23.3491
  ],
  [
    17.436,
    23.3504
  ],
  [
    17.463,
    23.3496
  ],
  [
    17.472,
    23.3459
  ],
  [
    17.487,
    23.3443
  ],
  [
    17.518,
    23.3482
  ],
  [
    17.534,
    23.3482
  ],
  [
    17.549,
    23.3489
  ],
  [
    17.561,
    23.349
  ],
  [
    17.588,
    23.3507
  ],
  [
    17.596,
    23.3502
  ],
  [
    17.623,
    23.3308
  ],
  [
    17.634,
    23.32
  ],
  [
    17.664,
    23.3037
  ],
  [
    17.674,
    23.3036
  ],
  [
    17.703,
    23.3034
  ],
  [
    17.71,
    23.3013
  ],
  [
    17.74,
    23.2967
  ],
  [
    17.749,
    23.2972
  ],
  [
    17.778,
    23.2951
  ],
  [
    17.786,
    23.2927
  ],
  [
    17.81,
    23.2886
  ],
  [
    17.826,
    23.2874
  ],
  [
    17.844,
    23.2837
  ],
  [
    17.857,
    23.289
  ],
  [
    17.888,
    23.2924
  ],
  [
    17.899,
    23.2916
  ],
  [
    17.911,
    23.2886
  ],
  [
    17.94,
    23.2913
  ],
  [
    17.949,
    23.2924
  ],
  [
    17.979,
    23.2863
  ],
  [
    17.987,
    23.2734
  ],
  [
    18.015,
    23.2658
  ],
  [
    18.04,
    23.2603
  ],
  [
    18.053,
    23.2608
  ],
  [
    18.063,
    23.257
  ],
  [
    18.091,
    23.2536
  ],
  [
    18.102,
    23.2519
  ],
  [
    18.132,
    23.2501
  ],
  [
    18.141,
    23.2496
  ],
  [
    18.165,
    23.2482
  ],
  [
    18.177,
    23.245
  ],
  [
    18.205,
    23.2401
  ],
  [
    18.22,
    23.2387
  ],
  [
    18.251,
    23.2423
  ],
  [
    18.257,
    23.2415
  ],
  [
    18.281,
    23.2361
  ],
  [
    18.309,
    23.2272
  ],
  [
    18.318,
    23.2231
  ],
  [
    18.348,
    23.2235
  ],
  [
    18.355,
    23.2215
  ],
  [
    18.383,
    23.2156
  ],
  [
    18.392,
    23.2132
  ],
  [
    18.408,
    23.2099
  ],
  [
    18.434,
    23.2145
  ],
  [
    18.444,
    23.21
  ],
  [
    18.469,
    23.2068
  ],
  [
    18.483,
    23.2052
  ],
  [
    18.511,
    23.2052
  ],
  [
    18.521,
    23.2022
  ],
  [
    18.55,
    23.2021
  ],
  [
    18.56,
    23.2005
  ],
  [
    18.59,
    23.1992
  ],
  [
    18.6,
    23.1968
  ],
  [
    18.627,
    23.2001
  ],
  [
    18.639,
    23.1983
  ],
  [
    18.653,
    23.1969
  ],
  [
    18.668,
    23.2002
  ],
  [
    18.698,
    23.2054
  ],
  [
    18.706,
    23.2044
  ],
  [
    18.722,
    23.2011
  ],
  [
    18.752,
    23.2023
  ],
  [
    18.759,
    23.1992
  ],
  [
    18.789,
    23.1953
  ],
  [
    18.8,
    23.1946
  ],
  [
    18.831,
    23.1937
  ],
  [
    18.839,
    23.194
  ],
  [
    18.866,
    23.1932
  ],
  [
    18.876,
    23.1897
  ],
  [
    18.901,
    23.1846
  ],
  [
    18.915,
    23.1832
  ],
  [
    18.943,
    23.1803
  ],
  [
    18.953,
    23.1791
  ],
  [
    18.982,
    23.179
  ],
  [
    18.989,
    23.1753
  ],
  [
    19.018,
    23.1718
  ],
  [
    19.031,
    23.1693
  ],
  [
    19.043,
    23.1679
  ],
  [
    19.072,
    23.1735
  ],
  [
    19.083,
    23.1733
  ],
  [
    19.107,
    23.17
  ],
  [
    19.139,
    23.1635
  ],
  [
    19.16,
    23.218
  ],
  [
    19.168,
    23.2802
  ],
  [
    19.195,
    23.4508
  ],
  [
    19.205,
    23.5504
  ],
  [
    19.244,
    23.6193
  ],
  [
    19.25,
    23.6193
  ],
  [
    19.276,
    23.6193
  ],
  [
    19.299,
    23.6194
  ],
  [
    19.31,
    23.6194
  ],
  [
    19.336,
    23.6194
  ],
  [
    19.344,
    23.6194
  ],
  [
    19.361,
    23.6194
  ],
  [
    19.378,
    23.6194
  ],
  [
    19.405,
    23.6194
  ],
  [
    19.416,
    23.6194
  ],
  [
    19.431,
    23.6194
  ],
  [
    19.447,
    23.6194
  ],
  [
    19.474,
    23.6194
  ],
  [
    19.485,
    23.6194
  ],
  [
    19.513,
    23.6194
  ],
  [
    19.538,
    23.6194
  ],
  [
    19.548,
    23.6194
  ],
  [
    19.575,
    23.6194
  ],
  [
    19.584,
    23.6194
  ],
  [
    19.611,
    23.6194
  ],
  [
    19.62,
    23.6194
  ],
  [
    19.648,
    23.6194
  ],
  [
    19.66,
    23.6194
  ],
  [
    19.674,
    23.6194
  ],
  [
    19.703,
    23.6194
  ],
  [
    19.712,
    23.6194
  ],
  [
    19.742,
    23.6194
  ],
  [
    19.751,
    23.6194
  ],
  [
    19.78,
    23.6194
  ],
  [
    19.792,
    23.6194
  ],
  [
    19.817,
    23.6194
  ],
  [
    19.826,
    23.6194
  ],
  [
    19.857,
    23.6194
  ],
  [
    19.867,
    23.6194
  ],
  [
    19.898,
    23.6194
  ],
  [
    19.909,
    23.6194
  ],
  [
    19.939,
    23.6194
  ],
  [
    19.963,
    23.6194
  ],
  [
    19.975,
    23.6194
  ],
  [
    20.002,
    23.6194
  ],
  [
    20.018,
    23.6194
  ],
  [
    20.029,
    23.6194
  ],
  [
    20.045,
    23.6194
  ],
  [
    20.069,
    23.6194
  ],
  [
    20.094,
    23.6194
  ],
  [
    20.105,
    23.6194
  ],
  [
    20.131,
    23.6194
  ],
  [
    20.143,
    22.6064
  ],
  [
    20.176,
    19.879
  ],
  [
    20.188,
    18.1383
  ],
  [
    20.199,
    16.727
  ],
  [
    20.227,
    13.792
  ],
  [
    20.239,
    12.4436
  ],
  [
    20.255,
    10.6169
  ],
  [
    20.285,
    6.9861
  ],
  [
    20.293,
    5.5969
  ],
  [
    20.317,
    1.6358
  ],
  [
    20.327,
    0.1735
  ],
  [
    20.357,
    -2.0079
  ],
  [
    20.367,
    -2.9711
  ],
  [
    20.381,
    -4.0122
  ],
  [
    20.408,
    -6.0731
  ],
  [
    20.419,
    -6.8717
  ],
  [
    20.447,
    -8.8428
  ],
  [
    20.457,
    -9.6515
  ],
  [
    20.484,
    -11.7439
  ],
  [
    20.491,
    -12.5657
  ],
  [
    20.516,
    -14.3954
  ],
  [
    20.528,
    -15.1839
  ],
  [
    20.542,
    -16.0988
  ],
  [
    20.572,
    -18.1959
  ],
  [
    20.581,
    -19.1733
  ],
  [
    20.61,
    -21.0728
  ],
  [
    20.619,
    -22.0378
  ],
  [
    20.649,
    -24.1079
  ],
  [
    20.676,
    -25.9074
  ],
  [
    20.685,
    -26.907
  ],
  [
    20.713,
    -28.7586
  ],
  [
    20.721,
    -29.5956
  ],
  [
    20.749,
    -30.0
  ],
  [
    20.759,
    -30.0
  ],
  [
    20.773,
    -30.0
  ],
  [
    20.788,
    -30.0
  ],
  [
    20.815,
    -30.0
  ],
  [
    20.826,
    -30.0
  ],
  [
    20.85,
    -30.0
  ],
  [
    20.863,
    -30.0
  ],
  [
    20.887,
    -30.0
  ],
  [
    20.894,
    -30.0
  ],
  [
    20.923,
    -30.0
  ],
  [
    20.936,
    -30.0
  ],
  [
    20.944,
    -30.0
  ],
  [
    20.974,
    -30.0
  ],
  [
    20.984,
    -30.0
  ],
  [
    21.011,
    -30.0
  ],
  [
    21.02,
    -30.0
  ],
  [
    21.048,
    -30.0
  ],
  [
    21.056,
    -30.0
  ],
  [
    21.072,
    -30.0
  ],
  [
    21.098,
    -30.0
  ],
  [
    21.107,
    -30.0
  ],
  [
    21.134,
    -29.9932
  ],
  [
    21.142,
    -29.9963
  ],
  [
    21.171,
    -29.9895
  ],
  [
    21.18,
    -29.9883
  ],
  [
    21.208,
    -29.9882
  ],
  [
    21.217,
    -29.9885
  ],
  [
    21.244,
    -29.9869
  ],
  [
    21.253,
    -29.9843
  ],
  [
    21.281,
    -29.9787
  ],
  [
    21.289,
    -29.9827
  ],
  [
    21.313,
    -29.9765
  ],
  [
    21.327,
    -29.9746
  ],
  [
    21.34,
    -29.9677
  ],
  [
    21.37,
    -29.9643
  ],
  [
    21.376,
    -29.9592
  ],
  [
    21.405,
    -29.9506
  ],
  [
    21.413,
    -29.9473
  ],
  [
    21.441,
    -29.9222
  ],
  [
    21.452,
    -29.9342
  ],
  [
    21.479,
    -29.8985
  ],
  [
    21.486,
    -29.9026
  ],
  [
    21.516,
    -29.9
  ],
  [
    21.537,
    -29.8864
  ],
  [
    21.547,
    -29.8828
  ],
  [
    21.574,
    -29.8679
  ],
  [
    21.585,
    -29.8615
  ],
  [
    21.612,
    -29.8371
  ],
  [
    21.62,
    -29.8232
  ],
  [
    21.649,
    -29.8075
  ],
  [
    21.66,
    -29.7999
  ],
  [
    21.674,
    -29.7916
  ],
  [
    21.703,
    -29.7843
  ],
  [
    21.711,
    -29.7939
  ],
  [
    21.739,
    -29.7719
  ],
  [
    21.748,
    -29.769
  ],
  [
    21.779,
    -29.7551
  ],
  [
    21.79,
    -29.7473
  ],
  [
    21.817,
    -29.7276
  ],
  [
    21.824,
    -29.7231
  ],
  [
    21.842,
    -29.7387
  ],
  [
    21.854,
    -29.7218
  ],
  [
    21.875,
    -29.7101
  ],
  [
    21.898,
    -29.6962
  ],
  [
    21.909,
    -29.6871
  ],
  [
    21.936,
    -29.6675
  ],
  [
    21.944,
    -29.6595
  ],
  [
    21.975,
    -29.6477
  ],
  [
    21.983,
    -29.6453
  ],
  [
    22.011,
    -29.6435
  ],
  [
    22.02,
    -29.6375
  ],
  [
    22.046,
    -29.6268
  ],
  [
    22.055,
    -29.6109
  ],
  [
    22.084,
    -29.6038
  ],
  [
    22.089,
    -29.5963
  ],
  [
    22.111,
    -29.5841
  ],
  [
    22.138,
    -29.572
  ],
  [
    22.145,
    -29.566
  ],
  [
    22.178,
    -29.5551
  ],
  [
    22.186,
    -29.549
  ],
  [
    22.212,
    -29.5402
  ],
  [
    22.219,
    -29.5355
  ],
  [
    22.234,
    -29.5292
  ],
  [
    22.261,
    -29.5204
  ],
  [
    22.27,
    -29.5146
  ],
  [
    22.297,
    -29.5052
  ],
  [
    22.307,
    -29.5014
  ],
  [
    22.334,
    -29.4931
  ],
  [
    22.346,
    -29.4893
  ],
  [
    22.372,
    -29.4814
  ],
  [
    22.382,
    -29.4763
  ],
  [
    22.409,
    -29.469
  ],
  [
    22.417,
    -29.4647
  ],
  [
    22.447,
    -29.4567
  ],
  [
    22.454,
    -29.4525
  ],
  [
    22.477,
    -29.4466
  ],
  [
    22.503,
    -29.4398
  ],
  [
    22.512,
    -29.4368
  ],
  [
    22.542,
    -29.4311
  ],
  [
    22.549,
    -29.4293
  ],
  [
    22.572,
    -29.4377
  ],
  [
    22.584,
    -29.4332
  ],
  [
    22.611,
    -29.4315
  ],
  [
    22.62,
    -29.4237
  ],
  [
    22.653,
    -29.4285
  ],
  [
    22.662,
    -29.4278
  ],
  [
    22.692,
    -29.4174
  ],
  [
    22.701,
    -29.4217
  ],
  [
    22.723,
    -29.4126
  ],
  [
    22.737,
    -29.4109
  ],
  [
    22.761,
    -29.411
  ],
  [
    22.769,
    -29.394
  ],
  [
    22.784,
    -29.4586
  ],
  [
    22.81,
    -29.7599
  ],
  [
    22.836,
    -29.9996
  ],
  [
    22.845,
    -29.9999
  ],
  [
    22.867,
    -29.9999
  ],
  [
    22.879,
    -30.0
  ],
  [
    22.902,
    -30.0
  ],
  [
    22.915,
    -30.0
  ],
  [
    22.939,
    -30.0
  ],
  [
    22.953,
    -30.0
  ],
  [
    22.969,
    -30.0
  ],
  [
    22.995,
    -30.0
  ],
  [
    23.009,
    -30.0
  ],
  [
    23.024,
    -30.0
  ],
  [
    23.053,
    -30.0
  ],
  [
    23.061,
    -30.0
  ],
  [
    23.09,
    -30.0
  ],
  [
    23.101,
    -30.0
  ],
  [
    23.13,
    -30.0
  ],
  [
    23.14,
    -30.0
  ],
  [
    23.166,
    -30.0
  ],
  [
    23.174,
    -30.0
  ],
  [
    23.203,
    -30.0
  ],
  [
    23.211,
    -30.0
  ],
  [
    23.227,
    -30.0
  ],
  [
    23.256,
    -30.0
  ],
  [
    23.264,
    -30.0
  ],
  [
    23.291,
    -30.0
  ],
  [
    23.3,
    -30.0
  ],
  [
    23.324,
    -30.0
  ],
  [
    23.347,
    -30.0
  ],
  [
    23.354,
    -30.0
  ],
  [
    23.38,
    -30.0
  ],
  [
    23.391,
    -30.0
  ],
  [
    23.418,
    -30.0
  ],
  [
    23.427,
    -30.0
  ],
  [
    23.459,
    -30.0
  ],
  [
    23.467,
    -30.0
  ],
  [
    23.494,
    -30.0
  ],
  [
    23.503,
    -30.0
  ],
  [
    23.53,
    -30.0
  ],
  [
    23.54,
    -30.0
  ],
  [
    23.551,
    -30.0
  ],
  [
    23.577,
    -30.0
  ],
  [
    23.601,
    -30.0
  ],
  [
    23.607,
    -30.0
  ],
  [
    23.622,
    -30.0
  ],
  [
    23.648,
    -30.0
  ],
  [
    23.658,
    -30.0
  ],
  [
    23.672,
    -30.0
  ],
  [
    23.697,
    -30.0
  ],
  [
    23.714,
    -30.0
  ],
  [
    23.739,
    -30.0
  ],
  [
    23.748,
    -30.0
  ],
  [
    23.771,
    -30.0
  ],
  [
    23.784,
    -28.1106
  ],
  [
    23.814,
    -24.1293
  ],
  [
    23.823,
    -22.4197
  ],
  [
    23.845,
    -18.4074
  ],
  [
    23.871,
    -15.2141
  ],
  [
    23.881,
    -13.5922
  ],
  [
    23.907,
    -9.9921
  ],
  [
    23.917,
    -8.1059
  ],
  [
    23.945,
    -4.4999
  ],
  [
    23.954,
    -2.5999
  ],
  [
    23.969,
    -0.4626
  ],
  [
    23.994,
    1.9411
  ],
  [
    24.008,
    2.8412
  ],
  [
    24.034,
    4.6361
  ],
  [
    24.043,
    5.3972
  ],
  [
    24.073,
    7.2463
  ],
  [
    24.083,
    7.9547
  ],
  [
    24.099,
    8.7733
  ],
  [
    24.129,
    10.479
  ],
  [
    24.154,
    12.1372
  ],
  [
    24.163,
    12.8012
  ],
  [
    24.192,
    14.3982
  ],
  [
    24.203,
    15.0319
  ],
  [
    24.23,
    16.5452
  ],
  [
    24.239,
    17.0596
  ],
  [
    24.264,
    18.4579
  ],
  [
    24.276,
    19.1082
  ],
  [
    24.304,
    20.3346
  ],
  [
    24.312,
    20.9367
  ],
  [
    24.341,
    22.2376
  ],
  [
    24.349,
    22.8076
  ],
  [
    24.367,
    23.3911
  ],
  [
    24.39,
    23.6177
  ],
  [
    24.403,
    23.6177
  ],
  [
    24.431,
    23.6172
  ],
  [
    24.442,
    23.6174
  ],
  [
    24.469,
    23.617
  ],
  [
    24.478,
    23.6171
  ],
  [
    24.506,
    23.6167
  ],
  [
    24.515,
    23.6168
  ],
  [
    24.542,
    23.6167
  ],
  [
    24.549,
    23.6166
  ],
  [
    24.576,
    23.6174
  ],
  [
    24.587,
    23.6173
  ],
  [
    24.614,
    23.617
  ],
  [
    24.623,
    23.6171
  ],
  [
    24.652,
    23.6166
  ],
  [
    24.661,
    23.6168
  ],
  [
    24.687,
    23.6167
  ],
  [
    24.701,
    23.6166
  ],
  [
    24.711,
    23.6164
  ],
  [
    24.727,
    23.6162
  ],
  [
    24.755,
    23.6164
  ],
  [
    24.771,
    23.6166
  ],
  [
    24.779,
    23.616
  ],
  [
    24.806,
    23.6162
  ],
  [
    24.814,
    23.6171
  ],
  [
    24.827,
    23.617
  ],
  [
    24.851,
    23.6187
  ],
  [
    24.864,
    23.6173
  ],
  [
    24.888,
    23.6183
  ],
  [
    24.899,
    23.6178
  ],
  [
    24.913,
    23.6189
  ],
  [
    24.941,
    23.6187
  ],
  [
    24.95,
    23.6189
  ],
  [
    24.977,
    23.6185
  ],
  [
    24.989,
    23.6193
  ],
  [
    25.003,
    23.618
  ],
  [
    25.033,
    23.6183
  ],
  [
    25.045,
    23.6189
  ],
  [
    25.056,
    23.6189
  ],
  [
    25.087,
    23.616
  ],
  [
    25.095,
    23.6184
  ],
  [
    25.11,
    23.6194
  ],
  [
    25.135,
    23.6187
  ],
  [
    25.147,
    23.6194
  ],
  [
    25.176,
    23.6184
  ],
  [
    25.185,
    23.6185
  ],
  [
    25.213,
    23.6193
  ],
  [
    25.221,
    23.618
  ],
  [
    25.248,
    23.6189
  ],
  [
    25.258,
    23.6096
  ],
  [
    25.285,
    23.6118
  ],
  [
    25.29,
    23.6124
  ],
  [
    25.314,
    23.615
  ],
  [
    25.326,
    23.6145
  ],
  [
    25.352,
    23.6174
  ],
  [
    25.361,
    23.616
  ],
  [
    25.39,
    23.6193
  ],
  [
    25.401,
    23.618
  ],
  [
    25.431,
    23.6187
  ],
  [
    25.441,
    23.6185
  ],
  [
    25.466,
    23.6181
  ],
  [
    25.477,
    23.6181
  ],
  [
    25.507,
    23.619
  ],
  [
    25.513,
    23.6181
  ],
  [
    25.54,
    23.6192
  ],
  [
    25.549,
    23.6088
  ],
  [
    25.576,
    23.611
  ],
  [
    25.583,
    23.6105
  ],
  [
    25.609,
    23.6154
  ],
  [
    25.62,
    23.6146
  ],
  [
    25.645,
    23.615
  ],
  [
    25.656,
    23.6067
  ],
  [
    25.683,
    23.6104
  ],
  [
    25.705,
    23.6144
  ],
  [
    25.716,
    23.6145
  ],
  [
    25.746,
    23.6165
  ],
  [
    25.755,
    23.616
  ],
  [
    25.77,
    23.6189
  ],
  [
    25.796,
    23.6178
  ],
  [
    25.805,
    23.616
  ],
  [
    25.837,
    23.6188
  ],
  [
    25.847,
    23.618
  ],
  [
    25.876,
    23.6181
  ],
  [
    25.899,
    23.6186
  ],
  [
    25.906,
    23.6083
  ],
  [
    25.935,
    23.61
  ],
  [
    25.942,
    23.6105
  ],
  [
    25.963,
    23.6095
  ],
  [
    25.986,
    23.6127
  ],
  [
    26.002,
    23.6128
  ],
  [
    26.016,
    23.6163
  ],
  [
    26.041,
    23.614
  ],
  [
    26.052,
    23.6143
  ],
  [
    26.066,
    23.6179
  ],
  [
    26.092,
    23.6164
  ],
  [
    26.106,
    23.6156
  ],
  [
    26.117,
    23.618
  ],
  [
    26.144,
    23.6165
  ],
  [
    26.153,
    23.6171
  ],
  [
    26.175,
    23.6167
  ],
  [
    26.19,
    23.616
  ],
  [
    26.217,
    23.6177
  ],
  [
    26.224,
    23.6161
  ],
  [
    26.237,
    23.6167
  ],
  [
    26.265,
    23.6188
  ],
  [
    26.275,
    23.6077
  ],
  [
    26.298,
    23.6109
  ],
  [
    26.311,
    23.6093
  ],
  [
    26.339,
    23.6085
  ],
  [
    26.367,
    23.6056
  ],
  [
    26.374,
    23.6086
  ],
  [
    26.39,
    23.6055
  ],
  [
    26.416,
    23.607
  ],
  [
    26.422,
    23.6168
  ],
  [
    26.45,
    23.6149
  ],
  [
    26.46,
    23.6154
  ],
  [
    26.487,
    23.6173
  ],
  [
    26.495,
    23.6144
  ],
  [
    26.523,
    23.6167
  ],
  [
    26.531,
    23.6165
  ],
  [
    26.556,
    23.6174
  ],
  [
    26.566,
    23.6165
  ],
  [
    26.59,
    23.6172
  ],
  [
    26.602,
    23.6167
  ],
  [
    26.631,
    23.6179
  ],
  [
    26.644,
    23.6181
  ],
  [
    26.672,
    23.6181
  ],
  [
    26.698,
    23.6183
  ],
  [
    26.705,
    23.6168
  ],
  [
    26.734,
    23.6164
  ],
  [
    26.745,
    23.6189
  ],
  [
    26.776,
    23.6182
  ],
  [
    26.785,
    23.6188
  ],
  [
    26.814,
    23.6192
  ],
  [
    26.823,
    23.6165
  ],
  [
    26.85,
    23.6187
  ],
  [
    26.859,
    23.6165
  ],
  [
    26.88,
    23.6135
  ],
  [
    26.907,
    23.6133
  ],
  [
    26.915,
    23.6133
  ],
  [
    26.945,
    23.6141
  ],
  [
    26.954,
    23.6139
  ],
  [
    26.978,
    23.6143
  ],
  [
    26.989,
    23.6142
  ],
  [
    27.019,
    23.6147
  ],
  [
    27.026,
    23.6143
  ],
  [
    27.053,
    23.6147
  ],
  [
    27.062,
    23.6145
  ],
  [
    27.086,
    23.6147
  ],
  [
    27.094,
    23.6138
  ],
  [
    27.118,
    23.6132
  ],
  [
    27.129,
    23.614
  ],
  [
    27.157,
    23.6132
  ],
  [
    27.167,
    23.6132
  ],
  [
    27.196,
    23.6137
  ],
  [
    27.206,
    23.614
  ],
  [
    27.233,
    23.6141
  ],
  [
    27.255,
    23.6141
  ],
  [
    27.265,
    23.6138
  ],
  [
    27.292,
    23.6135
  ],
  [
    27.302,
    23.6134
  ],
  [
    27.325,
    23.6133
  ],
  [
    27.339,
    23.6131
  ],
  [
    27.365,
    23.6131
  ],
  [
    27.372,
    23.6131
  ],
  [
    27.4,
    23.6127
  ],
  [
    27.408,
    23.6131
  ],
  [
    27.433,
    23.6129
  ],
  [
    27.444,
    23.6132
  ],
  [
    27.472,
    23.6131
  ],
  [
    27.48,
    23.6134
  ],
  [
    27.509,
    23.6132
  ],
  [
    27.516,
    23.6134
  ],
  [
    27.537,
    23.6143
  ],
  [
    27.552,
    23.6139
  ],
  [
    27.578,
    23.614
  ],
  [
    27.587,
    23.6141
  ],
  [
    27.614,
    23.6146
  ],
  [
    27.622,
    23.6146
  ],
  [
    27.648,
    23.6148
  ],
  [
    27.658,
    23.6148
  ],
  [
    27.684,
    23.6154
  ],
  [
    27.692,
    23.6144
  ],
  [
    27.716,
    23.6152
  ],
  [
    27.728,
    23.615
  ],
  [
    27.744,
    23.6153
  ],
  [
    27.772,
    23.6154
  ],
  [
    27.784,
    23.6152
  ],
  [
    27.81,
    23.6152
  ],
  [
    27.819,
    23.6152
  ],
  [
    27.849,
    23.6155
  ],
  [
    27.858,
    23.6153
  ],
  [
    27.886,
    23.6155
  ],
  [
    27.896,
    23.6152
  ],
  [
    27.919,
    23.6155
  ],
  [
    27.929,
    23.6152
  ],
  [
    27.956,
    23.6153
  ],
  [
    27.966,
    23.6153
  ],
  [
    27.993,
    23.6154
  ],
  [
    28.006,
    23.6154
  ],
  [
    28.033,
    23.6155
  ],
  [
    28.046,
    23.6154
  ],
  [
    28.06,
    23.616
  ],
  [
    28.09,
    23.6156
  ],
  [
    28.1,
    23.6155
  ],
  [
    28.116,
    23.6156
  ],
  [
    28.144,
    23.6156
  ],
  [
    28.159,
    23.6158
  ],
  [
    28.17,
    23.6156
  ],
  [
    28.196,
    23.6155
  ],
  [
    28.208,
    23.6153
  ],
  [
    28.233,
    23.6154
  ],
  [
    28.246,
    23.6153
  ],
  [
    28.271,
    23.6155
  ],
  [
    28.281,
    23.6156
  ],
  [
    28.307,
    23.6156
  ],
  [
    28.317,
    23.6154
  ],
  [
    28.348,
    23.6156
  ],
  [
    28.355,
    23.6156
  ],
  [
    28.384,
    23.6155
  ],
  [
    28.387,
    23.6154
  ],
  [
    28.414,
    23.6156
  ],
  [
    28.429,
    23.6154
  ],
  [
    28.446,
    23.6161
  ],
  [
    28.476,
    23.6157
  ],
  [
    28.486,
    23.6156
  ],
  [
    28.499,
    23.6156
  ],
  [
    28.527,
    23.6155
  ],
  [
    28.54,
    23.6156
  ],
  [
    28.569,
    23.6155
  ],
  [
    28.576,
    23.6156
  ],
  [
    28.605,
    23.6157
  ],
  [
    28.613,
    23.6156
  ],
  [
    28.641,
    23.6158
  ],
  [
    28.651,
    23.6155
  ],
  [
    28.68,
    23.6157
  ],
  [
    28.689,
    23.6155
  ],
  [
    28.715,
    23.6156
  ],
  [
    28.725,
    23.6147
  ],
  [
    28.752,
    23.615
  ],
  [
    28.763,
    23.6144
  ],
  [
    28.791,
    23.6139
  ],
  [
    28.801,
    23.6137
  ],
  [
    28.826,
    23.6135
  ],
  [
    28.839,
    23.6138
  ],
  [
    28.87,
    23.6135
  ],
  [
    28.878,
    23.6134
  ],
  [
    28.905,
    23.6136
  ],
  [
    28.916,
    23.6136
  ],
  [
    28.946,
    23.6136
  ],
  [
    28.955,
    23.6139
  ],
  [
    28.986,
    23.6137
  ],
  [
    28.99,
    23.614
  ],
  [
    29.02,
    23.6135
  ],
  [
    29.043,
    23.614
  ],
  [
    29.054,
    23.6147
  ],
  [
    29.081,
    23.6142
  ],
  [
    29.089,
    23.6143
  ],
  [
    29.118,
    23.615
  ],
  [
    29.125,
    23.6141
  ],
  [
    29.155,
    23.6142
  ],
  [
    29.162,
    23.6142
  ],
  [
    29.193,
    23.6134
  ],
  [
    29.22,
    23.6133
  ],
  [
    29.243,
    23.6136
  ],
  [
    29.274,
    23.6142
  ],
  [
    29.293,
    23.6145
  ],
  [
    29.313,
    23.6136
  ],
  [
    29.329,
    23.6131
  ],
  [
    29.341,
    23.6136
  ],
  [
    29.372,
    23.6146
  ],
  [
    29.378,
    23.6145
  ],
  [
    29.395,
    23.6147
  ],
  [
    29.414,
    23.6141
  ],
  [
    29.432,
    23.6141
  ],
  [
    29.445,
    23.6144
  ],
  [
    29.475,
    23.6151
  ],
  [
    29.483,
    23.6152
  ],
  [
    29.513,
    23.6147
  ],
  [
    29.524,
    23.6151
  ],
  [
    29.556,
    23.6149
  ],
  [
    29.57,
    23.6149
  ],
  [
    29.596,
    23.6151
  ],
  [
    29.605,
    23.6149
  ],
  [
    29.642,
    23.6151
  ],
  [
    29.653,
    23.6159
  ],
  [
    29.685,
    23.6153
  ],
  [
    29.691,
    23.6152
  ],
  [
    29.716,
    23.6154
  ],
  [
    29.727,
    23.6155
  ],
  [
    29.755,
    23.6158
  ],
  [
    29.779,
    23.6156
  ],
  [
    29.79,
    23.6147
  ],
  [
    29.82,
    23.6137
  ],
  [
    29.824,
    23.6139
  ],
  [
    29.851,
    23.613
  ],
  [
    29.879,
    23.6134
  ],
  [
    29.893,
    23.6136
  ],
  [
    29.903,
    23.6139
  ],
  [
    29.928,
    23.6144
  ],
  [
    29.942,
    23.6147
  ],
  [
    29.955,
    23.6149
  ],
  [
    29.979,
    23.6151
  ],
  [
    29.996,
    23.6153
  ],
  [
    30.008,
    23.6159
  ],
  [
    30.036,
    23.6158
  ],
  [
    30.047,
    23.6156
  ],
  [
    30.062,
    23.6158
  ],
  [
    30.089,
    23.616
  ],
  [
    30.104,
    23.6159
  ],
  [
    30.136,
    23.616
  ],
  [
    30.145,
    23.6159
  ],
  [
    30.162,
    23.6164
  ],
  [
    30.177,
    23.6163
  ],
  [
    30.193,
    23.6164
  ],
  [
    30.208,
    23.6163
  ],
  [
    30.234,
    23.616
  ],
  [
    30.245,
    23.616
  ],
  [
    30.259,
    23.6159
  ],
  [
    30.288,
    23.6162
  ],
  [
    30.3,
    23.6158
  ],
  [
    30.327,
    23.616
  ],
  [
    30.336,
    23.6159
  ],
  [
    30.368,
    23.6159
  ],
  [
    30.377,
    23.6163
  ],
  [
    30.407,
    23.616
  ],
  [
    30.417,
    23.6161
  ],
  [
    30.444,
    23.616
  ],
  [
    30.456,
    23.6159
  ],
  [
    30.487,
    23.6161
  ],
  [
    30.51,
    23.6163
  ],
  [
    30.529,
    23.6161
  ],
  [
    30.539,
    23.6165
  ],
  [
    30.571,
    23.616
  ],
  [
    30.579,
    23.6163
  ],
  [
    30.61,
    23.6163
  ],
  [
    30.619,
    23.6161
  ],
  [
    30.649,
    23.6162
  ],
  [
    30.661,
    23.6161
  ],
  [
    30.686,
    23.6162
  ],
  [
    30.701,
    23.616
  ],
  [
    30.731,
    23.6162
  ],
  [
    30.742,
    23.616
  ],
  [
    30.764,
    23.6161
  ],
  [
    30.796,
    23.6162
  ],
  [
    30.819,
    23.6163
  ],
  [
    30.827,
    23.616
  ],
  [
    30.859,
    23.6162
  ],
  [
    30.871,
    23.6161
  ],
  [
    30.89,
    23.6166
  ],
  [
    30.914,
    23.6164
  ],
  [
    30.931,
    23.6162
  ],
  [
    30.941,
    23.6164
  ],
  [
    30.971,
    23.6161
  ],
  [
    30.979,
    23.6161
  ],
  [
    31.013,
    23.6162
  ],
  [
    31.024,
    23.6163
  ],
  [
    31.052,
    23.6162
  ],
  [
    31.062,
    23.616
  ],
  [
    31.091,
    23.6161
  ],
  [
    31.101,
    23.6161
  ],
  [
    31.116,
    23.6164
  ],
  [
    31.147,
    23.6163
  ],
  [
    31.157,
    23.6163
  ],
  [
    31.184,
    23.6161
  ],
  [
    31.194,
    23.6161
  ],
  [
    31.224,
    23.6162
  ],
  [
    31.236,
    23.6164
  ],
  [
    31.264,
    23.6163
  ],
  [
    31.275,
    23.6161
  ],
  [
    31.303,
    23.6162
  ],
  [
    31.31,
    23.6161
  ],
  [
    31.325,
    23.6161
  ],
  [
    31.351,
    23.6162
  ],
  [
    31.362,
    23.6161
  ],
  [
    31.389,
    23.6163
  ],
  [
    31.4,
    23.6162
  ],
  [
    31.414,
    23.6162
  ],
  [
    31.444,
    23.6165
  ],
  [
    31.454,
    23.6161
  ],
  [
    31.486,
    23.6163
  ],
  [
    31.495,
    23.6161
  ],
  [
    31.507,
    23.6165
  ],
  [
    31.538,
    23.6164
  ],
  [
    31.546,
    23.6162
  ],
  [
    31.57,
    23.6162
  ],
  [
    31.599,
    23.6162
  ],
  [
    31.609,
    23.6162
  ],
  [
    31.637,
    23.6161
  ],
  [
    31.645,
    23.6164
  ],
  [
    31.673,
    23.6162
  ],
  [
    31.681,
    23.6162
  ],
  [
    31.711,
    23.6164
  ],
  [
    31.738,
    23.6165
  ],
  [
    31.748,
    23.6164
  ],
  [
    31.774,
    23.6163
  ],
  [
    31.785,
    23.6164
  ],
  [
    31.816,
    23.6163
  ],
  [
    31.824,
    23.6163
  ],
  [
    31.841,
    23.6164
  ],
  [
    31.871,
    23.6163
  ],
  [
    31.879,
    23.6163
  ],
  [
    31.907,
    23.6162
  ],
  [
    31.916,
    23.6163
  ],
  [
    31.945,
    23.6164
  ],
  [
    31.953,
    23.6163
  ],
  [
    31.98,
    23.6163
  ],
  [
    31.987,
    23.6162
  ],
  [
    32.013,
    23.6163
  ],
  [
    32.026,
    23.6165
  ],
  [
    32.055,
    23.6166
  ],
  [
    32.063,
    23.6163
  ],
  [
    32.09,
    23.6163
  ],
  [
    32.118,
    23.6165
  ],
  [
    32.146,
    23.6168
  ],
  [
    32.155,
    23.6164
  ],
  [
    32.183,
    23.6164
  ],
  [
    32.196,
    23.6162
  ],
  [
    32.204,
    23.6163
  ],
  [
    32.235,
    23.6165
  ],
  [
    32.247,
    23.6166
  ],
  [
    32.261,
    23.6164
  ],
  [
    32.288,
    23.6164
  ],
  [
    32.296,
    23.6161
  ],
  [
    32.323,
    23.6162
  ],
  [
    32.332,
    23.6162
  ],
  [
    32.347,
    23.6165
  ],
  [
    32.374,
    23.6162
  ],
  [
    32.381,
    23.6165
  ],
  [
    32.41,
    23.6155
  ],
  [
    32.421,
    23.6147
  ],
  [
    32.447,
    23.6144
  ],
  [
    32.466,
    23.6144
  ],
  [
    32.474,
    23.6132
  ],
  [
    32.501,
    23.6139
  ],
  [
    32.51,
    23.6141
  ],
  [
    32.542,
    23.6136
  ],
  [
    32.549,
    23.614
  ],
  [
    32.579,
    23.6139
  ],
  [
    32.587,
    23.615
  ],
  [
    32.614,
    23.6139
  ],
  [
    32.622,
    23.614
  ],
  [
    32.655,
    23.6149
  ],
  [
    32.665,
    23.6157
  ],
  [
    32.694,
    23.6156
  ],
  [
    32.706,
    23.6154
  ],
  [
    32.716,
    23.6155
  ],
  [
    32.745,
    23.616
  ],
  [
    32.754,
    23.615
  ],
  [
    32.767,
    23.6159
  ],
  [
    32.799,
    23.615
  ],
  [
    32.807,
    23.6148
  ],
  [
    32.833,
    23.6143
  ],
  [
    32.849,
    23.6143
  ],
  [
    32.865,
    23.6142
  ],
  [
    32.872,
    23.6142
  ],
  [
    32.896,
    23.6143
  ],
  [
    32.908,
    23.6143
  ],
  [
    32.935,
    23.6142
  ],
  [
    32.948,
    23.6143
  ],
  [
    32.959,
    23.6136
  ],
  [
    32.985,
    23.6142
  ],
  [
    32.994,
    23.6152
  ],
  [
    33.026,
    23.6149
  ],
  [
    33.033,
    23.6145
  ],
  [
    33.061,
    23.615
  ],
  [
    33.07,
    23.6151
  ],
  [
    33.101,
    23.6158
  ],
  [
    33.109,
    23.6157
  ],
  [
    33.124,
    23.6157
  ],
  [
    33.147,
    23.6159
  ],
  [
    33.16,
    23.6161
  ],
  [
    33.176,
    23.6162
  ],
  [
    33.202,
    23.6162
  ],
  [
    33.214,
    23.6163
  ],
  [
    33.244,
    23.6163
  ],
  [
    33.254,
    22.3371
  ],
  [
    33.272,
    20.9994
  ],
  [
    33.287,
    19.1405
  ],
  [
    33.317,
    16.0447
  ],
  [
    33.326,
    14.7585
  ],
  [
    33.34,
    13.2328
  ],
  [
    33.369,
    9.9577
  ],
  [
    33.381,
    8.4547
  ],
  [
    33.409,
    4.4896
  ],
  [
    33.422,
    2.8802
  ],
  [
    33.453,
    0.0
  ],
  [
    33.46,
    0.0
  ],
  [
    33.487,
    0.0
  ],
  [
    33.501,
    0.0
  ],
  [
    33.507,
    0.0
  ],
  [
    33.539,
    0.0
  ],
  [
    33.548,
    0.0
  ],
  [
    33.578,
    0.0
  ],
  [
    33.586,
    0.0
  ],
  [
    33.617,
    0.0
  ],
  [
    33.624,
    0.0
  ],
  [
    33.654,
    0.0
  ],
  [
    33.66,
    0.0
  ],
  [
    33.687,
    0.0
  ],
  [
    33.696,
    0.0
  ],
  [
    33.721,
    0.0
  ],
  [
    33.732,
    0.0
  ],
  [
    33.761,
    0.0
  ],
  [
    33.774,
    0.0
  ],
  [
    33.804,
    0.0
  ],
  [
    33.816,
    0.0
  ],
  [
    33.845,
    0.0
  ],
  [
    33.855,
    0.0
  ],
  [
    33.882,
    0.0
  ],
  [
    33.892,
    0.0
  ],
  [
    33.923,
    0.0
  ],
  [
    33.936,
    0.0
  ],
  [
    33.944,
    0.0
  ],
  [
    33.961,
    0.0
  ],
  [
    33.99,
    0.0
  ],
  [
    34.008,
    0.0
  ],
  [
    34.017,
    0.0
  ],
  [
    34.049,
    0.0
  ],
  [
    34.06,
    0.0
  ],
  [
    34.075,
    0.0
  ],
  [
    34.089,
    0.0
  ],
  [
    34.121,
    0.0
  ],
  [
    34.13,
    0.0
  ],
  [
    34.146,
    0.0
  ],
  [
    34.169,
    0.0
  ],
  [
    34.191,
    0.0
  ],
  [
    34.208,
    0.0
  ],
  [
    34.231,
    0.0
  ],
  [
    34.241,
    0.0
  ],
  [
    34.255,
    0.0
  ],
  [
    34.274,
    0.0
  ],
  [
    34.288,
    0.0
  ],
  [
    34.318,
    0.0
  ],
  [
    34.329,
    0.0
  ],
  [
    34.362,
    0.0
  ],
  [
    34.373,
    0.0
  ],
  [
    34.4,
    0.0
  ],
  [
    34.415,
    0.0
  ],
  [
    34.427,
    0.0
  ],
  [
    34.462,
    0.0
  ],
  [
    34.472,
    0.0
  ],
  [
    34.504,
    0.0
  ],
  [
    34.531,
    0.0
  ],
  [
    34.542,
    0.0
  ],
  [
    34.554,
    0.0
  ],
  [
    34.572,
    0.0
  ],
  [
    34.604,
    0.0
  ],
  [
    34.611,
    0.0
  ],
  [
    34.626,
    0.0
  ],
  [
    34.654,
    0.0
  ],
  [
    34.663,
    0.0
  ],
  [
    34.693,
    0.0
  ],
  [
    34.701,
    0.0
  ],
  [
    34.731,
    0.0
  ],
  [
    34.742,
    0.0
  ],
  [
    34.773,
    0.0
  ],
  [
    34.781,
    0.0
  ],
  [
    34.811,
    0.0
  ],
  [
    34.822,
    0.0
  ],
  [
    34.838,
    0.0
  ],
  [
    34.865,
    0.0
  ],
  [
    34.876,
    0.0
  ],
  [
    34.902,
    0.0
  ],
  [
    34.911,
    0.0
  ],
  [
    34.942,
    0.0
  ],
  [
    34.951,
    0.0
  ],
  [
    34.982,
    0.0
  ],
  [
    34.989,
    0.0
  ],
  [
    35.006,
    0.0
  ],
  [
    35.034,
    0.0
  ],
  [
    35.048,
    0.0
  ],
  [
    35.075,
    0.0
  ],
  [
    35.086,
    0.0
  ],
  [
    35.1,
    0.0
  ],
  [
    35.129,
    0.0
  ],
  [
    35.14,
    0.0
  ],
  [
    35.167,
    0.0
  ],
  [
    35.176,
    0.0
  ],
  [
    35.19,
    0.0
  ],
  [
    35.206,
    0.0
  ],
  [
    35.236,
    0.0
  ],
  [
    35.246,
    0.0
  ],
  [
    35.26,
    0.0
  ],
  [
    35.275,
    0.0
  ],
  [
    35.302,
    0.0
  ],
  [
    35.31,
    0.0
  ],
  [
    35.324,
    0.0
  ],
  [
    35.355,
    0.0
  ],
  [
    35.364,
    0.0
  ],
  [
    35.377,
    0.0
  ],
  [
    35.407,
    0.0
  ],
  [
    35.416,
    0.0
  ],
  [
    35.431,
    0.0
  ],
  [
    35.449,
    0.0
  ],
  [
    35.479,
    0.0
  ],
  [
    35.486,
    0.0
  ],
  [
    35.516,
    0.0
  ],
  [
    35.522,
    0.0
  ],
  [
    35.537,
    0.0
  ],
  [
    35.566,
    0.0
  ],
  [
    35.582,
    0.0
  ],
  [
    35.59,
    0.0
  ],
  [
    35.621,
    0.0
  ],
  [
    35.642,
    0.0
  ],
  [
    35.651,
    0.0
  ],
  [
    35.676,
    0.0
  ],
  [
    35.691,
    0.0
  ],
  [
    35.704,
    0.0
  ],
  [
    35.731,
    0.0
  ],
  [
    35.742,
    0.0
  ],
  [
    35.772,
    0.0
  ],
  [
    35.784,
    0.0
  ],
  [
    35.8,
    0.0
  ],
  [
    35.816,
    0.0
  ],
  [
    35.85,
    0.0
  ],
  [
    35.859,
    0.0
  ],
  [
    35.889,
    0.0
  ],
  [
    35.9,
    0.0
  ],
  [
    35.934,
    0.0
  ],
  [
    35.943,
    0.0
  ],
  [
    35.971,
    0.0
  ],
  [
    35.98,
    0.0
  ],
  [
    36.011,
    0.0
  ],
  [
    36.02,
    0.0
  ],
  [
    36.049,
    0.0
  ],
  [
    36.058,
    0.0
  ],
  [
    36.073,
    0.0
  ],
  [
    36.105,
    0.0
  ],
  [
    36.111,
    0.0
  ],
  [
    36.14,
    0.0
  ],
  [
    36.151,
    0.0
  ],
  [
    36.166,
    0.0
  ],
  [
    36.193,
    0.0
  ],
  [
    36.205,
    0.0
  ],
  [
    36.219,
    0.0
  ],
  [
    36.249,
    0.0
  ],
  [
    36.259,
    0.0
  ],
  [
    36.286,
    0.0
  ],
  [
    36.299,
    0.0
  ],
  [
    36.326,
    0.0
  ],
  [
    36.339,
    0.0
  ],
  [
    36.371,
    0.0
  ],
  [
    36.381,
    0.0
  ],
  [
    36.398,
    0.0
  ],
  [
    36.418,
    0.0
  ],
  [
    36.437,
    0.0
  ],
  [
    36.453,
    0.0
  ],
  [
    36.468,
    0.0
  ],
  [
    36.484,
    0.0
  ],
  [
    36.5,
    0.0
  ],
  [
    36.514,
    0.0
  ],
  [
    36.54,
    0.0
  ],
  [
    36.553,
    0.0
  ],
  [
    36.569,
    0.0
  ],
  [
    36.601,
    0.0
  ],
  [
    36.611,
    0.0
  ],
  [
    36.628,
    0.0
  ],
  [
    36.641,
    0.0
  ],
  [
    36.671,
    0.0
  ],
  [
    36.681,
    0.0
  ],
  [
    36.696,
    0.0
  ],
  [
    36.725,
    0.0
  ],
  [
    36.737,
    0.0
  ],
  [
    36.75,
    0.0
  ],
  [
    36.78,
    0.0
  ],
  [
    36.792,
    0.0
  ],
  [
    36.807,
    0.0
  ],
  [
    36.838,
    0.0
  ],
  [
    36.846,
    0.0
  ],
  [
    36.86,
    0.0
  ],
  [
    36.888,
    0.0
  ],
  [
    36.901,
    0.0
  ],
  [
    36.915,
    0.0
  ],
  [
    36.944,
    0.0
  ],
  [
    36.961,
    0.0
  ],
  [
    36.97,
    0.0
  ],
  [
    37.003,
    0.0
  ],
  [
    37.012,
    0.0
  ],
  [
    37.047,
    0.0
  ],
  [
    37.057,
    0.0
  ],
  [
    37.086,
    0.0
  ],
  [
    37.094,
    0.0
  ],
  [
    37.109,
    0.0
  ],
  [
    37.137,
    0.0
  ],
  [
    37.151,
    0.0
  ],
  [
    37.164,
    0.0
  ],
  [
    37.178,
    0.0
  ],
  [
    37.206,
    0.0
  ],
  [
    37.219,
    0.0
  ],
  [
    37.234,
    0.0
  ],
  [
    37.263,
    0.0
  ],
  [
    37.274,
    0.0
  ],
  [
    37.29,
    0.0
  ],
  [
    37.307,
    0.0
  ],
  [
    37.335,
    0.0
  ],
  [
    37.347,
    0.0
  ],
  [
    37.364,
    0.0
  ],
  [
    37.395,
    0.0
  ],
  [
    37.406,
    0.0
  ],
  [
    37.422,
    0.0
  ],
  [
    37.443,
    0.0
  ],
  [
    37.461,
    0.0
  ],
  [
    37.479,
    0.0
  ],
  [
    37.493,
    0.0
  ],
  [
    37.511,
    0.0
  ],
  [
    37.529,
    0.0
  ],
  [
    37.544,
    0.0
  ],
  [
    37.576,
    0.0
  ],
  [
    37.59,
    0.0
  ],
  [
    37.609,
    0.0
  ],
  [
    37.623,
    0.0
  ],
  [
    37.642,
    0.0
  ],
  [
    37.659,
    0.0
  ],
  [
    37.674,
    0.0
  ],
  [
    37.686,
    0.0
  ],
  [
    37.707,
    0.0
  ],
  [
    37.736,
    0.0
  ],
  [
    37.753,
    0.0
  ],
  [
    37.764,
    0.0
  ],
  [
    37.779,
    0.0
  ],
  [
    37.795,
    0.0
  ],
  [
    37.827,
    0.0
  ],
  [
    37.847,
    0.0
  ],
  [
    37.859,
    0.0
  ],
  [
    37.873,
    0.0
  ],
  [
    37.907,
    0.0
  ],
  [
    37.928,
    0.0
  ],
  [
    37.934,
    0.0
  ],
  [
    37.952,
    0.0
  ],
  [
    37.97,
    0.0
  ],
  [
    38.0,
    0.0
  ],
  [
    38.012,
    0.0
  ],
  [
    38.027,
    0.0
  ],
  [
    38.041,
    0.0
  ],
  [
    38.07,
    0.0
  ],
  [
    38.081,
    0.0
  ],
  [
    38.109,
    0.0
  ],
  [
    38.126,
    0.0
  ],
  [
    38.134,
    0.0
  ],
  [
    38.164,
    0.0
  ],
  [
    38.176,
    0.0
  ],
  [
    38.204,
    0.0
  ],
  [
    38.217,
    0.0
  ],
  [
    38.256,
    0.0
  ],
  [
    38.266,
    0.0
  ],
  [
    38.295,
    0.0
  ],
  [
    38.305,
    0.0
  ],
  [
    38.338,
    0.0
  ],
  [
    38.347,
    0.0
  ],
  [
    38.363,
    0.0
  ],
  [
    38.391,
    0.0
  ],
  [
    38.403,
    0.0
  ],
  [
    38.42,
    0.0
  ],
  [
    38.455,
    0.0
  ],
  [
    38.465,
    0.0
  ],
  [
    38.493,
    0.0
  ],
  [
    38.509,
    0.0
  ],
  [
    38.517,
    0.0
  ],
  [
    38.55,
    0.0
  ],
  [
    38.558,
    0.0
  ],
  [
    38.588,
    0.0
  ],
  [
    38.597,
    0.0
  ],
  [
    38.628,
    0.0
  ],
  [
    38.643,
    0.0
  ],
  [
    38.655,
    0.0
  ],
  [
    38.688,
    0.0
  ],
  [
    38.695,
    0.0
  ],
  [
    38.71,
    0.0
  ],
  [
    38.728,
    0.0
  ],
  [
    38.755,
    0.0
  ],
  [
    38.771,
    0.0
  ],
  [
    38.793,
    0.0
  ],
  [
    38.806,
    0.0
  ],
  [
    38.841,
    0.0
  ],
  [
    38.857,
    0.0
  ],
  [
    38.868,
    0.0
  ],
  [
    38.882,
    0.0
  ],
  [
    38.912,
    0.0
  ],
  [
    38.919,
    0.0
  ],
  [
    38.947,
    0.0
  ],
  [
    38.957,
    0.0
  ],
  [
    38.986,
    0.0
  ],
  [
    39.006,
    0.0
  ],
  [
    39.012,
    0.0
  ],
  [
    39.051,
    0.0
  ],
  [
    39.065,
    0.0
  ],
  [
    39.084,
    0.0
  ],
  [
    39.101,
    0.0
  ],
  [
    39.117,
    0.0
  ],
  [
    39.131,
    0.0
  ],
  [
    39.149,
    0.0
  ],
  [
    39.166,
    0.0
  ],
  [
    39.181,
    0.0
  ],
  [
    39.194,
    0.0
  ],
  [
    39.209,
    0.0
  ],
  [
    39.234,
    0.0
  ],
  [
    39.249,
    0.0
  ],
  [
    39.274,
    0.0
  ],
  [
    39.289,
    0.0
  ],
  [
    39.301,
    0.0
  ],
  [
    39.331,
    0.0
  ],
  [
    39.34,
    0.0
  ],
  [
    39.37,
    0.0
  ],
  [
    39.381,
    0.0
  ],
  [
    39.41,
    0.0
  ],
  [
    39.421,
    0.0
  ],
  [
    39.435,
    0.0
  ],
  [
    39.46,
    0.0
  ],
  [
    39.475,
    0.0
  ],
  [
    39.494,
    0.0
  ],
  [
    39.506,
    0.0
  ],
  [
    39.534,
    0.0
  ],
  [
    39.545,
    0.0
  ],
  [
    39.573,
    0.0
  ],
  [
    39.588,
    0.0
  ],
  [
    39.603,
    0.0
  ],
  [
    39.617,
    0.0
  ],
  [
    39.654,
    0.0
  ],
  [
    39.672,
    0.0
  ],
  [
    39.681,
    0.0
  ],
  [
    39.707,
    0.0
  ],
  [
    39.714,
    0.0
  ],
  [
    39.745,
    0.0
  ],
  [
    39.754,
    0.0
  ],
  [
    39.78,
    0.0
  ],
  [
    39.79,
    0.0
  ],
  [
    39.811,
    0.0
  ],
  [
    39.83,
    0.0
  ],
  [
    39.845,
    0.0
  ],
  [
    39.874,
    0.0
  ],
  [
    39.882,
    0.0
  ],
  [
    39.907,
    0.0
  ],
  [
    39.914,
    0.0
  ],
  [
    39.933,
    0.0
  ],
  [
    39.959,
    0.0
  ],
  [
    39.968,
    0.0
  ],
  [
    39.996,
    0.0
  ],
  [
    40.004,
    0.0
  ],
  [
    40.025,
    0.0
  ],
  [
    40.048,
    0.0
  ],
  [
    40.06,
    0.0
  ],
  [
    40.074,
    0.0
  ],
  [
    40.099,
    0.0
  ],
  [
    40.12,
    0.0
  ],
  [
    40.14,
    0.0
  ],
  [
    40.151,
    0.0
  ],
  [
    40.165,
    0.0
  ],
  [
    40.199,
    0.0
  ],
  [
    40.21,
    0.0
  ],
  [
    40.226,
    0.0
  ],
  [
    40.251,
    0.0
  ],
  [
    40.268,
    0.0
  ],
  [
    40.284,
    0.0
  ],
  [
    40.296,
    0.0
  ],
  [
    40.32,
    0.0
  ],
  [
    40.342,
    0.0
  ],
  [
    40.35,
    0.0
  ],
  [
    40.376,
    0.0
  ],
  [
    40.384,
    0.0
  ],
  [
    40.414,
    0.0
  ],
  [
    40.419,
    0.0
  ],
  [
    40.446,
    0.0
  ],
  [
    40.455,
    0.0
  ],
  [
    40.483,
    0.0
  ],
  [
    40.491,
    0.0
  ],
  [
    40.517,
    0.0
  ],
  [
    40.536,
    0.0
  ],
  [
    40.547,
    0.0
  ],
  [
    40.564,
    0.0
  ],
  [
    40.589,
    0.0
  ],
  [
    40.599,
    0.0
  ],
  [
    40.614,
    0.0
  ],
  [
    40.635,
    0.0
  ],
  [
    40.659,
    0.0
  ],
  [
    40.673,
    0.0
  ],
  [
    40.683,
    0.0
  ],
  [
    40.711,
    0.0
  ],
  [
    40.719,
    0.0
  ],
  [
    40.741,
    0.0
  ],
  [
    40.754,
    0.0
  ]
]