# Steering Wheel Angle Log (Actual Physical Angle)
# Start time : 2026-05-28 19:03:30
# End time   : 2026-05-28 19:04:31
# Total time : 60.99 seconds
# Points     : 3355
# Format     : [[elapsed_seconds, wheel_angle_degrees], ...]
[
  [
    0.227,
    0.0
  ],
  [
    0.256,
    0.0
  ],
  [
    0.267,
    0.0
  ],
  [
    0.282,
    0.0
  ],
  [
    0.31,
    0.0
  ],
  [
    0.321,
    0.0
  ],
  [
    0.336,
    0.0
  ],
  [
    0.351,
    0.0
  ],
  [
    0.378,
    0.0
  ],
  [
    0.397,
    0.0
  ],
  [
    0.415,
    0.0
  ],
  [
    0.426,
    0.0
  ],
  [
    0.438,
    0.0
  ],
  [
    0.467,
    0.0
  ],
  [
    0.478,
    0.0
  ],
  [
    0.493,
    0.0
  ],
  [
    0.517,
    0.0
  ],
  [
    0.53,
    0.0
  ],
  [
    0.545,
    0.0
  ],
  [
    0.573,
    0.0
  ],
  [
    0.584,
    0.0
  ],
  [
    0.613,
    0.0
  ],
  [
    0.624,
    0.0
  ],
  [
    0.653,
    0.0
  ],
  [
    0.673,
    0.0
  ],
  [
    0.691,
    0.0
  ],
  [
    0.704,
    0.0
  ],
  [
    0.718,
    0.0
  ],
  [
    0.732,
    0.0
  ],
  [
    0.747,
    0.0
  ],
  [
    0.765,
    0.0
  ],
  [
    0.794,
    0.0
  ],
  [
    0.805,
    0.0
  ],
  [
    0.82,
    0.0
  ],
  [
    0.85,
    0.0
  ],
  [
    0.862,
    0.0
  ],
  [
    0.877,
    0.0
  ],
  [
    0.904,
    0.0
  ],
  [
    0.916,
    0.0
  ],
  [
    0.93,
    0.0
  ],
  [
    0.958,
    0.0
  ],
  [
    0.967,
    0.0
  ],
  [
    0.997,
    0.0
  ],
  [
    1.012,
    0.0
  ],
  [
    1.022,
    0.0
  ],
  [
    1.038,
    0.0
  ],
  [
    1.054,
    0.0
  ],
  [
    1.086,
    0.0
  ],
  [
    1.1,
    0.0
  ],
  [
    1.125,
    0.0
  ],
  [
    1.135,
    0.0
  ],
  [
    1.151,
    0.0
  ],
  [
    1.184,
    0.0
  ],
  [
    1.196,
    0.0
  ],
  [
    1.214,
    0.0
  ],
  [
    1.23,
    0.0
  ],
  [
    1.248,
    0.0
  ],
  [
    1.278,
    0.0
  ],
  [
    1.293,
    0.0
  ],
  [
    1.308,
    0.0
  ],
  [
    1.323,
    0.0
  ],
  [
    1.34,
    0.0
  ],
  [
    1.355,
    0.0
  ],
  [
    1.387,
    0.0
  ],
  [
    1.398,
    0.0
  ],
  [
    1.413,
    0.0
  ],
  [
    1.442,
    0.0
  ],
  [
    1.454,
    0.0
  ],
  [
    1.47,
    0.0
  ],
  [
    1.487,
    0.0
  ],
  [
    1.5,
    0.0
  ],
  [
    1.514,
    0.0
  ],
  [
    1.543,
    0.0
  ],
  [
    1.554,
    0.0
  ],
  [
    1.571,
    0.0
  ],
  [
    1.588,
    0.0
  ],
  [
    1.603,
    0.0
  ],
  [
    1.62,
    0.0
  ],
  [
    1.654,
    0.0
  ],
  [
    1.663,
    0.0
  ],
  [
    1.682,
    0.0
  ],
  [
    1.699,
    0.0
  ],
  [
    1.713,
    0.0
  ],
  [
    1.728,
    0.0
  ],
  [
    1.744,
    0.0
  ],
  [
    1.76,
    0.0
  ],
  [
    1.792,
    0.0
  ],
  [
    1.805,
    0.0
  ],
  [
    1.82,
    0.0
  ],
  [
    1.834,
    0.0
  ],
  [
    1.85,
    0.0
  ],
  [
    1.88,
    0.0
  ],
  [
    1.892,
    0.0
  ],
  [
    1.905,
    0.0
  ],
  [
    1.936,
    0.0
  ],
  [
    1.959,
    0.0
  ],
  [
    1.992,
    0.0
  ],
  [
    2.002,
    0.0
  ],
  [
    2.032,
    0.0
  ],
  [
    2.045,
    0.0
  ],
  [
    2.086,
    0.0
  ],
  [
    2.107,
    0.0
  ],
  [
    2.122,
    0.0
  ],
  [
    2.134,
    0.0
  ],
  [
    2.164,
    0.0
  ],
  [
    2.179,
    0.0
  ],
  [
    2.192,
    0.0
  ],
  [
    2.207,
    0.0
  ],
  [
    2.236,
    0.0
  ],
  [
    2.252,
    0.0
  ],
  [
    2.266,
    0.0
  ],
  [
    2.296,
    0.0
  ],
  [
    2.307,
    0.0
  ],
  [
    2.337,
    0.0
  ],
  [
    2.348,
    0.0
  ],
  [
    2.363,
    0.0
  ],
  [
    2.387,
    0.0
  ],
  [
    2.401,
    0.0
  ],
  [
    2.432,
    0.0
  ],
  [
    2.439,
    0.0
  ],
  [
    2.468,
    0.0
  ],
  [
    2.476,
    0.0
  ],
  [
    2.51,
    0.0
  ],
  [
    2.522,
    0.0
  ],
  [
    2.537,
    0.0
  ],
  [
    2.562,
    0.0
  ],
  [
    2.574,
    0.0
  ],
  [
    2.592,
    0.0
  ],
  [
    2.606,
    0.0
  ],
  [
    2.633,
    0.0
  ],
  [
    2.642,
    0.0
  ],
  [
    2.655,
    0.0
  ],
  [
    2.686,
    0.0
  ],
  [
    2.696,
    0.0
  ],
  [
    2.727,
    0.0
  ],
  [
    2.735,
    0.0
  ],
  [
    2.749,
    0.0
  ],
  [
    2.775,
    0.0
  ],
  [
    2.79,
    0.0
  ],
  [
    2.803,
    0.0
  ],
  [
    2.832,
    0.0
  ],
  [
    2.846,
    0.0
  ],
  [
    2.859,
    0.0
  ],
  [
    2.873,
    0.0
  ],
  [
    2.899,
    0.0
  ],
  [
    2.91,
    0.0
  ],
  [
    2.922,
    0.0
  ],
  [
    2.948,
    0.0
  ],
  [
    2.957,
    0.0
  ],
  [
    2.988,
    0.0
  ],
  [
    2.998,
    0.0
  ],
  [
    3.026,
    0.0
  ],
  [
    3.036,
    0.0
  ],
  [
    3.059,
    0.0
  ],
  [
    3.07,
    0.0
  ],
  [
    3.096,
    0.0
  ],
  [
    3.115,
    0.0
  ],
  [
    3.127,
    0.0
  ],
  [
    3.155,
    0.0
  ],
  [
    3.167,
    0.0
  ],
  [
    3.177,
    0.0
  ],
  [
    3.204,
    0.0
  ],
  [
    3.22,
    0.0
  ],
  [
    3.232,
    0.0
  ],
  [
    3.247,
    0.0
  ],
  [
    3.274,
    0.0
  ],
  [
    3.282,
    0.0
  ],
  [
    3.31,
    0.0
  ],
  [
    3.317,
    0.0
  ],
  [
    3.347,
    0.0
  ],
  [
    3.357,
    0.0
  ],
  [
    3.387,
    0.0
  ],
  [
    3.397,
    0.0
  ],
  [
    3.412,
    0.0
  ],
  [
    3.441,
    0.0
  ],
  [
    3.453,
    0.0
  ],
  [
    3.483,
    0.0
  ],
  [
    3.494,
    0.0
  ],
  [
    3.52,
    0.0
  ],
  [
    3.532,
    0.0
  ],
  [
    3.544,
    0.0
  ],
  [
    3.582,
    0.0
  ],
  [
    3.596,
    0.0
  ],
  [
    3.61,
    0.0
  ],
  [
    3.64,
    0.0
  ],
  [
    3.649,
    0.0
  ],
  [
    3.663,
    0.0
  ],
  [
    3.678,
    0.0
  ],
  [
    3.704,
    0.0
  ],
  [
    3.717,
    0.0
  ],
  [
    3.73,
    0.0
  ],
  [
    3.745,
    0.0
  ],
  [
    3.761,
    0.0
  ],
  [
    3.789,
    0.0
  ],
  [
    3.801,
    0.0
  ],
  [
    3.817,
    0.0
  ],
  [
    3.832,
    0.0
  ],
  [
    3.849,
    0.0
  ],
  [
    3.863,
    0.0
  ],
  [
    3.879,
    0.0
  ],
  [
    3.908,
    0.0
  ],
  [
    3.919,
    0.0
  ],
  [
    3.948,
    0.0
  ],
  [
    3.958,
    0.0
  ],
  [
    3.975,
    0.0
  ],
  [
    3.993,
    0.0
  ],
  [
    4.009,
    0.0
  ],
  [
    4.025,
    0.0
  ],
  [
    4.041,
    0.0
  ],
  [
    4.056,
    0.0
  ],
  [
    4.073,
    0.0
  ],
  [
    4.104,
    0.0
  ],
  [
    4.119,
    0.0
  ],
  [
    4.142,
    0.0
  ],
  [
    4.154,
    0.0
  ],
  [
    4.169,
    0.0
  ],
  [
    4.19,
    0.0
  ],
  [
    4.202,
    0.0
  ],
  [
    4.217,
    0.0
  ],
  [
    4.25,
    0.0
  ],
  [
    4.26,
    0.0
  ],
  [
    4.275,
    0.0
  ],
  [
    4.301,
    0.0
  ],
  [
    4.315,
    0.0
  ],
  [
    4.324,
    0.0
  ],
  [
    4.352,
    0.0
  ],
  [
    4.361,
    0.0
  ],
  [
    4.387,
    0.0
  ],
  [
    4.396,
    0.0
  ],
  [
    4.424,
    0.0
  ],
  [
    4.434,
    0.0
  ],
  [
    4.464,
    0.0
  ],
  [
    4.488,
    0.0
  ],
  [
    4.497,
    0.0
  ],
  [
    4.527,
    0.0
  ],
  [
    4.534,
    0.0
  ],
  [
    4.563,
    0.0
  ],
  [
    4.586,
    0.0
  ],
  [
    4.598,
    0.0
  ],
  [
    4.624,
    0.0
  ],
  [
    4.633,
    0.0
  ],
  [
    4.652,
    0.0
  ],
  [
    4.681,
    0.0
  ],
  [
    4.689,
    0.0
  ],
  [
    4.714,
    0.0
  ],
  [
    4.72,
    0.0
  ],
  [
    4.747,
    0.0
  ],
  [
    4.758,
    0.0
  ],
  [
    4.793,
    0.0
  ],
  [
    4.801,
    0.0
  ],
  [
    4.816,
    0.0
  ],
  [
    4.842,
    0.0
  ],
  [
    4.853,
    0.0
  ],
  [
    4.867,
    0.0
  ],
  [
    4.894,
    0.0
  ],
  [
    4.903,
    0.0
  ],
  [
    4.931,
    0.0
  ],
  [
    4.953,
    0.0
  ],
  [
    4.962,
    0.0
  ],
  [
    4.986,
    0.0
  ],
  [
    4.997,
    0.0
  ],
  [
    5.023,
    0.0
  ],
  [
    5.031,
    0.0
  ],
  [
    5.062,
    0.0
  ],
  [
    5.071,
    0.0
  ],
  [
    5.096,
    0.0
  ],
  [
    5.114,
    0.0
  ],
  [
    5.131,
    0.0
  ],
  [
    5.143,
    0.0
  ],
  [
    5.173,
    0.0
  ],
  [
    5.199,
    0.0
  ],
  [
    5.213,
    0.0
  ],
  [
    5.232,
    0.0
  ],
  [
    5.251,
    0.0
  ],
  [
    5.277,
    0.0
  ],
  [
    5.293,
    0.0
  ],
  [
    5.31,
    0.0
  ],
  [
    5.327,
    0.0
  ],
  [
    5.358,
    0.0
  ],
  [
    5.37,
    0.0
  ],
  [
    5.392,
    0.0
  ],
  [
    5.421,
    0.0
  ],
  [
    5.43,
    0.0
  ],
  [
    5.45,
    0.0
  ],
  [
    5.464,
    0.0
  ],
  [
    5.478,
    0.0
  ],
  [
    5.505,
    0.0
  ],
  [
    5.513,
    0.0
  ],
  [
    5.538,
    0.0
  ],
  [
    5.56,
    0.0
  ],
  [
    5.565,
    0.0
  ],
  [
    5.597,
    0.0
  ],
  [
    5.605,
    0.0
  ],
  [
    5.624,
    0.0
  ],
  [
    5.638,
    0.0
  ],
  [
    5.668,
    0.0
  ],
  [
    5.677,
    0.0
  ],
  [
    5.702,
    0.0
  ],
  [
    5.726,
    0.0
  ],
  [
    5.735,
    0.0
  ],
  [
    5.76,
    0.0
  ],
  [
    5.772,
    0.0
  ],
  [
    5.799,
    0.0
  ],
  [
    5.809,
    0.0
  ],
  [
    5.836,
    0.0
  ],
  [
    5.845,
    0.0
  ],
  [
    5.873,
    0.0
  ],
  [
    5.889,
    0.0
  ],
  [
    5.9,
    0.0
  ],
  [
    5.926,
    0.0
  ],
  [
    5.934,
    0.0
  ],
  [
    5.959,
    0.0
  ],
  [
    5.967,
    0.0
  ],
  [
    5.999,
    0.0
  ],
  [
    6.01,
    0.0
  ],
  [
    6.024,
    0.0
  ],
  [
    6.04,
    0.0
  ],
  [
    6.068,
    0.0
  ],
  [
    6.093,
    0.0
  ],
  [
    6.108,
    0.0
  ],
  [
    6.118,
    0.0
  ],
  [
    6.151,
    0.0
  ],
  [
    6.161,
    0.0
  ],
  [
    6.18,
    0.0
  ],
  [
    6.195,
    0.0
  ],
  [
    6.228,
    0.0
  ],
  [
    6.237,
    0.0
  ],
  [
    6.265,
    0.0
  ],
  [
    6.279,
    0.0
  ],
  [
    6.294,
    0.0
  ],
  [
    6.312,
    0.0
  ],
  [
    6.34,
    0.0
  ],
  [
    6.349,
    0.0
  ],
  [
    6.364,
    0.0
  ],
  [
    6.4,
    0.0
  ],
  [
    6.405,
    0.0
  ],
  [
    6.443,
    0.0
  ],
  [
    6.455,
    0.0
  ],
  [
    6.468,
    0.0
  ],
  [
    6.5,
    0.0
  ],
  [
    6.525,
    0.0
  ],
  [
    6.551,
    0.0
  ],
  [
    6.559,
    0.0
  ],
  [
    6.578,
    0.0
  ],
  [
    6.609,
    0.0
  ],
  [
    6.621,
    0.0
  ],
  [
    6.636,
    0.0
  ],
  [
    6.651,
    0.0
  ],
  [
    6.668,
    0.0
  ],
  [
    6.686,
    0.0
  ],
  [
    6.72,
    0.0
  ],
  [
    6.73,
    0.0
  ],
  [
    6.744,
    0.0
  ],
  [
    6.76,
    0.0
  ],
  [
    6.788,
    0.0
  ],
  [
    6.799,
    0.0
  ],
  [
    6.814,
    0.0
  ],
  [
    6.836,
    0.0
  ],
  [
    6.85,
    0.0
  ],
  [
    6.864,
    0.0
  ],
  [
    6.892,
    0.0
  ],
  [
    6.905,
    0.0
  ],
  [
    6.914,
    0.0
  ],
  [
    6.942,
    0.0
  ],
  [
    6.949,
    0.0
  ],
  [
    6.977,
    0.0
  ],
  [
    6.985,
    0.0
  ],
  [
    7.014,
    0.0
  ],
  [
    7.026,
    0.0
  ],
  [
    7.054,
    0.0
  ],
  [
    7.062,
    0.0
  ],
  [
    7.097,
    0.0
  ],
  [
    7.111,
    0.0
  ],
  [
    7.119,
    0.0
  ],
  [
    7.153,
    0.0
  ],
  [
    7.162,
    0.0
  ],
  [
    7.192,
    0.0
  ],
  [
    7.202,
    0.0
  ],
  [
    7.23,
    0.0
  ],
  [
    7.239,
    0.0
  ],
  [
    7.264,
    0.0
  ],
  [
    7.272,
    0.0
  ],
  [
    7.298,
    0.0
  ],
  [
    7.309,
    0.0
  ],
  [
    7.336,
    0.0
  ],
  [
    7.344,
    0.0
  ],
  [
    7.358,
    0.0
  ],
  [
    7.39,
    0.0
  ],
  [
    7.397,
    0.0
  ],
  [
    7.425,
    0.0
  ],
  [
    7.435,
    0.0
  ],
  [
    7.451,
    0.0
  ],
  [
    7.479,
    0.0
  ],
  [
    7.489,
    0.0
  ],
  [
    7.514,
    0.0
  ],
  [
    7.525,
    0.0
  ],
  [
    7.538,
    0.0
  ],
  [
    7.563,
    0.0
  ],
  [
    7.575,
    0.0
  ],
  [
    7.603,
    0.0
  ],
  [
    7.614,
    0.0
  ],
  [
    7.639,
    0.0
  ],
  [
    7.647,
    0.0
  ],
  [
    7.676,
    0.0
  ],
  [
    7.682,
    0.0
  ],
  [
    7.706,
    0.0
  ],
  [
    7.716,
    0.0
  ],
  [
    7.742,
    0.0
  ],
  [
    7.753,
    0.0
  ],
  [
    7.776,
    0.0
  ],
  [
    7.787,
    0.0
  ],
  [
    7.808,
    0.0
  ],
  [
    7.82,
    0.0
  ],
  [
    7.851,
    0.0
  ],
  [
    7.858,
    0.0
  ],
  [
    7.886,
    0.0
  ],
  [
    7.895,
    0.0
  ],
  [
    7.923,
    0.0
  ],
  [
    7.932,
    0.0
  ],
  [
    7.972,
    0.0
  ],
  [
    7.978,
    0.0
  ],
  [
    8.005,
    0.0
  ],
  [
    8.015,
    0.0
  ],
  [
    8.044,
    0.0
  ],
  [
    8.052,
    0.0
  ],
  [
    8.076,
    0.0
  ],
  [
    8.091,
    0.0
  ],
  [
    8.105,
    0.0
  ],
  [
    8.135,
    0.0
  ],
  [
    8.143,
    0.0
  ],
  [
    8.165,
    0.0
  ],
  [
    8.19,
    0.0
  ],
  [
    8.197,
    0.0
  ],
  [
    8.222,
    0.0
  ],
  [
    8.232,
    0.0
  ],
  [
    8.257,
    0.0
  ],
  [
    8.269,
    0.0
  ],
  [
    8.294,
    0.0
  ],
  [
    8.3,
    0.0
  ],
  [
    8.324,
    0.0
  ],
  [
    8.334,
    0.0
  ],
  [
    8.36,
    0.0
  ],
  [
    8.368,
    0.0
  ],
  [
    8.383,
    0.0
  ],
  [
    8.41,
    0.0
  ],
  [
    8.42,
    0.0
  ],
  [
    8.446,
    0.0
  ],
  [
    8.456,
    0.0
  ],
  [
    8.485,
    0.0
  ],
  [
    8.494,
    0.0
  ],
  [
    8.521,
    0.0
  ],
  [
    8.529,
    0.0
  ],
  [
    8.554,
    0.0
  ],
  [
    8.564,
    0.0
  ],
  [
    8.593,
    0.0
  ],
  [
    8.599,
    0.0
  ],
  [
    8.626,
    0.0
  ],
  [
    8.636,
    0.0
  ],
  [
    8.663,
    0.0
  ],
  [
    8.671,
    0.0
  ],
  [
    8.698,
    0.0
  ],
  [
    8.705,
    0.0
  ],
  [
    8.732,
    0.0
  ],
  [
    8.738,
    0.0
  ],
  [
    8.762,
    0.0
  ],
  [
    8.784,
    0.0
  ],
  [
    8.792,
    0.0
  ],
  [
    8.815,
    0.0
  ],
  [
    8.84,
    0.0
  ],
  [
    8.85,
    0.0
  ],
  [
    8.878,
    0.0
  ],
  [
    8.886,
    0.0
  ],
  [
    8.912,
    0.0
  ],
  [
    8.921,
    0.0
  ],
  [
    8.95,
    0.0
  ],
  [
    8.958,
    0.0
  ],
  [
    8.972,
    0.0
  ],
  [
    8.998,
    0.0
  ],
  [
    9.007,
    0.0
  ],
  [
    9.03,
    0.0
  ],
  [
    9.041,
    0.0
  ],
  [
    9.068,
    0.0
  ],
  [
    9.078,
    0.0
  ],
  [
    9.105,
    0.0
  ],
  [
    9.113,
    0.0
  ],
  [
    9.142,
    0.0
  ],
  [
    9.149,
    0.0
  ],
  [
    9.177,
    0.0
  ],
  [
    9.186,
    0.0
  ],
  [
    9.208,
    0.0
  ],
  [
    9.222,
    0.0
  ],
  [
    9.251,
    0.0
  ],
  [
    9.26,
    0.0
  ],
  [
    9.272,
    0.0
  ],
  [
    9.298,
    0.0
  ],
  [
    9.303,
    0.0
  ],
  [
    9.332,
    0.0
  ],
  [
    9.34,
    0.0
  ],
  [
    9.368,
    0.0
  ],
  [
    9.377,
    0.0
  ],
  [
    9.408,
    0.0
  ],
  [
    9.418,
    0.0
  ],
  [
    9.433,
    0.0
  ],
  [
    9.459,
    0.0
  ],
  [
    9.468,
    0.0
  ],
  [
    9.496,
    0.0
  ],
  [
    9.501,
    0.0
  ],
  [
    9.524,
    0.0
  ],
  [
    9.551,
    0.0
  ],
  [
    9.559,
    0.0
  ],
  [
    9.585,
    0.0
  ],
  [
    9.593,
    0.0
  ],
  [
    9.62,
    0.0
  ],
  [
    9.632,
    0.0
  ],
  [
    9.64,
    0.0
  ],
  [
    9.666,
    0.0
  ],
  [
    9.675,
    0.0
  ],
  [
    9.704,
    0.0
  ],
  [
    9.714,
    0.0
  ],
  [
    9.739,
    0.0
  ],
  [
    9.746,
    0.0
  ],
  [
    9.772,
    0.0
  ],
  [
    9.791,
    0.0
  ],
  [
    9.803,
    0.0
  ],
  [
    9.829,
    0.0
  ],
  [
    9.836,
    0.0
  ],
  [
    9.86,
    0.0
  ],
  [
    9.886,
    0.0
  ],
  [
    9.892,
    0.0
  ],
  [
    9.92,
    0.0
  ],
  [
    9.928,
    0.0
  ],
  [
    9.955,
    0.0
  ],
  [
    9.963,
    0.0
  ],
  [
    9.988,
    0.0
  ],
  [
    9.997,
    0.0
  ],
  [
    10.022,
    0.0
  ],
  [
    10.03,
    0.0
  ],
  [
    10.045,
    0.0
  ],
  [
    10.074,
    0.0
  ],
  [
    10.083,
    0.0
  ],
  [
    10.096,
    0.0
  ],
  [
    10.123,
    0.0
  ],
  [
    10.129,
    0.0
  ],
  [
    10.147,
    0.0
  ],
  [
    10.173,
    0.0
  ],
  [
    10.183,
    0.0
  ],
  [
    10.207,
    0.0
  ],
  [
    10.216,
    0.0
  ],
  [
    10.24,
    0.0
  ],
  [
    10.255,
    0.0
  ],
  [
    10.266,
    0.0
  ],
  [
    10.291,
    0.0
  ],
  [
    10.299,
    0.0
  ],
  [
    10.321,
    0.0
  ],
  [
    10.348,
    0.0
  ],
  [
    10.355,
    0.0
  ],
  [
    10.378,
    0.0
  ],
  [
    10.391,
    0.0
  ],
  [
    10.416,
    0.0
  ],
  [
    10.426,
    0.0
  ],
  [
    10.454,
    0.0
  ],
  [
    10.462,
    0.0
  ],
  [
    10.484,
    0.0
  ],
  [
    10.493,
    0.0
  ],
  [
    10.522,
    0.0
  ],
  [
    10.532,
    0.0
  ],
  [
    10.557,
    0.0
  ],
  [
    10.567,
    0.0
  ],
  [
    10.593,
    0.0
  ],
  [
    10.6,
    0.0
  ],
  [
    10.627,
    0.0
  ],
  [
    10.635,
    0.0
  ],
  [
    10.658,
    0.0
  ],
  [
    10.68,
    0.0
  ],
  [
    10.69,
    0.0
  ],
  [
    10.718,
    0.0
  ],
  [
    10.726,
    0.0
  ],
  [
    10.752,
    0.0
  ],
  [
    10.758,
    0.0
  ],
  [
    10.8,
    0.0
  ],
  [
    10.81,
    0.0
  ],
  [
    10.825,
    -1.0247
  ],
  [
    10.852,
    -2.741
  ],
  [
    10.862,
    -3.4535
  ],
  [
    10.889,
    -5.1804
  ],
  [
    10.896,
    -5.9476
  ],
  [
    10.925,
    -7.4878
  ],
  [
    10.934,
    -8.1454
  ],
  [
    10.962,
    -9.9178
  ],
  [
    10.971,
    -10.5776
  ],
  [
    10.998,
    -12.2677
  ],
  [
    11.004,
    -12.9689
  ],
  [
    11.03,
    -14.382
  ],
  [
    11.037,
    -14.9945
  ],
  [
    11.064,
    -16.6445
  ],
  [
    11.074,
    -17.2503
  ],
  [
    11.087,
    -18.1346
  ],
  [
    11.11,
    -19.6997
  ],
  [
    11.124,
    -20.4022
  ],
  [
    11.148,
    -21.9706
  ],
  [
    11.156,
    -22.6063
  ],
  [
    11.188,
    -24.3846
  ],
  [
    11.197,
    -25.191
  ],
  [
    11.223,
    -25.9427
  ],
  [
    11.232,
    -25.9519
  ],
  [
    11.258,
    -25.9077
  ],
  [
    11.267,
    -25.9089
  ],
  [
    11.294,
    -25.8698
  ],
  [
    11.301,
    -25.8734
  ],
  [
    11.325,
    -25.8628
  ],
  [
    11.336,
    -25.8505
  ],
  [
    11.364,
    -25.8582
  ],
  [
    11.368,
    -25.8582
  ],
  [
    11.395,
    -25.8592
  ],
  [
    11.406,
    -25.8631
  ],
  [
    11.42,
    -25.8626
  ],
  [
    11.442,
    -25.8469
  ],
  [
    11.469,
    -25.8055
  ],
  [
    11.477,
    -25.7997
  ],
  [
    11.5,
    -25.8043
  ],
  [
    11.525,
    -25.8064
  ],
  [
    11.534,
    -25.8067
  ],
  [
    11.551,
    -25.8018
  ],
  [
    11.569,
    -25.7641
  ],
  [
    11.595,
    -25.772
  ],
  [
    11.603,
    -25.7732
  ],
  [
    11.635,
    -25.739
  ],
  [
    11.649,
    -25.7382
  ],
  [
    11.671,
    -25.743
  ],
  [
    11.683,
    -25.7424
  ],
  [
    11.711,
    -25.7437
  ],
  [
    11.72,
    -25.7433
  ],
  [
    11.744,
    -25.7391
  ],
  [
    11.752,
    -25.7362
  ],
  [
    11.779,
    -25.7008
  ],
  [
    11.788,
    -25.6945
  ],
  [
    11.816,
    -25.6998
  ],
  [
    11.827,
    -25.7021
  ],
  [
    11.856,
    -25.7069
  ],
  [
    11.865,
    -25.707
  ],
  [
    11.892,
    -25.7071
  ],
  [
    11.9,
    -25.7061
  ],
  [
    11.927,
    -25.7078
  ],
  [
    11.933,
    -25.6776
  ],
  [
    11.957,
    -25.6525
  ],
  [
    11.984,
    -25.6478
  ],
  [
    11.993,
    -25.6477
  ],
  [
    12.018,
    -25.642
  ],
  [
    12.043,
    -25.6369
  ],
  [
    12.053,
    -25.6324
  ],
  [
    12.083,
    -25.6334
  ],
  [
    12.091,
    -25.6334
  ],
  [
    12.12,
    -25.6285
  ],
  [
    12.128,
    -25.6282
  ],
  [
    12.155,
    -25.6153
  ],
  [
    12.182,
    -25.604
  ],
  [
    12.191,
    -25.5962
  ],
  [
    12.215,
    -25.601
  ],
  [
    12.224,
    -25.5982
  ],
  [
    12.253,
    -25.5995
  ],
  [
    12.262,
    -25.5973
  ],
  [
    12.275,
    -25.5958
  ],
  [
    12.299,
    -25.5906
  ],
  [
    12.309,
    -25.5889
  ],
  [
    12.334,
    -25.5889
  ],
  [
    12.341,
    -25.5886
  ],
  [
    12.37,
    -25.542
  ],
  [
    12.377,
    -25.5396
  ],
  [
    12.401,
    -25.5492
  ],
  [
    12.424,
    -25.5381
  ],
  [
    12.432,
    -25.5341
  ],
  [
    12.458,
    -25.5271
  ],
  [
    12.468,
    -25.5288
  ],
  [
    12.494,
    -25.5332
  ],
  [
    12.505,
    -25.5285
  ],
  [
    12.53,
    -25.5218
  ],
  [
    12.54,
    -25.5139
  ],
  [
    12.558,
    -25.5083
  ],
  [
    12.585,
    -25.5159
  ],
  [
    12.593,
    -25.5091
  ],
  [
    12.62,
    -25.5054
  ],
  [
    12.631,
    -25.5036
  ],
  [
    12.642,
    -25.4988
  ],
  [
    12.669,
    -25.4942
  ],
  [
    12.677,
    -25.4907
  ],
  [
    12.704,
    -25.4789
  ],
  [
    12.714,
    -25.4763
  ],
  [
    12.74,
    -25.4747
  ],
  [
    12.749,
    -25.4687
  ],
  [
    12.775,
    -25.4672
  ],
  [
    12.787,
    -25.4655
  ],
  [
    12.8,
    -25.4635
  ],
  [
    12.826,
    -25.4651
  ],
  [
    12.835,
    -25.4606
  ],
  [
    12.862,
    -25.4528
  ],
  [
    12.872,
    -25.4521
  ],
  [
    12.887,
    -25.4505
  ],
  [
    12.912,
    -25.4569
  ],
  [
    12.922,
    -25.4548
  ],
  [
    12.949,
    -25.4555
  ],
  [
    12.956,
    -25.4526
  ],
  [
    12.988,
    -25.4424
  ],
  [
    12.997,
    -25.4455
  ],
  [
    13.023,
    -25.4423
  ],
  [
    13.032,
    -25.4387
  ],
  [
    13.054,
    -25.4282
  ],
  [
    13.083,
    -25.42
  ],
  [
    13.092,
    -25.4217
  ],
  [
    13.107,
    -25.4214
  ],
  [
    13.134,
    -25.4279
  ],
  [
    13.14,
    -25.4282
  ],
  [
    13.162,
    -25.4305
  ],
  [
    13.175,
    -25.424
  ],
  [
    13.192,
    -25.4204
  ],
  [
    13.218,
    -25.4298
  ],
  [
    13.243,
    -25.4183
  ],
  [
    13.254,
    -25.4142
  ],
  [
    13.284,
    -25.4158
  ],
  [
    13.292,
    -25.4122
  ],
  [
    13.317,
    -25.4083
  ],
  [
    13.328,
    -25.4039
  ],
  [
    13.356,
    -25.4032
  ],
  [
    13.365,
    -25.4004
  ],
  [
    13.392,
    -25.3962
  ],
  [
    13.4,
    -25.3934
  ],
  [
    13.424,
    -25.3881
  ],
  [
    13.435,
    -25.3887
  ],
  [
    13.45,
    -25.3951
  ],
  [
    13.475,
    -25.402
  ],
  [
    13.485,
    -25.4013
  ],
  [
    13.511,
    -25.4013
  ],
  [
    13.523,
    -25.3971
  ],
  [
    13.546,
    -25.3948
  ],
  [
    13.556,
    -25.3888
  ],
  [
    13.572,
    -25.385
  ],
  [
    13.598,
    -25.386
  ],
  [
    13.604,
    -25.3826
  ],
  [
    13.627,
    -25.3857
  ],
  [
    13.641,
    -25.3813
  ],
  [
    13.666,
    -25.38
  ],
  [
    13.679,
    -25.38
  ],
  [
    13.708,
    -25.3799
  ],
  [
    13.715,
    -25.3798
  ],
  [
    13.741,
    -25.3726
  ],
  [
    13.755,
    -25.3752
  ],
  [
    13.779,
    -25.3731
  ],
  [
    13.794,
    -25.3703
  ],
  [
    13.803,
    -25.3708
  ],
  [
    13.827,
    -25.3715
  ],
  [
    13.84,
    -25.3699
  ],
  [
    13.865,
    -25.3649
  ],
  [
    13.875,
    -25.3648
  ],
  [
    13.901,
    -25.3711
  ],
  [
    13.907,
    -25.3658
  ],
  [
    13.93,
    -25.3555
  ],
  [
    13.955,
    -25.3472
  ],
  [
    13.964,
    -25.3449
  ],
  [
    13.994,
    -25.3452
  ],
  [
    14.002,
    -25.3491
  ],
  [
    14.016,
    -25.344
  ],
  [
    14.042,
    -25.3458
  ],
  [
    14.052,
    -25.3437
  ],
  [
    14.08,
    -25.3447
  ],
  [
    14.103,
    -25.3398
  ],
  [
    14.114,
    -25.3365
  ],
  [
    14.14,
    -25.3448
  ],
  [
    14.147,
    -25.3431
  ],
  [
    14.176,
    -25.3339
  ],
  [
    14.187,
    -25.3367
  ],
  [
    14.201,
    -25.339
  ],
  [
    14.233,
    -25.3504
  ],
  [
    14.242,
    -25.354
  ],
  [
    14.267,
    -25.3543
  ],
  [
    14.281,
    -25.3529
  ],
  [
    14.291,
    -25.3495
  ],
  [
    14.315,
    -25.3517
  ],
  [
    14.328,
    -25.349
  ],
  [
    14.354,
    -25.3451
  ],
  [
    14.362,
    -25.3408
  ],
  [
    14.391,
    -25.3353
  ],
  [
    14.399,
    -25.3337
  ],
  [
    14.425,
    -25.3372
  ],
  [
    14.433,
    -25.3373
  ],
  [
    14.461,
    -25.3433
  ],
  [
    14.471,
    -25.344
  ],
  [
    14.484,
    -25.3427
  ],
  [
    14.51,
    -25.3433
  ],
  [
    14.518,
    -25.3411
  ],
  [
    14.544,
    -25.3341
  ],
  [
    14.554,
    -25.3348
  ],
  [
    14.581,
    -25.3327
  ],
  [
    14.588,
    -25.3304
  ],
  [
    14.616,
    -25.3277
  ],
  [
    14.627,
    -25.3277
  ],
  [
    14.653,
    -25.329
  ],
  [
    14.662,
    -25.3266
  ],
  [
    14.69,
    -25.3268
  ],
  [
    14.696,
    -25.327
  ],
  [
    14.726,
    -25.32
  ],
  [
    14.732,
    -25.3211
  ],
  [
    14.758,
    -25.3176
  ],
  [
    14.767,
    -25.3145
  ],
  [
    14.792,
    -25.32
  ],
  [
    14.802,
    -25.3211
  ],
  [
    14.827,
    -25.3163
  ],
  [
    14.853,
    -25.3158
  ],
  [
    14.865,
    -25.3129
  ],
  [
    14.887,
    -25.3131
  ],
  [
    14.896,
    -25.3115
  ],
  [
    14.922,
    -25.3126
  ],
  [
    14.933,
    -25.3139
  ],
  [
    14.959,
    -25.3151
  ],
  [
    14.968,
    -25.3131
  ],
  [
    14.998,
    -25.318
  ],
  [
    15.023,
    0.0
  ],
  [
    15.033,
    -0.9411
  ],
  [
    15.06,
    -3.1198
  ],
  [
    15.068,
    -3.9027
  ],
  [
    15.096,
    -5.6592
  ],
  [
    15.105,
    -6.5468
  ],
  [
    15.132,
    -8.3077
  ],
  [
    15.143,
    -9.1675
  ],
  [
    15.154,
    -10.1643
  ],
  [
    15.181,
    -12.0314
  ],
  [
    15.192,
    -12.9814
  ],
  [
    15.223,
    -14.9364
  ],
  [
    15.233,
    -16.0121
  ],
  [
    15.261,
    -18.1024
  ],
  [
    15.268,
    -18.8834
  ],
  [
    15.286,
    -19.8044
  ],
  [
    15.307,
    -21.8986
  ],
  [
    15.321,
    -22.6275
  ],
  [
    15.345,
    -24.6253
  ],
  [
    15.356,
    -25.4153
  ],
  [
    15.389,
    -27.3485
  ],
  [
    15.412,
    -29.3484
  ],
  [
    15.42,
    -30.0
  ],
  [
    15.445,
    -30.0
  ],
  [
    15.456,
    -30.0
  ],
  [
    15.483,
    -30.0
  ],
  [
    15.492,
    -30.0
  ],
  [
    15.519,
    -30.0
  ],
  [
    15.529,
    -30.0
  ],
  [
    15.558,
    -30.0
  ],
  [
    15.565,
    -30.0
  ],
  [
    15.595,
    -30.0
  ],
  [
    15.603,
    -30.0
  ],
  [
    15.632,
    -30.0
  ],
  [
    15.655,
    -30.0
  ],
  [
    15.664,
    -30.0
  ],
  [
    15.69,
    -30.0
  ],
  [
    15.699,
    -30.0
  ],
  [
    15.725,
    -30.0
  ],
  [
    15.733,
    -30.0
  ],
  [
    15.76,
    -30.0
  ],
  [
    15.766,
    -30.0
  ],
  [
    15.788,
    -30.0
  ],
  [
    15.802,
    -30.0
  ],
  [
    15.833,
    -30.0
  ],
  [
    15.842,
    -30.0
  ],
  [
    15.855,
    -30.0
  ],
  [
    15.883,
    -30.0
  ],
  [
    15.895,
    -30.0
  ],
  [
    15.917,
    -30.0
  ],
  [
    15.929,
    -30.0
  ],
  [
    15.943,
    -30.0
  ],
  [
    15.97,
    -30.0
  ],
  [
    15.977,
    -30.0
  ],
  [
    16.004,
    -30.0
  ],
  [
    16.012,
    -30.0
  ],
  [
    16.039,
    -30.0
  ],
  [
    16.048,
    -30.0
  ],
  [
    16.077,
    -28.5
  ],
  [
    16.088,
    -27.0
  ],
  [
    16.113,
    -25.5
  ],
  [
    16.123,
    -24.0837
  ],
  [
    16.152,
    -22.5
  ],
  [
    16.165,
    -21.0
  ],
  [
    16.174,
    -19.5
  ],
  [
    16.203,
    -18.0
  ],
  [
    16.213,
    -16.5
  ],
  [
    16.241,
    -15.0
  ],
  [
    16.252,
    -13.5
  ],
  [
    16.278,
    -12.0
  ],
  [
    16.286,
    -10.6428
  ],
  [
    16.314,
    -9.0
  ],
  [
    16.323,
    -7.5
  ],
  [
    16.347,
    -6.0
  ],
  [
    16.36,
    -4.5
  ],
  [
    16.373,
    -3.0
  ],
  [
    16.401,
    -1.5
  ],
  [
    16.408,
    0.0
  ],
  [
    16.432,
    1.5755
  ],
  [
    16.444,
    2.4434
  ],
  [
    16.472,
    4.1832
  ],
  [
    16.481,
    5.0073
  ],
  [
    16.508,
    6.5963
  ],
  [
    16.518,
    7.3182
  ],
  [
    16.545,
    8.9113
  ],
  [
    16.554,
    9.7396
  ],
  [
    16.581,
    11.255
  ],
  [
    16.588,
    11.9329
  ],
  [
    16.62,
    13.4392
  ],
  [
    16.629,
    14.1592
  ],
  [
    16.659,
    15.6137
  ],
  [
    16.668,
    16.2614
  ],
  [
    16.696,
    17.5822
  ],
  [
    16.704,
    18.2192
  ],
  [
    16.732,
    19.6151
  ],
  [
    16.74,
    20.1091
  ],
  [
    16.764,
    21.2634
  ],
  [
    16.776,
    21.7444
  ],
  [
    16.79,
    22.4413
  ],
  [
    16.817,
    23.5612
  ],
  [
    16.826,
    23.5552
  ],
  [
    16.855,
    23.5478
  ],
  [
    16.866,
    23.5489
  ],
  [
    16.906,
    23.5514
  ],
  [
    16.916,
    23.5359
  ],
  [
    16.931,
    23.5317
  ],
  [
    16.963,
    23.532
  ],
  [
    16.972,
    23.5126
  ],
  [
    16.988,
    23.5088
  ],
  [
    17.01,
    23.4974
  ],
  [
    17.02,
    23.4988
  ],
  [
    17.05,
    23.4715
  ],
  [
    17.059,
    23.4732
  ],
  [
    17.073,
    23.4748
  ],
  [
    17.095,
    23.4742
  ],
  [
    17.106,
    23.4702
  ],
  [
    17.127,
    23.4642
  ],
  [
    17.142,
    23.4626
  ],
  [
    17.165,
    23.4442
  ],
  [
    17.178,
    23.4455
  ],
  [
    17.203,
    23.4389
  ],
  [
    17.21,
    23.4367
  ],
  [
    17.238,
    23.4115
  ],
  [
    17.247,
    23.4075
  ],
  [
    17.276,
    23.4129
  ],
  [
    17.284,
    23.4142
  ],
  [
    17.308,
    23.417
  ],
  [
    17.331,
    23.4134
  ],
  [
    17.34,
    23.413
  ],
  [
    17.366,
    23.4
  ],
  [
    17.388,
    23.4017
  ],
  [
    17.395,
    23.4031
  ],
  [
    17.423,
    23.4045
  ],
  [
    17.43,
    23.4023
  ],
  [
    17.456,
    23.3948
  ],
  [
    17.465,
    23.3928
  ],
  [
    17.493,
    23.385
  ],
  [
    17.502,
    23.3835
  ],
  [
    17.531,
    23.3818
  ],
  [
    17.54,
    23.3826
  ],
  [
    17.554,
    23.3834
  ],
  [
    17.591,
    23.3711
  ],
  [
    17.6,
    23.3438
  ],
  [
    17.628,
    23.3303
  ],
  [
    17.634,
    23.3282
  ],
  [
    17.657,
    23.3213
  ],
  [
    17.67,
    23.3184
  ],
  [
    17.698,
    23.3235
  ],
  [
    17.708,
    23.3247
  ],
  [
    17.736,
    23.3329
  ],
  [
    17.744,
    23.333
  ],
  [
    17.772,
    23.3236
  ],
  [
    17.79,
    23.3227
  ],
  [
    17.798,
    23.3232
  ],
  [
    17.827,
    23.322
  ],
  [
    17.835,
    23.3217
  ],
  [
    17.862,
    23.3178
  ],
  [
    17.868,
    23.3145
  ],
  [
    17.896,
    23.3051
  ],
  [
    17.905,
    23.3072
  ],
  [
    17.932,
    23.305
  ],
  [
    17.941,
    23.3054
  ],
  [
    17.967,
    23.3059
  ],
  [
    17.976,
    23.3035
  ],
  [
    18.002,
    23.2897
  ],
  [
    18.012,
    23.2892
  ],
  [
    18.037,
    23.2914
  ],
  [
    18.059,
    23.293
  ],
  [
    18.067,
    23.2867
  ],
  [
    18.097,
    23.2781
  ],
  [
    18.105,
    23.2775
  ],
  [
    18.128,
    23.2714
  ],
  [
    18.141,
    23.2676
  ],
  [
    18.168,
    23.2623
  ],
  [
    18.175,
    23.2581
  ],
  [
    18.19,
    23.2511
  ],
  [
    18.217,
    23.2521
  ],
  [
    18.226,
    23.2505
  ],
  [
    18.255,
    23.2464
  ],
  [
    18.265,
    23.2463
  ],
  [
    18.291,
    23.2447
  ],
  [
    18.301,
    23.2391
  ],
  [
    18.326,
    23.2379
  ],
  [
    18.336,
    23.234
  ],
  [
    18.35,
    23.2287
  ],
  [
    18.373,
    23.23
  ],
  [
    18.388,
    23.2269
  ],
  [
    18.41,
    23.222
  ],
  [
    18.436,
    23.2131
  ],
  [
    18.446,
    23.2111
  ],
  [
    18.474,
    23.2113
  ],
  [
    18.482,
    23.21
  ],
  [
    18.512,
    23.2088
  ],
  [
    18.52,
    23.2086
  ],
  [
    18.546,
    23.205
  ],
  [
    18.554,
    23.2015
  ],
  [
    18.583,
    23.199
  ],
  [
    18.594,
    23.1993
  ],
  [
    18.622,
    23.2027
  ],
  [
    18.634,
    23.2005
  ],
  [
    18.657,
    23.1999
  ],
  [
    18.678,
    23.1912
  ],
  [
    18.686,
    23.1868
  ],
  [
    18.711,
    23.1822
  ],
  [
    18.723,
    23.1819
  ],
  [
    18.75,
    23.1831
  ],
  [
    18.76,
    23.1814
  ],
  [
    18.784,
    23.1785
  ],
  [
    18.792,
    23.1768
  ],
  [
    18.808,
    23.1811
  ],
  [
    18.835,
    23.187
  ],
  [
    18.843,
    23.1851
  ],
  [
    18.868,
    23.1794
  ],
  [
    18.876,
    23.1788
  ],
  [
    18.904,
    23.1822
  ],
  [
    18.912,
    23.1798
  ],
  [
    18.938,
    23.1752
  ],
  [
    18.948,
    23.1741
  ],
  [
    18.976,
    23.1729
  ],
  [
    18.984,
    23.1719
  ],
  [
    19.01,
    23.1694
  ],
  [
    19.019,
    23.1693
  ],
  [
    19.05,
    23.1648
  ],
  [
    19.059,
    23.1679
  ],
  [
    19.084,
    23.1658
  ],
  [
    19.095,
    23.1621
  ],
  [
    19.123,
    23.1627
  ],
  [
    19.131,
    23.1628
  ],
  [
    19.157,
    23.1584
  ],
  [
    19.167,
    23.1563
  ],
  [
    19.182,
    23.1559
  ],
  [
    19.205,
    23.1609
  ],
  [
    19.22,
    23.1581
  ],
  [
    19.234,
    23.1583
  ],
  [
    19.264,
    23.1651
  ],
  [
    19.276,
    23.1651
  ],
  [
    19.303,
    23.168
  ],
  [
    19.316,
    23.1692
  ],
  [
    19.339,
    23.1773
  ],
  [
    19.353,
    23.181
  ],
  [
    19.377,
    23.3028
  ],
  [
    19.386,
    23.5955
  ],
  [
    19.418,
    23.6187
  ],
  [
    19.426,
    23.619
  ],
  [
    19.455,
    23.6193
  ],
  [
    19.463,
    23.6194
  ],
  [
    19.49,
    23.6193
  ],
  [
    19.5,
    23.6192
  ],
  [
    19.516,
    23.6192
  ],
  [
    19.538,
    23.6192
  ],
  [
    19.55,
    23.6192
  ],
  [
    19.573,
    23.6192
  ],
  [
    19.587,
    23.6192
  ],
  [
    19.613,
    23.6192
  ],
  [
    19.623,
    23.6192
  ],
  [
    19.65,
    23.6193
  ],
  [
    19.657,
    23.6193
  ],
  [
    19.685,
    23.6193
  ],
  [
    19.692,
    23.6193
  ],
  [
    19.718,
    23.6193
  ],
  [
    19.728,
    23.6193
  ],
  [
    19.754,
    23.6193
  ],
  [
    19.765,
    23.6192
  ],
  [
    19.788,
    23.6193
  ],
  [
    19.798,
    23.6192
  ],
  [
    19.825,
    23.6193
  ],
  [
    19.834,
    23.6193
  ],
  [
    19.861,
    23.6193
  ],
  [
    19.87,
    23.6193
  ],
  [
    19.898,
    23.6193
  ],
  [
    19.908,
    23.6193
  ],
  [
    19.934,
    23.6194
  ],
  [
    19.945,
    23.6193
  ],
  [
    19.972,
    23.6193
  ],
  [
    19.982,
    23.6194
  ],
  [
    20.009,
    23.6193
  ],
  [
    20.018,
    23.6193
  ],
  [
    20.032,
    23.6193
  ],
  [
    20.059,
    23.6193
  ],
  [
    20.067,
    23.6193
  ],
  [
    20.094,
    23.6193
  ],
  [
    20.103,
    23.6193
  ],
  [
    20.131,
    23.6193
  ],
  [
    20.136,
    23.6193
  ],
  [
    20.164,
    23.6193
  ],
  [
    20.173,
    23.6193
  ],
  [
    20.202,
    23.6193
  ],
  [
    20.21,
    23.6193
  ],
  [
    20.237,
    23.6193
  ],
  [
    20.247,
    23.6193
  ],
  [
    20.276,
    23.6193
  ],
  [
    20.284,
    23.6193
  ],
  [
    20.311,
    23.6193
  ],
  [
    20.32,
    22.6315
  ],
  [
    20.348,
    19.9559
  ],
  [
    20.356,
    18.8526
  ],
  [
    20.386,
    16.0691
  ],
  [
    20.393,
    14.815
  ],
  [
    20.425,
    11.8009
  ],
  [
    20.434,
    10.4906
  ],
  [
    20.464,
    6.7213
  ],
  [
    20.471,
    5.2274
  ],
  [
    20.496,
    2.4035
  ],
  [
    20.506,
    0.573
  ],
  [
    20.53,
    -1.8141
  ],
  [
    20.543,
    -2.6484
  ],
  [
    20.572,
    -4.6285
  ],
  [
    20.58,
    -5.5983
  ],
  [
    20.61,
    -7.5336
  ],
  [
    20.618,
    -8.4159
  ],
  [
    20.634,
    -9.3307
  ],
  [
    20.655,
    -11.3088
  ],
  [
    20.679,
    -12.9632
  ],
  [
    20.688,
    -13.7354
  ],
  [
    20.713,
    -15.5307
  ],
  [
    20.724,
    -16.4121
  ],
  [
    20.739,
    -17.2958
  ],
  [
    20.765,
    -19.1781
  ],
  [
    20.774,
    -20.1273
  ],
  [
    20.802,
    -21.9946
  ],
  [
    20.808,
    -22.709
  ],
  [
    20.838,
    -24.3624
  ],
  [
    20.845,
    -25.5325
  ],
  [
    20.868,
    -27.3161
  ],
  [
    20.892,
    -28.7881
  ],
  [
    20.901,
    -29.5295
  ],
  [
    20.927,
    -29.9999
  ],
  [
    20.935,
    -29.9999
  ],
  [
    20.959,
    -29.9999
  ],
  [
    20.986,
    -29.9999
  ],
  [
    20.996,
    -29.9999
  ],
  [
    21.024,
    -29.9999
  ],
  [
    21.031,
    -29.9999
  ],
  [
    21.058,
    -29.9999
  ],
  [
    21.065,
    -29.9999
  ],
  [
    21.078,
    -29.9999
  ],
  [
    21.103,
    -29.9999
  ],
  [
    21.128,
    -29.9999
  ],
  [
    21.139,
    -29.9999
  ],
  [
    21.15,
    -30.0
  ],
  [
    21.183,
    -30.0
  ],
  [
    21.192,
    -29.9999
  ],
  [
    21.22,
    -29.9999
  ],
  [
    21.228,
    -30.0
  ],
  [
    21.255,
    -30.0
  ],
  [
    21.267,
    -30.0
  ],
  [
    21.296,
    -29.9999
  ],
  [
    21.303,
    -29.9999
  ],
  [
    21.33,
    -29.9805
  ],
  [
    21.337,
    -29.9794
  ],
  [
    21.367,
    -29.9774
  ],
  [
    21.388,
    -29.9786
  ],
  [
    21.404,
    -29.9893
  ],
  [
    21.42,
    -29.9902
  ],
  [
    21.437,
    -29.9909
  ],
  [
    21.453,
    -29.9895
  ],
  [
    21.468,
    -29.9898
  ],
  [
    21.484,
    -29.9921
  ],
  [
    21.512,
    -29.9941
  ],
  [
    21.53,
    -29.9669
  ],
  [
    21.545,
    -29.9685
  ],
  [
    21.563,
    -29.967
  ],
  [
    21.588,
    -29.9667
  ],
  [
    21.61,
    -29.9446
  ],
  [
    21.62,
    -29.9468
  ],
  [
    21.637,
    -29.9336
  ],
  [
    21.654,
    -29.9254
  ],
  [
    21.671,
    -29.907
  ],
  [
    21.689,
    -29.8997
  ],
  [
    21.71,
    -29.9169
  ],
  [
    21.736,
    -29.8936
  ],
  [
    21.753,
    -29.8838
  ],
  [
    21.776,
    -29.8643
  ],
  [
    21.794,
    -29.863
  ],
  [
    21.813,
    -29.8611
  ],
  [
    21.831,
    -29.8524
  ],
  [
    21.85,
    -29.8465
  ],
  [
    21.873,
    -29.8195
  ],
  [
    21.89,
    -29.817
  ],
  [
    21.898,
    -29.8071
  ],
  [
    21.913,
    -29.7856
  ],
  [
    21.944,
    -29.7776
  ],
  [
    21.962,
    -29.7779
  ],
  [
    21.978,
    -29.7685
  ],
  [
    21.996,
    -29.7498
  ],
  [
    22.024,
    -29.7607
  ],
  [
    22.03,
    -29.7616
  ],
  [
    22.047,
    -29.7539
  ],
  [
    22.062,
    -29.743
  ],
  [
    22.085,
    -29.7121
  ],
  [
    22.113,
    -29.7077
  ],
  [
    22.122,
    -29.7
  ],
  [
    22.148,
    -29.6874
  ],
  [
    22.157,
    -29.6791
  ],
  [
    22.185,
    -29.6834
  ],
  [
    22.196,
    -29.6728
  ],
  [
    22.22,
    -29.6593
  ],
  [
    22.228,
    -29.6354
  ],
  [
    22.257,
    -29.6254
  ],
  [
    22.265,
    -29.6208
  ],
  [
    22.293,
    -29.6056
  ],
  [
    22.302,
    -29.6036
  ],
  [
    22.328,
    -29.5914
  ],
  [
    22.336,
    -29.6135
  ],
  [
    22.361,
    -29.5955
  ],
  [
    22.388,
    -29.5742
  ],
  [
    22.399,
    -29.5701
  ],
  [
    22.413,
    -29.5692
  ],
  [
    22.439,
    -29.5583
  ],
  [
    22.447,
    -29.5547
  ],
  [
    22.476,
    -29.5443
  ],
  [
    22.486,
    -29.5388
  ],
  [
    22.513,
    -29.5336
  ],
  [
    22.521,
    -29.5299
  ],
  [
    22.55,
    -29.5216
  ],
  [
    22.558,
    -29.5189
  ],
  [
    22.571,
    -29.5149
  ],
  [
    22.598,
    -29.508
  ],
  [
    22.605,
    -29.5334
  ],
  [
    22.634,
    -29.5095
  ],
  [
    22.642,
    -29.5092
  ],
  [
    22.672,
    -29.4991
  ],
  [
    22.694,
    -29.4973
  ],
  [
    22.706,
    -29.4933
  ],
  [
    22.717,
    -29.4883
  ],
  [
    22.744,
    -29.4873
  ],
  [
    22.756,
    -29.4856
  ],
  [
    22.785,
    -29.4824
  ],
  [
    22.793,
    -29.4828
  ],
  [
    22.817,
    -29.4796
  ],
  [
    22.827,
    -29.4774
  ],
  [
    22.854,
    -29.4737
  ],
  [
    22.866,
    -29.4747
  ],
  [
    22.877,
    -29.4691
  ],
  [
    22.904,
    -29.4714
  ],
  [
    22.91,
    -29.4972
  ],
  [
    22.942,
    -29.478
  ],
  [
    22.948,
    -29.4793
  ],
  [
    22.979,
    -29.4773
  ],
  [
    22.987,
    -29.4779
  ],
  [
    23.001,
    -29.4779
  ],
  [
    23.026,
    -29.4786
  ],
  [
    23.039,
    -27.6909
  ],
  [
    23.067,
    -23.8842
  ],
  [
    23.076,
    -22.4165
  ],
  [
    23.109,
    -18.6157
  ],
  [
    23.119,
    -16.436
  ],
  [
    23.147,
    -12.3348
  ],
  [
    23.156,
    -10.5417
  ],
  [
    23.185,
    -6.583
  ],
  [
    23.195,
    -4.8192
  ],
  [
    23.221,
    -1.2755
  ],
  [
    23.23,
    0.0
  ],
  [
    23.26,
    0.0
  ],
  [
    23.272,
    0.0
  ],
  [
    23.287,
    0.0
  ],
  [
    23.314,
    0.0
  ],
  [
    23.324,
    0.0
  ],
  [
    23.35,
    0.0
  ],
  [
    23.362,
    0.0
  ],
  [
    23.376,
    0.0
  ],
  [
    23.402,
    0.0
  ],
  [
    23.415,
    0.0
  ],
  [
    23.444,
    0.0
  ],
  [
    23.454,
    0.0
  ],
  [
    23.475,
    0.0
  ],
  [
    23.487,
    0.0
  ],
  [
    23.502,
    0.0
  ],
  [
    23.532,
    0.0
  ],
  [
    23.54,
    0.0
  ],
  [
    23.586,
    0.0
  ],
  [
    23.592,
    0.0
  ],
  [
    23.607,
    0.0
  ],
  [
    23.623,
    0.0
  ],
  [
    23.654,
    0.0
  ],
  [
    23.665,
    0.0
  ],
  [
    23.698,
    0.0
  ],
  [
    23.707,
    0.0
  ],
  [
    23.721,
    0.0
  ],
  [
    23.753,
    0.0
  ],
  [
    23.777,
    0.0
  ],
  [
    23.787,
    0.0
  ],
  [
    23.8,
    0.0
  ],
  [
    23.832,
    0.0
  ],
  [
    23.848,
    0.0
  ],
  [
    23.857,
    0.0
  ],
  [
    23.872,
    0.0
  ],
  [
    23.912,
    0.0
  ],
  [
    23.924,
    0.0
  ],
  [
    23.958,
    0.0
  ],
  [
    23.969,
    0.0
  ],
  [
    23.982,
    0.0
  ],
  [
    23.996,
    0.0
  ],
  [
    24.028,
    0.0
  ],
  [
    24.036,
    0.0
  ],
  [
    24.063,
    0.0
  ],
  [
    24.08,
    0.0
  ],
  [
    24.09,
    0.0
  ],
  [
    24.118,
    0.0
  ],
  [
    24.131,
    0.0
  ],
  [
    24.142,
    0.0
  ],
  [
    24.16,
    0.0
  ],
  [
    24.189,
    0.0
  ],
  [
    24.199,
    0.0
  ],
  [
    24.229,
    0.0
  ],
  [
    24.242,
    0.0
  ],
  [
    24.257,
    0.0
  ],
  [
    24.27,
    0.0
  ],
  [
    24.287,
    0.0
  ],
  [
    24.302,
    0.0
  ],
  [
    24.327,
    0.0
  ],
  [
    24.34,
    0.0
  ],
  [
    24.355,
    0.0
  ],
  [
    24.369,
    0.0
  ],
  [
    24.385,
    0.0
  ],
  [
    24.412,
    0.0
  ],
  [
    24.422,
    0.0
  ],
  [
    24.435,
    0.0
  ],
  [
    24.452,
    0.0
  ],
  [
    24.466,
    0.0
  ],
  [
    24.499,
    0.0
  ],
  [
    24.507,
    0.0
  ],
  [
    24.522,
    0.0
  ],
  [
    24.55,
    0.0
  ],
  [
    24.565,
    0.0
  ],
  [
    24.576,
    0.0
  ],
  [
    24.606,
    0.0
  ],
  [
    24.618,
    0.0
  ],
  [
    24.633,
    0.0
  ],
  [
    24.647,
    0.0
  ],
  [
    24.664,
    0.0
  ],
  [
    24.695,
    0.0
  ],
  [
    24.702,
    0.0
  ],
  [
    24.716,
    0.0
  ],
  [
    24.738,
    0.0
  ],
  [
    24.751,
    0.0
  ],
  [
    24.778,
    0.0
  ],
  [
    24.788,
    0.0
  ],
  [
    24.814,
    0.0
  ],
  [
    24.823,
    0.0
  ],
  [
    24.847,
    0.0
  ],
  [
    24.858,
    0.0
  ],
  [
    24.887,
    0.0
  ],
  [
    24.893,
    0.0
  ],
  [
    24.921,
    0.0
  ],
  [
    24.93,
    0.0
  ],
  [
    24.957,
    0.0
  ],
  [
    24.967,
    0.0
  ],
  [
    24.993,
    0.0
  ],
  [
    25.003,
    0.0
  ],
  [
    25.029,
    0.0
  ],
  [
    25.041,
    0.0
  ],
  [
    25.056,
    0.0
  ],
  [
    25.082,
    0.0
  ],
  [
    25.09,
    0.0
  ],
  [
    25.121,
    0.0
  ],
  [
    25.135,
    0.0
  ],
  [
    25.144,
    0.0
  ],
  [
    25.17,
    0.0
  ],
  [
    25.182,
    0.0
  ],
  [
    25.208,
    0.0
  ],
  [
    25.228,
    0.0
  ],
  [
    25.238,
    0.0
  ],
  [
    25.266,
    0.0
  ],
  [
    25.276,
    0.0
  ],
  [
    25.29,
    0.0
  ],
  [
    25.316,
    0.0
  ],
  [
    25.327,
    0.0
  ],
  [
    25.342,
    0.0
  ],
  [
    25.367,
    0.0
  ],
  [
    25.378,
    0.0
  ],
  [
    25.394,
    0.0
  ],
  [
    25.418,
    0.0
  ],
  [
    25.431,
    0.0
  ],
  [
    25.456,
    0.0
  ],
  [
    25.466,
    0.0
  ],
  [
    25.495,
    0.0
  ],
  [
    25.508,
    0.0
  ],
  [
    25.519,
    0.0
  ],
  [
    25.544,
    0.0
  ],
  [
    25.558,
    0.0
  ],
  [
    25.572,
    0.0
  ],
  [
    25.585,
    0.0
  ],
  [
    25.61,
    0.0
  ],
  [
    25.625,
    0.0
  ],
  [
    25.639,
    0.0
  ],
  [
    25.657,
    0.0
  ],
  [
    25.674,
    0.0
  ],
  [
    25.687,
    0.0
  ],
  [
    25.716,
    0.0
  ],
  [
    25.724,
    0.0
  ],
  [
    25.754,
    0.0
  ],
  [
    25.768,
    0.0
  ],
  [
    25.784,
    0.0
  ],
  [
    25.797,
    0.0
  ],
  [
    25.826,
    0.0
  ],
  [
    25.836,
    0.0
  ],
  [
    25.865,
    0.0
  ],
  [
    25.878,
    0.0
  ],
  [
    25.893,
    0.0
  ],
  [
    25.91,
    0.0
  ],
  [
    25.924,
    0.0
  ],
  [
    25.958,
    0.0
  ],
  [
    25.968,
    0.0
  ],
  [
    26.0,
    0.0
  ],
  [
    26.02,
    0.0
  ],
  [
    26.031,
    0.0
  ],
  [
    26.044,
    0.0
  ],
  [
    26.074,
    0.0
  ],
  [
    26.086,
    0.0
  ],
  [
    26.113,
    0.0
  ],
  [
    26.126,
    0.0
  ],
  [
    26.155,
    0.0
  ],
  [
    26.164,
    0.0
  ],
  [
    26.184,
    0.0
  ],
  [
    26.197,
    0.0
  ],
  [
    26.212,
    0.0
  ],
  [
    26.243,
    0.0
  ],
  [
    26.253,
    0.0
  ],
  [
    26.283,
    0.0
  ],
  [
    26.296,
    0.0
  ],
  [
    26.313,
    0.0
  ],
  [
    26.327,
    0.0
  ],
  [
    26.36,
    0.0
  ],
  [
    26.367,
    0.0
  ],
  [
    26.386,
    0.0
  ],
  [
    26.416,
    0.0
  ],
  [
    26.425,
    0.0
  ],
  [
    26.44,
    0.0
  ],
  [
    26.469,
    0.0
  ],
  [
    26.484,
    0.0
  ],
  [
    26.495,
    0.0
  ],
  [
    26.523,
    0.0
  ],
  [
    26.537,
    0.0
  ],
  [
    26.546,
    0.0
  ],
  [
    26.582,
    0.0
  ],
  [
    26.593,
    0.0
  ],
  [
    26.61,
    0.0
  ],
  [
    26.624,
    0.0
  ],
  [
    26.656,
    0.0
  ],
  [
    26.666,
    0.0
  ],
  [
    26.679,
    0.0
  ],
  [
    26.71,
    0.0
  ],
  [
    26.719,
    0.0
  ],
  [
    26.746,
    0.0
  ],
  [
    26.752,
    0.0
  ],
  [
    26.782,
    0.0
  ],
  [
    26.788,
    0.0
  ],
  [
    26.818,
    0.0
  ],
  [
    26.826,
    0.0
  ],
  [
    26.854,
    0.0
  ],
  [
    26.865,
    0.0
  ],
  [
    26.88,
    0.0
  ],
  [
    26.897,
    0.0
  ],
  [
    26.923,
    0.0
  ],
  [
    26.933,
    0.0
  ],
  [
    26.944,
    0.0
  ],
  [
    26.974,
    0.0
  ],
  [
    26.989,
    0.0
  ],
  [
    26.996,
    0.0
  ],
  [
    27.031,
    0.0
  ],
  [
    27.041,
    0.0
  ],
  [
    27.056,
    0.0
  ],
  [
    27.078,
    0.0
  ],
  [
    27.096,
    0.0
  ],
  [
    27.108,
    0.0
  ],
  [
    27.139,
    0.0
  ],
  [
    27.153,
    0.0
  ],
  [
    27.166,
    0.0
  ],
  [
    27.196,
    0.0
  ],
  [
    27.209,
    0.0
  ],
  [
    27.225,
    0.0
  ],
  [
    27.255,
    0.0
  ],
  [
    27.267,
    0.0
  ],
  [
    27.28,
    0.0
  ],
  [
    27.295,
    0.0
  ],
  [
    27.327,
    0.0
  ],
  [
    27.338,
    0.0
  ],
  [
    27.354,
    0.0
  ],
  [
    27.369,
    0.0
  ],
  [
    27.399,
    0.0
  ],
  [
    27.408,
    0.0
  ],
  [
    27.423,
    0.0
  ],
  [
    27.452,
    0.0
  ],
  [
    27.464,
    0.0
  ],
  [
    27.478,
    0.0
  ],
  [
    27.501,
    0.0
  ],
  [
    27.514,
    0.0
  ],
  [
    27.527,
    0.0
  ],
  [
    27.556,
    0.0
  ],
  [
    27.568,
    0.0
  ],
  [
    27.59,
    0.0
  ],
  [
    27.601,
    0.0
  ],
  [
    27.614,
    0.0
  ],
  [
    27.641,
    0.0
  ],
  [
    27.65,
    0.0
  ],
  [
    27.68,
    0.0
  ],
  [
    27.691,
    0.0
  ],
  [
    27.704,
    0.0
  ],
  [
    27.727,
    0.0
  ],
  [
    27.759,
    0.0
  ],
  [
    27.764,
    0.0
  ],
  [
    27.79,
    0.0
  ],
  [
    27.798,
    0.0
  ],
  [
    27.826,
    0.0
  ],
  [
    27.838,
    0.0
  ],
  [
    27.865,
    0.0
  ],
  [
    27.873,
    0.0
  ],
  [
    27.89,
    0.0
  ],
  [
    27.919,
    0.0
  ],
  [
    27.931,
    0.0
  ],
  [
    27.945,
    0.0
  ],
  [
    27.974,
    0.0
  ],
  [
    27.981,
    0.0
  ],
  [
    28.003,
    0.0
  ],
  [
    28.031,
    0.0
  ],
  [
    28.038,
    0.0
  ],
  [
    28.067,
    0.0
  ],
  [
    28.081,
    0.0
  ],
  [
    28.09,
    0.0
  ],
  [
    28.107,
    0.0
  ],
  [
    28.132,
    0.0
  ],
  [
    28.142,
    0.0
  ],
  [
    28.169,
    0.0
  ],
  [
    28.174,
    0.0
  ],
  [
    28.203,
    0.0
  ],
  [
    28.213,
    0.0
  ],
  [
    28.238,
    0.0
  ],
  [
    28.252,
    0.0
  ],
  [
    28.279,
    0.0
  ],
  [
    28.291,
    0.0
  ],
  [
    28.315,
    0.0
  ],
  [
    28.326,
    0.0
  ],
  [
    28.356,
    0.0
  ],
  [
    28.366,
    0.0
  ],
  [
    28.382,
    0.0
  ],
  [
    28.418,
    0.0
  ],
  [
    28.428,
    0.0
  ],
  [
    28.45,
    0.0
  ],
  [
    28.461,
    0.0
  ],
  [
    28.49,
    0.0
  ],
  [
    28.499,
    0.0
  ],
  [
    28.515,
    0.0
  ],
  [
    28.543,
    0.0
  ],
  [
    28.567,
    0.0
  ],
  [
    28.577,
    0.0
  ],
  [
    28.604,
    0.0
  ],
  [
    28.613,
    0.0
  ],
  [
    28.642,
    0.0
  ],
  [
    28.65,
    0.0
  ],
  [
    28.678,
    0.0
  ],
  [
    28.687,
    0.0
  ],
  [
    28.712,
    0.0
  ],
  [
    28.722,
    0.0
  ],
  [
    28.751,
    0.0
  ],
  [
    28.76,
    0.0
  ],
  [
    28.788,
    0.0
  ],
  [
    28.797,
    0.0
  ],
  [
    28.826,
    0.0
  ],
  [
    28.834,
    0.0
  ],
  [
    28.862,
    0.0
  ],
  [
    28.869,
    0.0
  ],
  [
    28.896,
    0.0
  ],
  [
    28.906,
    0.0
  ],
  [
    28.928,
    0.0
  ],
  [
    28.938,
    0.0
  ],
  [
    28.965,
    0.0
  ],
  [
    28.972,
    0.0
  ],
  [
    28.987,
    0.0
  ],
  [
    29.006,
    0.0
  ],
  [
    29.024,
    0.0
  ],
  [
    29.037,
    0.0
  ],
  [
    29.054,
    0.0
  ],
  [
    29.071,
    0.0
  ],
  [
    29.098,
    0.0
  ],
  [
    29.108,
    0.0
  ],
  [
    29.124,
    0.0
  ],
  [
    29.152,
    0.0
  ],
  [
    29.161,
    0.0
  ],
  [
    29.187,
    0.0
  ],
  [
    29.197,
    0.0
  ],
  [
    29.224,
    0.0
  ],
  [
    29.232,
    0.0
  ],
  [
    29.257,
    0.0
  ],
  [
    29.266,
    0.0
  ],
  [
    29.297,
    0.0
  ],
  [
    29.305,
    0.0
  ],
  [
    29.319,
    0.0
  ],
  [
    29.336,
    0.0
  ],
  [
    29.35,
    0.0
  ],
  [
    29.378,
    0.0
  ],
  [
    29.391,
    0.0
  ],
  [
    29.42,
    0.0
  ],
  [
    29.438,
    0.0
  ],
  [
    29.45,
    0.0
  ],
  [
    29.463,
    0.0
  ],
  [
    29.492,
    0.0
  ],
  [
    29.5,
    0.0
  ],
  [
    29.516,
    0.0
  ],
  [
    29.544,
    0.0
  ],
  [
    29.555,
    0.0
  ],
  [
    29.587,
    0.0
  ],
  [
    29.603,
    0.0
  ],
  [
    29.616,
    0.0
  ],
  [
    29.632,
    0.0
  ],
  [
    29.646,
    0.0
  ],
  [
    29.674,
    0.0
  ],
  [
    29.684,
    0.0
  ],
  [
    29.711,
    0.0
  ],
  [
    29.72,
    0.0
  ],
  [
    29.736,
    0.0
  ],
  [
    29.763,
    0.0
  ],
  [
    29.775,
    0.0
  ],
  [
    29.788,
    0.0
  ],
  [
    29.816,
    0.0
  ],
  [
    29.824,
    0.0
  ],
  [
    29.854,
    0.0
  ],
  [
    29.864,
    0.0
  ],
  [
    29.879,
    0.0
  ],
  [
    29.894,
    0.0
  ],
  [
    29.911,
    0.0
  ],
  [
    29.926,
    0.0
  ],
  [
    29.956,
    0.0
  ],
  [
    29.971,
    0.0
  ],
  [
    29.985,
    0.0
  ],
  [
    29.998,
    0.0
  ],
  [
    30.028,
    0.0
  ],
  [
    30.042,
    0.0
  ],
  [
    30.06,
    0.0
  ],
  [
    30.074,
    0.0
  ],
  [
    30.108,
    0.0
  ],
  [
    30.12,
    0.0
  ],
  [
    30.135,
    0.0
  ],
  [
    30.148,
    0.0
  ],
  [
    30.181,
    0.0
  ],
  [
    30.188,
    0.0
  ],
  [
    30.206,
    0.0
  ],
  [
    30.224,
    0.0
  ],
  [
    30.24,
    0.0
  ],
  [
    30.255,
    0.0
  ],
  [
    30.268,
    0.0
  ],
  [
    30.285,
    0.0
  ],
  [
    30.313,
    0.0
  ],
  [
    30.324,
    0.0
  ],
  [
    30.338,
    0.0
  ],
  [
    30.354,
    0.0
  ],
  [
    30.385,
    0.0
  ],
  [
    30.395,
    0.0
  ],
  [
    30.409,
    0.0
  ],
  [
    30.425,
    0.0
  ],
  [
    30.454,
    0.0
  ],
  [
    30.466,
    0.0
  ],
  [
    30.496,
    0.0
  ],
  [
    30.506,
    0.0
  ],
  [
    30.523,
    0.0
  ],
  [
    30.538,
    0.0
  ],
  [
    30.554,
    0.0
  ],
  [
    30.569,
    0.0
  ],
  [
    30.585,
    0.0
  ],
  [
    30.601,
    0.0
  ],
  [
    30.617,
    0.0
  ],
  [
    30.653,
    0.0
  ],
  [
    30.663,
    0.0
  ],
  [
    30.692,
    0.0
  ],
  [
    30.698,
    0.0
  ],
  [
    30.725,
    0.0
  ],
  [
    30.732,
    0.0
  ],
  [
    30.757,
    0.0
  ],
  [
    30.768,
    0.0
  ],
  [
    30.784,
    0.0
  ],
  [
    30.812,
    0.0
  ],
  [
    30.821,
    0.0
  ],
  [
    30.835,
    0.0
  ],
  [
    30.868,
    0.0
  ],
  [
    30.876,
    0.0
  ],
  [
    30.908,
    0.0
  ],
  [
    30.918,
    0.0
  ],
  [
    30.951,
    0.0
  ],
  [
    30.958,
    0.0
  ],
  [
    30.972,
    0.0
  ],
  [
    31.002,
    0.0
  ],
  [
    31.01,
    0.0
  ],
  [
    31.024,
    0.0
  ],
  [
    31.059,
    0.0
  ],
  [
    31.069,
    0.0
  ],
  [
    31.084,
    0.0
  ],
  [
    31.101,
    0.0
  ],
  [
    31.131,
    0.0
  ],
  [
    31.141,
    0.0
  ],
  [
    31.154,
    0.0
  ],
  [
    31.184,
    0.0
  ],
  [
    31.197,
    0.0
  ],
  [
    31.223,
    0.0
  ],
  [
    31.24,
    0.0
  ],
  [
    31.247,
    0.0
  ],
  [
    31.264,
    0.0
  ],
  [
    31.294,
    0.0
  ],
  [
    31.306,
    0.0
  ],
  [
    31.32,
    0.0
  ],
  [
    31.353,
    0.0
  ],
  [
    31.364,
    0.0
  ],
  [
    31.393,
    0.0
  ],
  [
    31.408,
    0.0
  ],
  [
    31.422,
    0.0
  ],
  [
    31.452,
    0.0
  ],
  [
    31.468,
    0.0
  ],
  [
    31.478,
    0.0
  ],
  [
    31.507,
    0.0
  ],
  [
    31.518,
    0.0
  ],
  [
    31.532,
    0.0
  ],
  [
    31.564,
    0.0
  ],
  [
    31.575,
    0.0
  ],
  [
    31.603,
    0.0
  ],
  [
    31.615,
    0.0
  ],
  [
    31.644,
    0.0
  ],
  [
    31.653,
    0.0
  ],
  [
    31.668,
    0.0
  ],
  [
    31.697,
    0.0
  ],
  [
    31.706,
    0.0
  ],
  [
    31.731,
    0.0
  ],
  [
    31.741,
    0.0
  ],
  [
    31.767,
    0.0
  ],
  [
    31.786,
    0.0
  ],
  [
    31.801,
    0.0
  ],
  [
    31.815,
    0.0
  ],
  [
    31.845,
    0.0
  ],
  [
    31.856,
    0.0
  ],
  [
    31.87,
    0.0
  ],
  [
    31.898,
    0.0
  ],
  [
    31.914,
    0.0
  ],
  [
    31.934,
    0.0
  ],
  [
    31.957,
    0.0
  ],
  [
    31.982,
    0.0
  ],
  [
    31.993,
    0.0
  ],
  [
    32.007,
    0.0
  ],
  [
    32.02,
    0.0
  ],
  [
    32.05,
    0.0
  ],
  [
    32.06,
    0.0
  ],
  [
    32.077,
    0.0
  ],
  [
    32.105,
    0.0
  ],
  [
    32.119,
    0.0
  ],
  [
    32.132,
    0.0
  ],
  [
    32.146,
    0.0
  ],
  [
    32.182,
    0.0
  ],
  [
    32.202,
    0.0
  ],
  [
    32.222,
    0.0
  ],
  [
    32.242,
    0.0
  ],
  [
    32.258,
    0.0
  ],
  [
    32.28,
    0.0
  ],
  [
    32.296,
    0.0
  ],
  [
    32.31,
    0.0
  ],
  [
    32.34,
    0.0
  ],
  [
    32.35,
    0.0
  ],
  [
    32.38,
    0.0
  ],
  [
    32.393,
    0.0
  ],
  [
    32.405,
    0.0
  ],
  [
    32.434,
    0.0
  ],
  [
    32.448,
    0.0
  ],
  [
    32.478,
    0.0
  ],
  [
    32.487,
    0.0
  ],
  [
    32.503,
    0.0
  ],
  [
    32.52,
    0.0
  ],
  [
    32.536,
    0.0
  ],
  [
    32.565,
    0.0
  ],
  [
    32.573,
    0.0
  ],
  [
    32.6,
    0.0
  ],
  [
    32.608,
    0.0
  ],
  [
    32.623,
    0.0
  ],
  [
    32.651,
    0.0
  ],
  [
    32.661,
    0.0
  ],
  [
    32.677,
    0.0
  ],
  [
    32.691,
    0.0
  ],
  [
    32.707,
    0.0
  ],
  [
    32.734,
    0.0
  ],
  [
    32.747,
    0.0
  ],
  [
    32.777,
    0.0
  ],
  [
    32.786,
    0.0
  ],
  [
    32.8,
    0.0
  ],
  [
    32.817,
    0.0
  ],
  [
    32.847,
    0.0
  ],
  [
    32.864,
    0.0
  ],
  [
    32.872,
    0.0
  ],
  [
    32.903,
    0.0
  ],
  [
    32.916,
    0.0
  ],
  [
    32.929,
    0.0
  ],
  [
    32.946,
    0.0
  ],
  [
    32.961,
    0.0
  ],
  [
    32.988,
    0.0
  ],
  [
    32.997,
    0.0
  ],
  [
    33.013,
    0.0
  ],
  [
    33.031,
    0.0
  ],
  [
    33.048,
    0.0
  ],
  [
    33.063,
    0.0
  ],
  [
    33.091,
    0.0
  ],
  [
    33.108,
    0.0
  ],
  [
    33.119,
    0.0
  ],
  [
    33.135,
    0.0
  ],
  [
    33.16,
    0.0
  ],
  [
    33.173,
    0.0
  ],
  [
    33.185,
    0.0
  ],
  [
    33.217,
    0.0
  ],
  [
    33.23,
    0.0
  ],
  [
    33.256,
    0.0
  ],
  [
    33.268,
    0.0
  ],
  [
    33.279,
    0.0
  ],
  [
    33.307,
    0.0
  ],
  [
    33.322,
    0.0
  ],
  [
    33.33,
    0.0
  ],
  [
    33.361,
    0.0
  ],
  [
    33.371,
    0.0
  ],
  [
    33.387,
    0.0
  ],
  [
    33.41,
    0.0
  ],
  [
    33.43,
    0.0
  ],
  [
    33.448,
    0.0
  ],
  [
    33.463,
    0.0
  ],
  [
    33.48,
    0.0
  ],
  [
    33.494,
    0.0
  ],
  [
    33.508,
    0.0
  ],
  [
    33.539,
    0.0
  ],
  [
    33.553,
    0.0
  ],
  [
    33.566,
    0.0
  ],
  [
    33.581,
    0.0
  ],
  [
    33.616,
    0.0
  ],
  [
    33.624,
    0.0
  ],
  [
    33.64,
    0.0
  ],
  [
    33.656,
    0.0
  ],
  [
    33.687,
    0.0
  ],
  [
    33.699,
    0.0
  ],
  [
    33.714,
    0.0
  ],
  [
    33.746,
    0.0
  ],
  [
    33.756,
    0.0
  ],
  [
    33.77,
    0.0
  ],
  [
    33.8,
    0.0
  ],
  [
    33.815,
    0.0
  ],
  [
    33.835,
    0.0
  ],
  [
    33.85,
    0.0
  ],
  [
    33.864,
    0.0
  ],
  [
    33.889,
    0.0
  ],
  [
    33.902,
    0.0
  ],
  [
    33.918,
    0.0
  ],
  [
    33.948,
    0.0
  ],
  [
    33.963,
    0.0
  ],
  [
    33.976,
    0.0
  ],
  [
    33.99,
    0.0
  ],
  [
    34.022,
    0.0
  ],
  [
    34.031,
    0.0
  ],
  [
    34.06,
    0.0
  ],
  [
    34.069,
    0.0
  ],
  [
    34.095,
    0.0
  ],
  [
    34.104,
    0.0
  ],
  [
    34.134,
    0.0
  ],
  [
    34.14,
    0.0
  ],
  [
    34.166,
    0.0
  ],
  [
    34.179,
    0.0
  ],
  [
    34.19,
    0.0
  ],
  [
    34.211,
    0.0
  ],
  [
    34.226,
    0.0
  ],
  [
    34.239,
    0.0
  ],
  [
    34.268,
    0.0
  ],
  [
    34.283,
    0.0
  ],
  [
    34.294,
    0.0
  ],
  [
    34.324,
    0.0
  ],
  [
    34.335,
    0.0
  ],
  [
    34.35,
    0.0
  ],
  [
    34.377,
    0.0
  ],
  [
    34.385,
    0.0
  ],
  [
    34.419,
    0.0
  ],
  [
    34.43,
    0.0
  ],
  [
    34.442,
    0.0
  ],
  [
    34.468,
    0.0
  ],
  [
    34.475,
    0.0
  ],
  [
    34.491,
    0.0
  ],
  [
    34.521,
    0.0
  ],
  [
    34.528,
    0.0
  ],
  [
    34.556,
    0.0
  ],
  [
    34.567,
    0.0
  ],
  [
    34.58,
    0.0
  ],
  [
    34.606,
    0.0
  ],
  [
    34.614,
    0.0
  ],
  [
    34.64,
    0.0
  ],
  [
    34.65,
    0.0
  ],
  [
    34.68,
    0.0
  ],
  [
    34.687,
    0.0
  ],
  [
    34.713,
    0.0
  ],
  [
    34.724,
    0.0
  ],
  [
    34.737,
    0.0
  ],
  [
    34.761,
    0.0
  ],
  [
    34.77,
    0.0
  ],
  [
    34.787,
    0.0
  ],
  [
    34.813,
    0.0
  ],
  [
    34.824,
    0.0
  ],
  [
    34.85,
    0.0
  ],
  [
    34.867,
    0.0
  ],
  [
    34.891,
    0.0
  ],
  [
    34.901,
    0.0
  ],
  [
    34.928,
    0.0
  ],
  [
    34.938,
    0.0
  ],
  [
    34.95,
    0.0
  ],
  [
    34.967,
    0.0
  ],
  [
    34.994,
    0.0
  ],
  [
    35.007,
    0.0
  ],
  [
    35.031,
    0.0
  ],
  [
    35.04,
    0.0
  ],
  [
    35.051,
    0.0
  ],
  [
    35.074,
    0.0
  ],
  [
    35.099,
    0.0
  ],
  [
    35.107,
    0.0
  ],
  [
    35.122,
    0.0
  ],
  [
    35.148,
    0.0
  ],
  [
    35.16,
    0.0
  ],
  [
    35.191,
    0.0
  ],
  [
    35.209,
    0.0
  ],
  [
    35.218,
    0.0
  ],
  [
    35.248,
    0.0
  ],
  [
    35.257,
    0.0
  ],
  [
    35.286,
    0.0
  ],
  [
    35.297,
    0.0
  ],
  [
    35.309,
    0.0
  ],
  [
    35.337,
    0.0
  ],
  [
    35.348,
    0.0
  ],
  [
    35.378,
    0.0
  ],
  [
    35.388,
    0.0
  ],
  [
    35.415,
    0.0
  ],
  [
    35.425,
    0.0
  ],
  [
    35.456,
    0.0
  ],
  [
    35.465,
    0.0
  ],
  [
    35.492,
    0.0
  ],
  [
    35.502,
    0.0
  ],
  [
    35.53,
    0.0
  ],
  [
    35.54,
    0.0
  ],
  [
    35.567,
    0.0
  ],
  [
    35.581,
    0.0
  ],
  [
    35.591,
    0.0
  ],
  [
    35.618,
    0.0
  ],
  [
    35.628,
    0.0
  ],
  [
    35.663,
    0.0
  ],
  [
    35.67,
    0.0
  ],
  [
    35.699,
    0.0
  ],
  [
    35.708,
    0.0
  ],
  [
    35.736,
    0.0
  ],
  [
    35.745,
    0.0
  ],
  [
    35.76,
    0.0
  ],
  [
    35.776,
    0.0
  ],
  [
    35.79,
    0.0
  ],
  [
    35.813,
    0.0
  ],
  [
    35.825,
    0.0
  ],
  [
    35.857,
    0.0
  ],
  [
    35.866,
    0.0
  ],
  [
    35.896,
    0.0
  ],
  [
    35.913,
    0.0
  ],
  [
    35.937,
    0.0
  ],
  [
    35.952,
    0.0
  ],
  [
    35.975,
    0.0
  ],
  [
    35.989,
    0.0
  ],
  [
    36.007,
    0.0
  ],
  [
    36.024,
    0.0
  ],
  [
    36.041,
    0.0
  ],
  [
    36.054,
    0.0
  ],
  [
    36.075,
    0.0
  ],
  [
    36.09,
    0.0
  ],
  [
    36.107,
    0.0
  ],
  [
    36.122,
    0.0
  ],
  [
    36.149,
    0.0
  ],
  [
    36.165,
    0.0
  ],
  [
    36.188,
    0.0
  ],
  [
    36.197,
    0.0
  ],
  [
    36.21,
    0.0
  ],
  [
    36.24,
    0.0
  ],
  [
    36.248,
    0.0
  ],
  [
    36.276,
    0.0
  ],
  [
    36.29,
    0.0
  ],
  [
    36.301,
    0.0
  ],
  [
    36.328,
    0.0
  ],
  [
    36.337,
    0.0
  ],
  [
    36.367,
    0.0
  ],
  [
    36.388,
    0.0
  ],
  [
    36.399,
    0.0
  ],
  [
    36.412,
    0.0
  ],
  [
    36.427,
    0.0
  ],
  [
    36.447,
    0.0
  ],
  [
    36.471,
    0.0
  ],
  [
    36.485,
    0.0
  ],
  [
    36.497,
    0.0
  ],
  [
    36.523,
    0.0
  ],
  [
    36.531,
    0.0
  ],
  [
    36.559,
    0.0
  ],
  [
    36.576,
    0.0
  ],
  [
    36.588,
    0.0
  ],
  [
    36.602,
    0.0
  ],
  [
    36.626,
    0.0
  ],
  [
    36.653,
    0.0
  ],
  [
    36.662,
    0.0
  ],
  [
    36.678,
    0.0
  ],
  [
    36.704,
    0.0
  ],
  [
    36.712,
    0.0
  ],
  [
    36.738,
    0.0
  ],
  [
    36.751,
    0.0
  ],
  [
    36.782,
    0.0
  ],
  [
    36.791,
    0.0
  ],
  [
    36.818,
    0.0
  ],
  [
    36.828,
    0.0
  ],
  [
    36.855,
    0.0
  ],
  [
    36.863,
    0.0
  ],
  [
    36.892,
    0.0
  ],
  [
    36.898,
    0.0
  ],
  [
    36.926,
    0.0
  ],
  [
    36.936,
    0.0
  ],
  [
    36.96,
    0.0
  ],
  [
    36.976,
    0.0
  ],
  [
    36.99,
    0.0
  ],
  [
    37.006,
    0.0
  ],
  [
    37.018,
    0.0
  ],
  [
    37.041,
    0.0
  ],
  [
    37.054,
    0.0
  ],
  [
    37.085,
    0.0
  ],
  [
    37.094,
    0.0
  ],
  [
    37.122,
    0.0
  ],
  [
    37.133,
    0.0
  ],
  [
    37.145,
    0.0
  ],
  [
    37.176,
    0.0
  ],
  [
    37.186,
    0.0
  ],
  [
    37.214,
    0.0
  ],
  [
    37.225,
    0.0
  ],
  [
    37.248,
    0.0
  ],
  [
    37.263,
    0.0
  ],
  [
    37.273,
    0.0
  ],
  [
    37.299,
    0.0
  ],
  [
    37.307,
    0.0
  ],
  [
    37.331,
    0.0
  ],
  [
    37.341,
    0.0
  ],
  [
    37.357,
    0.0
  ],
  [
    37.38,
    0.0
  ],
  [
    37.396,
    0.0
  ],
  [
    37.408,
    0.0
  ],
  [
    37.428,
    0.0
  ],
  [
    37.456,
    0.0
  ],
  [
    37.466,
    0.0
  ],
  [
    37.481,
    0.0
  ],
  [
    37.507,
    0.0
  ],
  [
    37.52,
    0.0
  ],
  [
    37.541,
    0.0
  ],
  [
    37.551,
    0.0
  ],
  [
    37.577,
    0.0
  ],
  [
    37.588,
    0.0
  ],
  [
    37.615,
    0.0
  ],
  [
    37.625,
    0.0
  ],
  [
    37.651,
    0.0
  ],
  [
    37.66,
    0.0
  ],
  [
    37.684,
    0.0
  ],
  [
    37.703,
    0.0
  ],
  [
    37.714,
    0.0
  ],
  [
    37.728,
    0.0
  ],
  [
    37.752,
    0.0
  ],
  [
    37.777,
    0.0
  ],
  [
    37.786,
    0.0
  ],
  [
    37.812,
    0.0
  ],
  [
    37.822,
    0.0
  ],
  [
    37.835,
    0.0
  ],
  [
    37.864,
    0.0
  ],
  [
    37.871,
    0.0
  ],
  [
    37.887,
    0.0
  ],
  [
    37.915,
    0.0
  ],
  [
    37.934,
    0.0
  ],
  [
    37.944,
    0.0
  ],
  [
    37.97,
    0.0
  ],
  [
    37.978,
    0.0
  ],
  [
    37.992,
    0.0
  ],
  [
    38.021,
    0.0
  ],
  [
    38.03,
    0.0
  ],
  [
    38.058,
    0.0
  ],
  [
    38.066,
    0.0
  ],
  [
    38.09,
    0.0
  ],
  [
    38.107,
    0.0
  ],
  [
    38.115,
    0.0
  ],
  [
    38.142,
    0.0
  ],
  [
    38.154,
    0.0
  ],
  [
    38.18,
    0.0
  ],
  [
    38.189,
    0.0
  ],
  [
    38.201,
    0.0
  ],
  [
    38.227,
    0.0
  ],
  [
    38.237,
    0.0
  ],
  [
    38.264,
    0.0
  ],
  [
    38.274,
    0.0
  ],
  [
    38.303,
    0.0
  ],
  [
    38.313,
    0.0
  ],
  [
    38.326,
    0.0
  ],
  [
    38.355,
    0.0
  ],
  [
    38.364,
    0.0
  ],
  [
    38.386,
    0.0
  ],
  [
    38.415,
    0.0
  ],
  [
    38.43,
    0.0
  ],
  [
    38.452,
    0.0
  ],
  [
    38.461,
    0.0
  ],
  [
    38.475,
    0.0
  ],
  [
    38.503,
    0.0
  ],
  [
    38.514,
    0.0
  ],
  [
    38.537,
    0.0
  ],
  [
    38.548,
    0.0
  ],
  [
    38.576,
    0.0
  ],
  [
    38.587,
    0.0
  ],
  [
    38.617,
    0.0
  ],
  [
    38.624,
    0.0
  ],
  [
    38.652,
    0.0
  ],
  [
    38.661,
    0.0
  ],
  [
    38.674,
    0.0
  ],
  [
    38.697,
    0.0
  ],
  [
    38.726,
    0.0
  ],
  [
    38.733,
    0.0
  ],
  [
    38.76,
    0.0
  ],
  [
    38.767,
    0.0
  ],
  [
    38.795,
    0.0
  ],
  [
    38.805,
    0.0
  ],
  [
    38.829,
    0.0
  ],
  [
    38.839,
    0.0
  ],
  [
    38.867,
    0.0
  ],
  [
    38.875,
    0.0
  ],
  [
    38.904,
    0.0
  ],
  [
    38.912,
    0.0
  ],
  [
    38.935,
    0.0
  ],
  [
    38.947,
    0.0
  ],
  [
    38.973,
    0.0
  ],
  [
    38.988,
    0.0
  ],
  [
    38.997,
    0.0
  ],
  [
    39.023,
    0.0
  ],
  [
    39.032,
    0.0
  ],
  [
    39.054,
    0.0
  ],
  [
    39.067,
    0.0
  ],
  [
    39.095,
    0.0
  ],
  [
    39.104,
    0.0
  ],
  [
    39.119,
    0.0
  ],
  [
    39.132,
    0.0
  ],
  [
    39.155,
    0.0
  ],
  [
    39.166,
    0.0
  ],
  [
    39.193,
    0.0
  ],
  [
    39.202,
    0.0
  ],
  [
    39.234,
    0.0
  ],
  [
    39.242,
    0.0
  ],
  [
    39.257,
    0.0
  ],
  [
    39.28,
    0.0
  ],
  [
    39.292,
    0.0
  ],
  [
    39.323,
    0.0
  ],
  [
    39.335,
    0.0
  ],
  [
    39.345,
    0.0
  ],
  [
    39.373,
    0.0
  ],
  [
    39.384,
    0.0
  ],
  [
    39.395,
    0.0
  ],
  [
    39.415,
    0.0
  ],
  [
    39.441,
    0.0
  ],
  [
    39.453,
    0.0
  ],
  [
    39.482,
    0.0
  ],
  [
    39.49,
    0.0
  ],
  [
    39.502,
    0.0
  ],
  [
    39.53,
    0.0
  ],
  [
    39.54,
    0.0
  ],
  [
    39.57,
    0.0
  ],
  [
    39.582,
    0.0
  ],
  [
    39.604,
    0.0
  ],
  [
    39.617,
    0.0
  ],
  [
    39.644,
    0.0
  ],
  [
    39.656,
    0.0
  ],
  [
    39.68,
    0.0
  ],
  [
    39.688,
    0.0
  ],
  [
    39.718,
    0.0
  ],
  [
    39.727,
    0.0
  ],
  [
    39.74,
    0.0
  ],
  [
    39.767,
    0.0
  ],
  [
    39.773,
    0.0
  ],
  [
    39.795,
    0.0
  ],
  [
    39.822,
    0.0
  ],
  [
    39.83,
    0.0
  ],
  [
    39.855,
    0.0
  ],
  [
    39.865,
    0.0
  ],
  [
    39.89,
    0.0
  ],
  [
    39.899,
    0.0
  ],
  [
    39.915,
    0.0
  ],
  [
    39.94,
    0.0
  ],
  [
    39.95,
    0.0
  ],
  [
    39.977,
    0.0
  ],
  [
    39.988,
    0.0
  ],
  [
    40.014,
    0.0
  ],
  [
    40.026,
    0.0
  ],
  [
    40.037,
    0.0
  ],
  [
    40.062,
    0.0
  ],
  [
    40.071,
    0.0
  ],
  [
    40.086,
    0.0
  ],
  [
    40.102,
    0.0
  ],
  [
    40.12,
    0.0
  ],
  [
    40.136,
    0.0
  ],
  [
    40.156,
    0.0
  ],
  [
    40.173,
    0.0
  ],
  [
    40.189,
    0.0
  ],
  [
    40.204,
    0.0
  ],
  [
    40.222,
    0.0
  ],
  [
    40.239,
    0.0
  ],
  [
    40.261,
    0.0
  ],
  [
    40.278,
    0.0
  ],
  [
    40.305,
    0.0
  ],
  [
    40.319,
    0.0
  ],
  [
    40.335,
    0.0
  ],
  [
    40.352,
    0.0
  ],
  [
    40.364,
    0.0
  ],
  [
    40.398,
    0.0
  ],
  [
    40.415,
    0.0
  ],
  [
    40.436,
    0.0
  ],
  [
    40.458,
    0.0
  ],
  [
    40.483,
    0.0
  ],
  [
    40.5,
    0.0
  ],
  [
    40.512,
    0.0
  ],
  [
    40.529,
    0.0
  ],
  [
    40.541,
    0.0
  ],
  [
    40.567,
    0.0
  ],
  [
    40.581,
    0.0
  ],
  [
    40.593,
    0.0
  ],
  [
    40.624,
    0.0
  ],
  [
    40.636,
    0.0
  ],
  [
    40.651,
    0.0
  ],
  [
    40.666,
    0.0
  ],
  [
    40.681,
    0.0
  ],
  [
    40.715,
    0.0
  ],
  [
    40.723,
    0.0
  ],
  [
    40.739,
    0.0
  ],
  [
    40.77,
    0.0
  ],
  [
    40.78,
    0.0
  ],
  [
    40.806,
    0.0
  ],
  [
    40.815,
    0.0
  ],
  [
    40.844,
    0.0
  ],
  [
    40.852,
    0.0
  ],
  [
    40.865,
    0.0
  ],
  [
    40.894,
    0.0
  ],
  [
    40.904,
    0.0
  ],
  [
    40.927,
    0.0
  ],
  [
    40.944,
    0.0
  ],
  [
    40.963,
    0.0
  ],
  [
    40.988,
    0.0
  ],
  [
    41.0,
    0.0
  ],
  [
    41.018,
    0.0
  ],
  [
    41.035,
    0.0
  ],
  [
    41.048,
    0.0
  ],
  [
    41.062,
    0.0
  ],
  [
    41.092,
    0.0
  ],
  [
    41.107,
    0.0
  ],
  [
    41.118,
    0.0
  ],
  [
    41.152,
    0.0
  ],
  [
    41.164,
    0.0
  ],
  [
    41.178,
    0.0
  ],
  [
    41.207,
    0.0
  ],
  [
    41.222,
    0.0
  ],
  [
    41.234,
    0.0
  ],
  [
    41.257,
    0.0
  ],
  [
    41.271,
    0.0
  ],
  [
    41.283,
    0.0
  ],
  [
    41.314,
    0.0
  ],
  [
    41.328,
    0.0
  ],
  [
    41.342,
    0.0
  ],
  [
    41.358,
    0.0
  ],
  [
    41.387,
    0.0
  ],
  [
    41.396,
    0.0
  ],
  [
    41.412,
    0.0
  ],
  [
    41.443,
    0.0
  ],
  [
    41.454,
    0.0
  ],
  [
    41.474,
    0.0
  ],
  [
    41.5,
    0.0
  ],
  [
    41.51,
    0.0
  ],
  [
    41.524,
    0.0
  ],
  [
    41.553,
    0.0
  ],
  [
    41.578,
    0.0
  ],
  [
    41.59,
    0.0
  ],
  [
    41.603,
    0.0
  ],
  [
    41.638,
    0.0
  ],
  [
    41.646,
    0.0
  ],
  [
    41.662,
    0.0
  ],
  [
    41.691,
    0.0
  ],
  [
    41.701,
    0.0
  ],
  [
    41.716,
    0.0
  ],
  [
    41.733,
    0.0
  ],
  [
    41.748,
    0.0
  ],
  [
    41.774,
    0.0
  ],
  [
    41.788,
    0.0
  ],
  [
    41.801,
    0.0
  ],
  [
    41.816,
    0.0
  ],
  [
    41.848,
    0.0
  ],
  [
    41.859,
    0.0
  ],
  [
    41.872,
    0.0
  ],
  [
    41.888,
    0.0
  ],
  [
    41.918,
    0.0
  ],
  [
    41.93,
    0.0
  ],
  [
    41.96,
    0.0
  ],
  [
    41.978,
    0.0
  ],
  [
    41.99,
    0.0
  ],
  [
    42.018,
    0.0
  ],
  [
    42.036,
    0.0
  ],
  [
    42.049,
    0.0
  ],
  [
    42.062,
    0.0
  ],
  [
    42.094,
    0.0
  ],
  [
    42.101,
    0.0
  ],
  [
    42.127,
    0.0
  ],
  [
    42.136,
    0.0
  ],
  [
    42.161,
    0.0
  ],
  [
    42.174,
    0.0
  ],
  [
    42.185,
    0.0
  ],
  [
    42.212,
    0.0
  ],
  [
    42.22,
    0.0
  ],
  [
    42.246,
    0.0
  ],
  [
    42.257,
    0.0
  ],
  [
    42.27,
    0.0
  ],
  [
    42.297,
    0.0
  ],
  [
    42.307,
    0.0
  ],
  [
    42.32,
    0.0
  ],
  [
    42.343,
    0.0
  ],
  [
    42.355,
    0.0
  ],
  [
    42.378,
    0.0
  ],
  [
    42.392,
    0.0
  ],
  [
    42.414,
    0.0
  ],
  [
    42.426,
    0.0
  ],
  [
    42.46,
    0.0
  ],
  [
    42.468,
    0.0
  ],
  [
    42.497,
    0.0
  ],
  [
    42.507,
    0.0
  ],
  [
    42.521,
    0.0
  ],
  [
    42.55,
    0.0
  ],
  [
    42.558,
    0.0
  ],
  [
    42.585,
    0.0
  ],
  [
    42.594,
    0.0
  ],
  [
    42.621,
    0.0
  ],
  [
    42.628,
    0.0
  ],
  [
    42.656,
    0.0
  ],
  [
    42.67,
    0.0
  ],
  [
    42.685,
    0.0
  ],
  [
    42.696,
    0.0
  ],
  [
    42.718,
    0.0
  ],
  [
    42.73,
    0.0
  ],
  [
    42.756,
    0.0
  ],
  [
    42.766,
    0.0
  ],
  [
    42.796,
    0.0
  ],
  [
    42.803,
    0.0
  ],
  [
    42.83,
    0.0
  ],
  [
    42.838,
    0.0
  ],
  [
    42.865,
    0.0
  ],
  [
    42.875,
    0.0
  ],
  [
    42.9,
    0.0
  ],
  [
    42.91,
    0.0
  ],
  [
    42.923,
    0.0
  ],
  [
    42.954,
    0.0
  ],
  [
    42.961,
    0.0
  ],
  [
    42.99,
    0.0
  ],
  [
    43.0,
    0.0
  ],
  [
    43.026,
    0.0
  ],
  [
    43.036,
    0.0
  ],
  [
    43.051,
    0.0
  ],
  [
    43.077,
    0.0
  ],
  [
    43.086,
    0.0
  ],
  [
    43.1,
    0.0
  ],
  [
    43.123,
    0.0
  ],
  [
    43.149,
    0.0
  ],
  [
    43.16,
    0.0
  ],
  [
    43.185,
    0.0
  ],
  [
    43.194,
    0.0
  ],
  [
    43.222,
    0.0
  ],
  [
    43.229,
    0.0
  ],
  [
    43.261,
    0.0
  ],
  [
    43.267,
    0.0
  ],
  [
    43.294,
    0.0
  ],
  [
    43.302,
    0.0
  ],
  [
    43.328,
    0.0
  ],
  [
    43.334,
    0.0
  ],
  [
    43.362,
    0.0
  ],
  [
    43.371,
    0.0
  ],
  [
    43.386,
    0.0
  ],
  [
    43.411,
    0.0
  ],
  [
    43.421,
    0.0
  ],
  [
    43.433,
    0.0
  ],
  [
    43.46,
    0.0
  ],
  [
    43.479,
    0.0
  ],
  [
    43.49,
    0.0
  ],
  [
    43.517,
    0.0
  ],
  [
    43.525,
    0.0
  ],
  [
    43.563,
    0.0
  ],
  [
    43.572,
    0.0
  ],
  [
    43.584,
    0.0
  ],
  [
    43.607,
    0.0
  ],
  [
    43.633,
    0.0
  ],
  [
    43.638,
    0.0
  ],
  [
    43.663,
    0.0
  ],
  [
    43.673,
    0.0
  ],
  [
    43.699,
    0.0
  ],
  [
    43.707,
    0.0
  ],
  [
    43.736,
    0.0
  ],
  [
    43.746,
    0.0
  ],
  [
    43.76,
    0.0
  ],
  [
    43.788,
    0.0
  ],
  [
    43.798,
    0.0
  ],
  [
    43.826,
    0.0
  ],
  [
    43.835,
    0.0
  ],
  [
    43.85,
    0.0
  ],
  [
    43.877,
    0.0
  ],
  [
    43.882,
    0.0
  ],
  [
    43.912,
    0.0
  ],
  [
    43.92,
    0.0
  ],
  [
    43.943,
    0.0
  ],
  [
    43.953,
    0.0
  ],
  [
    43.968,
    0.0
  ],
  [
    43.993,
    0.0
  ],
  [
    44.0,
    0.0
  ],
  [
    44.03,
    0.0
  ],
  [
    44.037,
    0.0
  ],
  [
    44.068,
    0.0
  ],
  [
    44.076,
    0.0
  ],
  [
    44.089,
    0.0
  ],
  [
    44.115,
    0.0
  ],
  [
    44.13,
    0.0
  ],
  [
    44.138,
    0.0
  ],
  [
    44.168,
    0.0
  ],
  [
    44.179,
    0.0
  ],
  [
    44.203,
    0.0
  ],
  [
    44.211,
    0.0
  ],
  [
    44.241,
    0.0
  ],
  [
    44.25,
    0.0
  ],
  [
    44.274,
    0.0
  ],
  [
    44.287,
    0.0
  ],
  [
    44.309,
    0.0
  ],
  [
    44.339,
    0.0
  ],
  [
    44.347,
    0.0
  ],
  [
    44.374,
    0.0
  ],
  [
    44.384,
    0.0
  ],
  [
    44.398,
    0.0
  ],
  [
    44.426,
    0.0
  ],
  [
    44.434,
    0.0
  ],
  [
    44.456,
    0.0
  ],
  [
    44.471,
    0.0
  ],
  [
    44.486,
    0.0
  ],
  [
    44.516,
    0.0
  ],
  [
    44.525,
    0.0
  ],
  [
    44.553,
    0.0
  ],
  [
    44.56,
    0.0
  ],
  [
    44.587,
    0.0
  ],
  [
    44.596,
    0.0
  ],
  [
    44.612,
    0.0
  ],
  [
    44.638,
    0.0
  ],
  [
    44.648,
    0.0
  ],
  [
    44.663,
    0.0
  ],
  [
    44.689,
    0.0
  ],
  [
    44.703,
    0.0
  ],
  [
    44.725,
    0.0
  ],
  [
    44.734,
    0.0
  ],
  [
    44.763,
    0.0
  ],
  [
    44.774,
    0.0
  ],
  [
    44.799,
    0.0
  ],
  [
    44.805,
    0.0
  ],
  [
    44.828,
    0.0
  ],
  [
    44.853,
    0.0
  ],
  [
    44.862,
    0.0
  ],
  [
    44.876,
    0.0
  ],
  [
    44.902,
    0.0
  ],
  [
    44.914,
    0.0
  ],
  [
    44.942,
    0.0
  ],
  [
    44.95,
    0.0
  ],
  [
    44.976,
    0.0
  ],
  [
    44.984,
    0.0
  ],
  [
    44.996,
    0.0
  ],
  [
    45.023,
    0.0
  ],
  [
    45.032,
    0.0
  ],
  [
    45.06,
    0.0
  ],
  [
    45.07,
    0.0
  ],
  [
    45.092,
    0.0
  ],
  [
    45.104,
    0.0
  ],
  [
    45.132,
    0.0
  ],
  [
    45.139,
    0.0
  ],
  [
    45.163,
    0.0
  ],
  [
    45.178,
    0.0
  ],
  [
    45.187,
    0.0
  ],
  [
    45.203,
    0.0
  ],
  [
    45.227,
    0.0
  ],
  [
    45.235,
    0.0
  ],
  [
    45.263,
    0.0
  ],
  [
    45.275,
    0.0
  ],
  [
    45.3,
    0.0
  ],
  [
    45.31,
    0.0
  ],
  [
    45.332,
    0.0
  ],
  [
    45.342,
    0.0
  ],
  [
    45.37,
    0.0
  ],
  [
    45.381,
    0.0
  ],
  [
    45.392,
    0.0
  ],
  [
    45.42,
    0.0
  ],
  [
    45.431,
    0.0
  ],
  [
    45.454,
    0.0
  ],
  [
    45.465,
    0.0
  ],
  [
    45.475,
    0.0
  ],
  [
    45.504,
    0.0
  ],
  [
    45.513,
    0.0
  ],
  [
    45.54,
    0.0
  ],
  [
    45.548,
    0.0
  ],
  [
    45.561,
    0.0
  ],
  [
    45.591,
    0.0
  ],
  [
    45.6,
    0.0
  ],
  [
    45.627,
    0.0
  ],
  [
    45.634,
    0.0
  ],
  [
    45.662,
    0.0
  ],
  [
    45.672,
    0.0
  ],
  [
    45.684,
    0.0
  ],
  [
    45.713,
    0.0
  ],
  [
    45.724,
    0.0
  ],
  [
    45.75,
    0.0
  ],
  [
    45.76,
    0.0
  ],
  [
    45.774,
    0.0
  ],
  [
    45.799,
    0.0
  ],
  [
    45.809,
    0.0
  ],
  [
    45.838,
    0.0
  ],
  [
    45.847,
    0.0
  ],
  [
    45.876,
    0.0
  ],
  [
    45.884,
    0.0
  ],
  [
    45.909,
    0.0
  ],
  [
    45.92,
    0.0
  ],
  [
    45.937,
    0.0
  ],
  [
    45.975,
    0.0
  ],
  [
    45.99,
    0.0
  ],
  [
    46.007,
    0.0
  ],
  [
    46.025,
    0.0
  ],
  [
    46.04,
    0.0
  ],
  [
    46.054,
    0.0
  ],
  [
    46.084,
    0.0
  ],
  [
    46.092,
    0.0
  ],
  [
    46.108,
    0.0
  ],
  [
    46.134,
    0.0
  ],
  [
    46.14,
    0.0
  ],
  [
    46.183,
    0.0
  ],
  [
    46.19,
    0.0
  ],
  [
    46.207,
    0.0
  ],
  [
    46.224,
    0.0
  ],
  [
    46.238,
    0.0
  ],
  [
    46.254,
    0.0
  ],
  [
    46.27,
    0.0
  ],
  [
    46.288,
    0.0
  ],
  [
    46.304,
    0.0
  ],
  [
    46.322,
    0.0
  ],
  [
    46.337,
    0.0
  ],
  [
    46.354,
    0.0
  ],
  [
    46.372,
    0.0
  ],
  [
    46.389,
    0.0
  ],
  [
    46.405,
    0.0
  ],
  [
    46.42,
    0.0
  ],
  [
    46.44,
    0.0
  ],
  [
    46.46,
    0.0
  ],
  [
    46.484,
    0.0
  ],
  [
    46.504,
    0.0
  ],
  [
    46.522,
    0.0
  ],
  [
    46.54,
    0.0
  ],
  [
    46.557,
    0.0
  ],
  [
    46.582,
    0.0
  ],
  [
    46.598,
    0.0
  ],
  [
    46.626,
    0.0
  ],
  [
    46.654,
    0.0
  ],
  [
    46.667,
    0.0
  ],
  [
    46.69,
    0.0
  ],
  [
    46.703,
    0.0
  ],
  [
    46.725,
    0.0
  ],
  [
    46.745,
    0.0
  ],
  [
    46.754,
    0.0
  ],
  [
    46.766,
    0.0
  ],
  [
    46.793,
    0.0
  ],
  [
    46.804,
    0.0
  ],
  [
    46.819,
    0.0
  ],
  [
    46.848,
    0.0
  ],
  [
    46.857,
    0.0
  ],
  [
    46.889,
    0.0
  ],
  [
    46.9,
    0.0
  ],
  [
    46.927,
    0.0
  ],
  [
    46.937,
    0.0
  ],
  [
    46.96,
    0.0
  ],
  [
    46.972,
    0.0
  ],
  [
    46.987,
    0.0
  ],
  [
    47.01,
    0.0
  ],
  [
    47.035,
    0.0
  ],
  [
    47.051,
    0.0
  ],
  [
    47.059,
    0.0
  ],
  [
    47.084,
    0.0
  ],
  [
    47.096,
    0.0
  ],
  [
    47.109,
    0.0
  ],
  [
    47.137,
    0.0
  ],
  [
    47.143,
    0.0
  ],
  [
    47.167,
    0.0
  ],
  [
    47.177,
    0.0
  ],
  [
    47.203,
    0.0
  ],
  [
    47.212,
    0.0
  ],
  [
    47.226,
    0.0
  ],
  [
    47.253,
    0.0
  ],
  [
    47.261,
    0.0
  ],
  [
    47.291,
    0.0
  ],
  [
    47.298,
    0.0
  ],
  [
    47.326,
    0.0
  ],
  [
    47.335,
    0.0
  ],
  [
    47.363,
    0.0
  ],
  [
    47.388,
    0.0
  ],
  [
    47.4,
    0.0
  ],
  [
    47.427,
    0.0
  ],
  [
    47.437,
    0.0
  ],
  [
    47.463,
    0.0
  ],
  [
    47.476,
    0.0
  ],
  [
    47.485,
    0.0
  ],
  [
    47.517,
    0.0
  ],
  [
    47.527,
    0.0
  ],
  [
    47.554,
    0.0
  ],
  [
    47.563,
    0.0
  ],
  [
    47.576,
    0.0
  ],
  [
    47.604,
    0.0
  ],
  [
    47.617,
    0.0
  ],
  [
    47.642,
    0.0
  ],
  [
    47.656,
    0.0
  ],
  [
    47.664,
    0.0
  ],
  [
    47.688,
    0.0
  ],
  [
    47.702,
    0.0
  ],
  [
    47.729,
    0.0
  ],
  [
    47.744,
    0.0
  ],
  [
    47.767,
    0.0
  ],
  [
    47.775,
    0.0
  ],
  [
    47.799,
    0.0
  ],
  [
    47.809,
    0.0
  ],
  [
    47.835,
    0.0
  ],
  [
    47.844,
    0.0
  ],
  [
    47.859,
    0.0
  ],
  [
    47.884,
    0.0
  ],
  [
    47.9,
    0.0
  ],
  [
    47.907,
    0.0
  ],
  [
    47.933,
    0.0
  ],
  [
    47.942,
    0.0
  ],
  [
    47.968,
    0.0
  ],
  [
    47.978,
    0.0
  ],
  [
    48.003,
    0.0
  ],
  [
    48.011,
    0.0
  ],
  [
    48.037,
    0.0
  ],
  [
    48.054,
    0.0
  ],
  [
    48.067,
    0.0
  ],
  [
    48.094,
    0.0
  ],
  [
    48.1,
    0.0
  ],
  [
    48.125,
    0.0
  ],
  [
    48.137,
    0.0
  ],
  [
    48.152,
    0.0
  ],
  [
    48.178,
    0.0
  ],
  [
    48.186,
    0.0
  ],
  [
    48.208,
    0.0
  ],
  [
    48.22,
    0.0
  ],
  [
    48.232,
    0.0
  ],
  [
    48.26,
    0.0
  ],
  [
    48.269,
    0.0
  ],
  [
    48.295,
    0.0
  ],
  [
    48.303,
    0.0
  ],
  [
    48.33,
    0.0
  ],
  [
    48.338,
    0.0
  ],
  [
    48.367,
    0.0
  ],
  [
    48.376,
    0.0
  ],
  [
    48.405,
    0.0
  ],
  [
    48.411,
    0.0
  ],
  [
    48.436,
    0.0
  ],
  [
    48.445,
    0.0
  ],
  [
    48.458,
    0.0
  ],
  [
    48.479,
    0.0
  ],
  [
    48.492,
    0.0
  ],
  [
    48.52,
    0.0
  ],
  [
    48.534,
    0.0
  ],
  [
    48.547,
    0.0
  ],
  [
    48.584,
    0.0
  ],
  [
    48.601,
    0.0
  ],
  [
    48.613,
    0.0
  ],
  [
    48.628,
    0.0
  ],
  [
    48.646,
    0.0
  ],
  [
    48.665,
    0.0
  ],
  [
    48.684,
    0.0
  ],
  [
    48.698,
    0.0
  ],
  [
    48.733,
    0.0
  ],
  [
    48.746,
    0.0
  ],
  [
    48.766,
    0.0
  ],
  [
    48.799,
    0.0
  ],
  [
    48.806,
    0.0
  ],
  [
    48.84,
    0.0
  ],
  [
    48.855,
    0.0
  ],
  [
    48.879,
    0.0
  ],
  [
    48.895,
    0.0
  ],
  [
    48.914,
    0.0
  ],
  [
    48.926,
    0.0
  ],
  [
    48.95,
    0.0
  ],
  [
    48.979,
    0.0
  ],
  [
    48.987,
    0.0
  ],
  [
    49.008,
    0.0
  ],
  [
    49.022,
    0.0
  ],
  [
    49.053,
    0.0
  ],
  [
    49.073,
    0.0
  ],
  [
    49.085,
    0.0
  ],
  [
    49.116,
    0.0
  ],
  [
    49.125,
    0.0
  ],
  [
    49.147,
    0.0
  ],
  [
    49.176,
    0.0
  ],
  [
    49.188,
    0.0
  ],
  [
    49.206,
    0.0
  ],
  [
    49.222,
    0.0
  ],
  [
    49.237,
    0.0
  ],
  [
    49.253,
    0.0
  ],
  [
    49.269,
    0.0
  ],
  [
    49.287,
    0.0
  ],
  [
    49.302,
    0.0
  ],
  [
    49.316,
    0.0
  ],
  [
    49.332,
    0.0
  ],
  [
    49.349,
    0.0
  ],
  [
    49.374,
    0.0
  ],
  [
    49.389,
    0.0
  ],
  [
    49.41,
    0.0
  ],
  [
    49.431,
    0.0
  ],
  [
    49.441,
    0.0
  ],
  [
    49.46,
    0.0
  ],
  [
    49.478,
    0.0
  ],
  [
    49.502,
    0.0
  ],
  [
    49.518,
    0.0
  ],
  [
    49.534,
    0.0
  ],
  [
    49.547,
    0.0
  ],
  [
    49.572,
    0.0
  ],
  [
    49.593,
    0.0
  ],
  [
    49.608,
    0.0
  ],
  [
    49.62,
    0.0
  ],
  [
    49.64,
    0.0
  ],
  [
    49.653,
    0.0
  ],
  [
    49.67,
    0.0
  ],
  [
    49.681,
    0.0
  ],
  [
    49.705,
    0.0
  ],
  [
    49.717,
    0.0
  ],
  [
    49.744,
    0.0
  ],
  [
    49.753,
    0.0
  ],
  [
    49.785,
    0.0
  ],
  [
    49.795,
    0.0
  ],
  [
    49.812,
    0.0
  ],
  [
    49.828,
    0.0
  ],
  [
    49.846,
    0.0
  ],
  [
    49.863,
    0.0
  ],
  [
    49.881,
    0.0
  ],
  [
    49.897,
    0.0
  ],
  [
    49.917,
    0.0
  ],
  [
    49.931,
    0.0
  ],
  [
    49.948,
    0.0
  ],
  [
    49.963,
    0.0
  ],
  [
    49.989,
    0.0
  ],
  [
    50.0,
    0.0
  ],
  [
    50.018,
    0.0
  ],
  [
    50.033,
    0.0
  ],
  [
    50.048,
    0.0
  ],
  [
    50.068,
    0.0
  ],
  [
    50.085,
    0.0
  ],
  [
    50.102,
    0.0
  ],
  [
    50.118,
    0.0
  ],
  [
    50.137,
    0.0
  ],
  [
    50.155,
    0.0
  ],
  [
    50.171,
    0.0
  ],
  [
    50.19,
    0.0
  ],
  [
    50.208,
    0.0
  ],
  [
    50.218,
    0.0
  ],
  [
    50.236,
    0.0
  ],
  [
    50.253,
    0.0
  ],
  [
    50.27,
    0.0
  ],
  [
    50.287,
    0.0
  ],
  [
    50.301,
    0.0
  ],
  [
    50.32,
    0.0
  ],
  [
    50.346,
    0.0
  ],
  [
    50.366,
    0.0
  ],
  [
    50.388,
    0.0
  ],
  [
    50.406,
    0.0
  ],
  [
    50.417,
    0.0
  ],
  [
    50.437,
    0.0
  ],
  [
    50.454,
    0.0
  ],
  [
    50.47,
    0.0
  ],
  [
    50.484,
    0.0
  ],
  [
    50.501,
    0.0
  ],
  [
    50.518,
    0.0
  ],
  [
    50.542,
    0.0
  ],
  [
    50.56,
    0.0
  ],
  [
    50.58,
    0.0
  ],
  [
    50.596,
    0.0
  ],
  [
    50.61,
    0.0
  ],
  [
    50.64,
    0.0
  ],
  [
    50.656,
    0.0
  ],
  [
    50.671,
    0.0
  ],
  [
    50.686,
    0.0
  ],
  [
    50.712,
    0.0
  ],
  [
    50.721,
    0.0
  ],
  [
    50.748,
    0.0
  ],
  [
    50.754,
    0.0
  ],
  [
    50.78,
    0.0
  ],
  [
    50.792,
    0.0
  ],
  [
    50.802,
    0.0
  ],
  [
    50.827,
    0.0
  ],
  [
    50.836,
    0.0
  ],
  [
    50.862,
    0.0
  ],
  [
    50.87,
    0.0
  ],
  [
    50.891,
    0.0
  ],
  [
    50.918,
    0.0
  ],
  [
    50.926,
    0.0
  ],
  [
    50.941,
    0.0
  ],
  [
    50.967,
    0.0
  ],
  [
    50.975,
    0.0
  ],
  [
    51.004,
    0.0
  ],
  [
    51.015,
    0.0
  ],
  [
    51.038,
    0.0
  ],
  [
    51.048,
    0.0
  ],
  [
    51.072,
    0.0
  ],
  [
    51.084,
    0.0
  ],
  [
    51.11,
    0.0
  ],
  [
    51.123,
    0.0
  ],
  [
    51.146,
    0.0
  ],
  [
    51.156,
    0.0
  ],
  [
    51.17,
    0.0
  ],
  [
    51.196,
    0.0
  ],
  [
    51.208,
    0.0
  ],
  [
    51.236,
    0.0
  ],
  [
    51.243,
    0.0
  ],
  [
    51.267,
    0.0
  ],
  [
    51.278,
    0.0
  ],
  [
    51.294,
    0.0
  ],
  [
    51.314,
    0.0
  ],
  [
    51.327,
    0.0
  ],
  [
    51.354,
    0.0
  ],
  [
    51.365,
    0.0
  ],
  [
    51.392,
    0.0
  ],
  [
    51.402,
    0.0
  ],
  [
    51.43,
    0.0
  ],
  [
    51.438,
    0.0
  ],
  [
    51.463,
    0.0
  ],
  [
    51.473,
    0.0
  ],
  [
    51.498,
    0.0
  ],
  [
    51.508,
    0.0
  ],
  [
    51.534,
    0.0
  ],
  [
    51.546,
    0.0
  ],
  [
    51.574,
    0.0
  ],
  [
    51.583,
    0.0
  ],
  [
    51.596,
    0.0
  ],
  [
    51.627,
    0.0
  ],
  [
    51.634,
    0.0
  ],
  [
    51.656,
    0.0
  ],
  [
    51.67,
    0.0
  ],
  [
    51.694,
    0.0
  ],
  [
    51.708,
    0.0
  ],
  [
    51.736,
    0.0
  ],
  [
    51.744,
    0.0
  ],
  [
    51.772,
    0.0
  ],
  [
    51.784,
    0.0
  ],
  [
    51.793,
    0.0
  ],
  [
    51.821,
    0.0
  ],
  [
    51.828,
    0.0
  ],
  [
    51.855,
    0.0
  ],
  [
    51.868,
    0.0
  ],
  [
    51.878,
    0.0
  ],
  [
    51.908,
    0.0
  ],
  [
    51.917,
    0.0
  ],
  [
    51.943,
    0.0
  ],
  [
    51.952,
    0.0
  ],
  [
    51.967,
    0.0
  ],
  [
    51.981,
    0.0
  ],
  [
    52.01,
    0.0
  ],
  [
    52.018,
    0.0
  ],
  [
    52.046,
    0.0
  ],
  [
    52.068,
    0.0
  ],
  [
    52.08,
    0.0
  ],
  [
    52.097,
    0.0
  ],
  [
    52.111,
    0.0
  ],
  [
    52.135,
    0.0
  ],
  [
    52.143,
    0.0
  ],
  [
    52.168,
    0.0
  ],
  [
    52.178,
    0.0
  ],
  [
    52.194,
    0.0
  ],
  [
    52.224,
    0.0
  ],
  [
    52.232,
    0.0
  ],
  [
    52.256,
    0.0
  ],
  [
    52.266,
    0.0
  ],
  [
    52.276,
    0.0
  ],
  [
    52.302,
    0.0
  ],
  [
    52.31,
    0.0
  ],
  [
    52.338,
    0.0
  ],
  [
    52.349,
    0.0
  ],
  [
    52.376,
    0.0
  ],
  [
    52.392,
    0.0
  ],
  [
    52.4,
    0.0
  ],
  [
    52.431,
    0.0
  ],
  [
    52.436,
    0.0
  ],
  [
    52.462,
    0.0
  ],
  [
    52.469,
    0.0
  ],
  [
    52.496,
    0.0
  ],
  [
    52.51,
    0.0
  ],
  [
    52.518,
    0.0
  ],
  [
    52.547,
    0.0
  ],
  [
    52.557,
    0.0
  ],
  [
    52.574,
    0.0
  ],
  [
    52.587,
    0.0
  ],
  [
    52.614,
    0.0
  ],
  [
    52.622,
    0.0
  ],
  [
    52.651,
    0.0
  ],
  [
    52.66,
    0.0
  ],
  [
    52.677,
    0.0
  ],
  [
    52.705,
    0.0
  ],
  [
    52.717,
    0.0
  ],
  [
    52.747,
    0.0
  ],
  [
    52.755,
    0.0
  ],
  [
    52.783,
    0.0
  ],
  [
    52.795,
    0.0
  ],
  [
    52.805,
    0.0
  ],
  [
    52.836,
    0.0
  ],
  [
    52.844,
    0.0
  ],
  [
    52.871,
    0.0
  ],
  [
    52.881,
    0.0
  ],
  [
    52.91,
    0.0
  ],
  [
    52.919,
    0.0
  ],
  [
    52.945,
    0.0
  ],
  [
    52.954,
    0.0
  ],
  [
    52.976,
    0.0
  ],
  [
    52.988,
    0.0
  ],
  [
    53.002,
    0.0
  ],
  [
    53.025,
    0.0
  ],
  [
    53.037,
    0.0
  ],
  [
    53.063,
    0.0
  ],
  [
    53.076,
    0.0
  ],
  [
    53.091,
    0.0
  ],
  [
    53.117,
    0.0
  ],
  [
    53.126,
    0.0
  ],
  [
    53.142,
    0.0
  ],
  [
    53.156,
    0.0
  ],
  [
    53.181,
    0.0
  ],
  [
    53.191,
    0.0
  ],
  [
    53.218,
    0.0
  ],
  [
    53.226,
    0.0
  ],
  [
    53.252,
    0.0
  ],
  [
    53.261,
    0.0
  ],
  [
    53.29,
    0.0
  ],
  [
    53.3,
    0.0
  ],
  [
    53.326,
    0.0
  ],
  [
    53.337,
    0.0
  ],
  [
    53.362,
    0.0
  ],
  [
    53.385,
    0.0
  ],
  [
    53.4,
    0.0
  ],
  [
    53.413,
    0.0
  ],
  [
    53.43,
    0.0
  ],
  [
    53.448,
    0.0
  ],
  [
    53.464,
    0.0
  ],
  [
    53.482,
    0.0
  ],
  [
    53.497,
    0.0
  ],
  [
    53.522,
    0.0
  ],
  [
    53.531,
    0.0
  ],
  [
    53.548,
    0.0
  ],
  [
    53.576,
    0.0
  ],
  [
    53.598,
    0.0
  ],
  [
    53.608,
    0.0
  ],
  [
    53.642,
    0.0
  ],
  [
    53.653,
    0.0
  ],
  [
    53.67,
    0.0
  ],
  [
    53.688,
    0.0
  ],
  [
    53.703,
    0.0
  ],
  [
    53.723,
    0.0
  ],
  [
    53.745,
    0.0
  ],
  [
    53.76,
    0.0
  ],
  [
    53.78,
    0.0
  ],
  [
    53.793,
    0.0
  ],
  [
    53.815,
    0.0
  ],
  [
    53.832,
    0.0
  ],
  [
    53.858,
    0.0
  ],
  [
    53.883,
    0.0
  ],
  [
    53.9,
    0.0
  ],
  [
    53.929,
    0.0
  ],
  [
    53.949,
    0.0
  ],
  [
    53.975,
    0.0
  ],
  [
    53.99,
    0.0
  ],
  [
    54.004,
    0.0
  ],
  [
    54.029,
    0.0
  ],
  [
    54.052,
    0.0
  ],
  [
    54.074,
    0.0
  ],
  [
    54.09,
    0.0
  ],
  [
    54.102,
    0.0
  ],
  [
    54.116,
    0.0
  ],
  [
    54.143,
    0.0
  ],
  [
    54.156,
    0.0
  ],
  [
    54.17,
    0.0
  ],
  [
    54.194,
    0.0
  ],
  [
    54.204,
    0.0
  ],
  [
    54.232,
    0.0
  ],
  [
    54.24,
    0.0
  ],
  [
    54.266,
    0.0
  ],
  [
    54.276,
    0.0
  ],
  [
    54.293,
    0.0
  ],
  [
    54.318,
    0.0
  ],
  [
    54.327,
    0.0
  ],
  [
    54.379,
    0.0
  ],
  [
    54.388,
    0.0
  ],
  [
    54.408,
    0.0
  ],
  [
    54.426,
    0.0
  ],
  [
    54.446,
    0.0
  ],
  [
    54.467,
    0.0
  ],
  [
    54.493,
    0.0
  ],
  [
    54.505,
    0.0
  ],
  [
    54.523,
    0.0
  ],
  [
    54.546,
    0.0
  ],
  [
    54.567,
    0.0
  ],
  [
    54.591,
    0.0
  ],
  [
    54.6,
    0.0
  ],
  [
    54.614,
    0.0
  ],
  [
    54.638,
    0.0
  ],
  [
    54.647,
    0.0
  ],
  [
    54.68,
    0.0
  ],
  [
    54.69,
    0.0
  ],
  [
    54.705,
    0.0
  ],
  [
    54.736,
    0.0
  ],
  [
    54.746,
    0.0
  ],
  [
    54.772,
    0.0
  ],
  [
    54.796,
    0.0
  ],
  [
    54.804,
    0.0
  ],
  [
    54.83,
    0.0
  ],
  [
    54.842,
    0.0
  ],
  [
    54.86,
    0.0
  ],
  [
    54.873,
    0.0
  ],
  [
    54.904,
    0.0
  ],
  [
    54.919,
    0.0
  ],
  [
    54.93,
    0.0
  ],
  [
    54.96,
    0.0
  ],
  [
    54.97,
    0.0
  ],
  [
    54.993,
    0.0
  ],
  [
    55.007,
    0.0
  ],
  [
    55.022,
    0.0
  ],
  [
    55.036,
    0.0
  ],
  [
    55.069,
    0.0
  ],
  [
    55.076,
    0.0
  ],
  [
    55.091,
    0.0
  ],
  [
    55.117,
    0.0
  ],
  [
    55.13,
    0.0
  ],
  [
    55.15,
    0.0
  ],
  [
    55.175,
    0.0
  ],
  [
    55.193,
    0.0
  ],
  [
    55.206,
    0.0
  ],
  [
    55.233,
    0.0
  ],
  [
    55.248,
    0.0
  ],
  [
    55.258,
    0.0
  ],
  [
    55.289,
    0.0
  ],
  [
    55.302,
    0.0
  ],
  [
    55.329,
    0.0
  ],
  [
    55.342,
    0.0
  ],
  [
    55.367,
    0.0
  ],
  [
    55.378,
    0.0
  ],
  [
    55.394,
    0.0
  ],
  [
    55.422,
    0.0
  ],
  [
    55.431,
    0.0
  ],
  [
    55.457,
    0.0
  ],
  [
    55.472,
    0.0
  ],
  [
    55.487,
    0.0
  ],
  [
    55.501,
    0.0
  ],
  [
    55.528,
    0.0
  ],
  [
    55.54,
    0.0
  ],
  [
    55.553,
    0.0
  ],
  [
    55.584,
    0.0
  ],
  [
    55.598,
    0.0
  ],
  [
    55.625,
    0.0
  ],
  [
    55.633,
    0.0
  ],
  [
    55.663,
    0.0
  ],
  [
    55.671,
    0.0
  ],
  [
    55.684,
    0.0
  ],
  [
    55.711,
    0.0
  ],
  [
    55.718,
    0.0
  ],
  [
    55.747,
    0.0
  ],
  [
    55.755,
    0.0
  ],
  [
    55.782,
    0.0
  ],
  [
    55.79,
    0.0
  ],
  [
    55.812,
    0.0
  ],
  [
    55.826,
    0.0
  ],
  [
    55.855,
    0.0
  ],
  [
    55.865,
    0.0
  ],
  [
    55.88,
    0.0
  ],
  [
    55.906,
    0.0
  ],
  [
    55.914,
    0.0
  ],
  [
    55.943,
    0.0
  ],
  [
    55.953,
    0.0
  ],
  [
    55.982,
    0.0
  ],
  [
    55.99,
    0.0
  ],
  [
    56.005,
    0.0
  ],
  [
    56.032,
    0.0
  ],
  [
    56.041,
    0.0
  ],
  [
    56.068,
    0.0
  ],
  [
    56.078,
    0.0
  ],
  [
    56.107,
    0.0
  ],
  [
    56.115,
    0.0
  ],
  [
    56.136,
    0.0
  ],
  [
    56.164,
    0.0
  ],
  [
    56.17,
    0.0
  ],
  [
    56.197,
    0.0
  ],
  [
    56.205,
    0.0
  ],
  [
    56.23,
    0.0
  ],
  [
    56.238,
    0.0
  ],
  [
    56.27,
    0.0
  ],
  [
    56.276,
    0.0
  ],
  [
    56.304,
    0.0
  ],
  [
    56.314,
    0.0
  ],
  [
    56.327,
    0.0
  ],
  [
    56.356,
    0.0
  ],
  [
    56.363,
    0.0
  ],
  [
    56.391,
    0.0
  ],
  [
    56.399,
    0.0
  ],
  [
    56.425,
    0.0
  ],
  [
    56.446,
    0.0
  ],
  [
    56.458,
    0.0
  ],
  [
    56.49,
    0.0
  ],
  [
    56.496,
    0.0
  ],
  [
    56.52,
    0.0
  ],
  [
    56.529,
    0.0
  ],
  [
    56.558,
    0.0
  ],
  [
    56.566,
    0.0
  ],
  [
    56.589,
    0.0
  ],
  [
    56.6,
    0.0
  ],
  [
    56.628,
    0.0
  ],
  [
    56.636,
    0.0
  ],
  [
    56.664,
    0.0
  ],
  [
    56.673,
    0.0
  ],
  [
    56.688,
    0.0
  ],
  [
    56.717,
    0.0
  ],
  [
    56.726,
    0.0
  ],
  [
    56.754,
    0.0
  ],
  [
    56.761,
    0.0
  ],
  [
    56.783,
    0.0
  ],
  [
    56.8,
    0.0
  ],
  [
    56.822,
    0.0
  ],
  [
    56.831,
    0.0
  ],
  [
    56.849,
    0.0
  ],
  [
    56.865,
    0.0
  ],
  [
    56.886,
    0.0
  ],
  [
    56.902,
    0.0
  ],
  [
    56.918,
    0.0
  ],
  [
    56.936,
    0.0
  ],
  [
    56.955,
    0.0
  ],
  [
    56.986,
    0.0
  ],
  [
    56.998,
    0.0
  ],
  [
    57.012,
    0.0
  ],
  [
    57.029,
    0.0
  ],
  [
    57.05,
    0.0
  ],
  [
    57.075,
    0.0
  ],
  [
    57.093,
    0.0
  ],
  [
    57.105,
    0.0
  ],
  [
    57.128,
    0.0
  ],
  [
    57.138,
    0.0
  ],
  [
    57.154,
    0.0
  ],
  [
    57.179,
    0.0
  ],
  [
    57.208,
    0.0
  ],
  [
    57.22,
    0.0
  ],
  [
    57.238,
    0.0
  ],
  [
    57.256,
    0.0
  ],
  [
    57.275,
    0.0
  ],
  [
    57.3,
    0.0
  ],
  [
    57.31,
    0.0
  ],
  [
    57.326,
    0.0
  ],
  [
    57.347,
    0.0
  ],
  [
    57.363,
    0.0
  ],
  [
    57.38,
    0.0
  ],
  [
    57.4,
    0.0
  ],
  [
    57.422,
    0.0
  ],
  [
    57.429,
    0.0
  ],
  [
    57.444,
    0.0
  ],
  [
    57.46,
    0.0
  ],
  [
    57.482,
    0.0
  ],
  [
    57.499,
    0.0
  ],
  [
    57.519,
    0.0
  ],
  [
    57.534,
    0.0
  ],
  [
    57.55,
    0.0
  ],
  [
    57.567,
    0.0
  ],
  [
    57.585,
    0.0
  ],
  [
    57.606,
    0.0
  ],
  [
    57.634,
    0.0
  ],
  [
    57.647,
    0.0
  ],
  [
    57.666,
    0.0
  ],
  [
    57.685,
    0.0
  ],
  [
    57.702,
    0.0
  ],
  [
    57.72,
    0.0
  ],
  [
    57.735,
    0.0
  ],
  [
    57.75,
    0.0
  ],
  [
    57.782,
    0.0
  ],
  [
    57.798,
    0.0
  ],
  [
    57.809,
    0.0
  ],
  [
    57.823,
    0.0
  ],
  [
    57.852,
    0.0
  ],
  [
    57.87,
    0.0
  ],
  [
    57.88,
    0.0
  ],
  [
    57.896,
    0.0
  ],
  [
    57.924,
    0.0
  ],
  [
    57.933,
    0.0
  ],
  [
    57.962,
    0.0
  ],
  [
    57.975,
    0.0
  ],
  [
    57.987,
    0.0
  ],
  [
    58.015,
    0.0
  ],
  [
    58.025,
    0.0
  ],
  [
    58.053,
    0.0
  ],
  [
    58.064,
    0.0
  ],
  [
    58.093,
    0.0
  ],
  [
    58.105,
    0.0
  ],
  [
    58.132,
    0.0
  ],
  [
    58.138,
    0.0
  ],
  [
    58.163,
    0.0
  ],
  [
    58.187,
    0.0
  ],
  [
    58.196,
    0.0
  ],
  [
    58.223,
    0.0
  ],
  [
    58.232,
    0.0
  ],
  [
    58.258,
    0.0
  ],
  [
    58.268,
    0.0
  ],
  [
    58.294,
    0.0
  ],
  [
    58.308,
    0.0
  ],
  [
    58.333,
    0.0
  ],
  [
    58.342,
    0.0
  ],
  [
    58.369,
    0.0
  ],
  [
    58.379,
    0.0
  ],
  [
    58.405,
    0.0
  ],
  [
    58.411,
    0.0
  ],
  [
    58.438,
    0.0
  ],
  [
    58.449,
    0.0
  ],
  [
    58.461,
    0.0
  ],
  [
    58.491,
    0.0
  ],
  [
    58.5,
    0.0
  ],
  [
    58.525,
    0.0
  ],
  [
    58.533,
    0.0
  ],
  [
    58.56,
    0.0
  ],
  [
    58.57,
    0.0
  ],
  [
    58.6,
    0.0
  ],
  [
    58.606,
    0.0
  ],
  [
    58.632,
    0.0
  ],
  [
    58.643,
    0.0
  ],
  [
    58.66,
    0.0
  ],
  [
    58.68,
    0.0
  ],
  [
    58.696,
    0.0
  ],
  [
    58.71,
    0.0
  ],
  [
    58.725,
    0.0
  ],
  [
    58.762,
    0.0
  ],
  [
    58.772,
    0.0
  ],
  [
    58.785,
    0.0
  ],
  [
    58.813,
    0.0
  ],
  [
    58.823,
    0.0
  ],
  [
    58.844,
    0.0
  ],
  [
    58.854,
    0.0
  ],
  [
    58.885,
    0.0
  ],
  [
    58.894,
    0.0
  ],
  [
    58.907,
    0.0
  ],
  [
    58.935,
    0.0
  ],
  [
    58.944,
    0.0
  ],
  [
    58.972,
    0.0
  ],
  [
    58.983,
    0.0
  ],
  [
    59.009,
    0.0
  ],
  [
    59.016,
    0.0
  ],
  [
    59.03,
    0.0
  ],
  [
    59.061,
    0.0
  ],
  [
    59.07,
    0.0
  ],
  [
    59.083,
    0.0
  ],
  [
    59.108,
    0.0
  ],
  [
    59.12,
    0.0
  ],
  [
    59.147,
    0.0
  ],
  [
    59.155,
    0.0
  ],
  [
    59.183,
    0.0
  ],
  [
    59.191,
    0.0
  ],
  [
    59.218,
    0.0
  ],
  [
    59.226,
    0.0
  ],
  [
    59.254,
    0.0
  ],
  [
    59.264,
    0.0
  ],
  [
    59.294,
    0.0
  ],
  [
    59.305,
    0.0
  ],
  [
    59.319,
    0.0
  ],
  [
    59.345,
    0.0
  ],
  [
    59.356,
    0.0
  ],
  [
    59.366,
    0.0
  ],
  [
    59.386,
    0.0
  ],
  [
    59.405,
    0.0
  ],
  [
    59.435,
    0.0
  ],
  [
    59.454,
    0.0
  ],
  [
    59.477,
    0.0
  ],
  [
    59.494,
    0.0
  ],
  [
    59.504,
    0.0
  ],
  [
    59.518,
    0.0
  ],
  [
    59.547,
    0.0
  ],
  [
    59.557,
    0.0
  ],
  [
    59.59,
    0.0
  ],
  [
    59.601,
    0.0
  ],
  [
    59.614,
    0.0
  ],
  [
    59.63,
    0.0
  ],
  [
    59.657,
    0.0
  ],
  [
    59.67,
    0.0
  ],
  [
    59.68,
    0.0
  ],
  [
    59.694,
    0.0
  ],
  [
    59.722,
    0.0
  ],
  [
    59.738,
    0.0
  ],
  [
    59.75,
    0.0
  ],
  [
    59.775,
    0.0
  ],
  [
    59.786,
    0.0
  ],
  [
    59.818,
    0.0
  ],
  [
    59.827,
    0.0
  ],
  [
    59.85,
    0.0
  ],
  [
    59.863,
    0.0
  ],
  [
    59.891,
    0.0
  ],
  [
    59.898,
    0.0
  ],
  [
    59.925,
    0.0
  ],
  [
    59.934,
    0.0
  ],
  [
    59.96,
    0.0
  ],
  [
    59.97,
    0.0
  ],
  [
    59.986,
    0.0
  ],
  [
    60.002,
    0.0
  ],
  [
    60.015,
    0.0
  ],
  [
    60.044,
    0.0
  ],
  [
    60.056,
    0.0
  ],
  [
    60.068,
    0.0
  ],
  [
    60.087,
    0.0
  ],
  [
    60.111,
    0.0
  ],
  [
    60.121,
    0.0
  ],
  [
    60.147,
    0.0
  ],
  [
    60.156,
    0.0
  ],
  [
    60.187,
    0.0
  ],
  [
    60.195,
    0.0
  ],
  [
    60.22,
    0.0
  ],
  [
    60.231,
    0.0
  ],
  [
    60.257,
    0.0
  ],
  [
    60.265,
    0.0
  ],
  [
    60.288,
    0.0
  ],
  [
    60.3,
    0.0
  ],
  [
    60.326,
    0.0
  ],
  [
    60.336,
    0.0
  ],
  [
    60.372,
    0.0
  ],
  [
    60.384,
    0.0
  ],
  [
    60.412,
    0.0
  ],
  [
    60.421,
    0.0
  ],
  [
    60.446,
    0.0
  ],
  [
    60.456,
    0.0
  ],
  [
    60.483,
    0.0
  ],
  [
    60.497,
    0.0
  ],
  [
    60.508,
    0.0
  ],
  [
    60.522,
    0.0
  ],
  [
    60.544,
    0.0
  ],
  [
    60.556,
    0.0
  ],
  [
    60.584,
    0.0
  ],
  [
    60.599,
    0.0
  ],
  [
    60.61,
    0.0
  ],
  [
    60.638,
    0.0
  ],
  [
    60.649,
    0.0
  ],
  [
    60.676,
    0.0
  ],
  [
    60.682,
    0.0
  ],
  [
    60.713,
    0.0
  ],
  [
    60.723,
    0.0
  ],
  [
    60.75,
    0.0
  ],
  [
    60.758,
    0.0
  ],
  [
    60.786,
    0.0
  ],
  [
    60.795,
    0.0
  ],
  [
    60.825,
    0.0
  ],
  [
    60.835,
    0.0
  ],
  [
    60.862,
    0.0
  ],
  [
    60.87,
    0.0
  ]
]