# Steering Wheel Angle Log (Actual Physical Angle)
# Start time : 2026-06-14 21:32:04
# End time   : 2026-06-14 21:32:48
# Total time : 44.18 seconds
# Points     : 2560
# Format     : [[elapsed_seconds, wheel_angle_degrees], ...]
[
  [
    0.21,
    0.0
  ],
  [
    0.227,
    0.0
  ],
  [
    0.238,
    0.0
  ],
  [
    0.261,
    0.0
  ],
  [
    0.282,
    0.0
  ],
  [
    0.291,
    0.0
  ],
  [
    0.311,
    0.0
  ],
  [
    0.332,
    0.0
  ],
  [
    0.351,
    0.0
  ],
  [
    0.358,
    0.0
  ],
  [
    0.379,
    0.0
  ],
  [
    0.402,
    0.0
  ],
  [
    0.422,
    0.0
  ],
  [
    0.428,
    0.0
  ],
  [
    0.45,
    0.0
  ],
  [
    0.469,
    0.0
  ],
  [
    0.476,
    0.0
  ],
  [
    0.492,
    0.0
  ],
  [
    0.509,
    0.0
  ],
  [
    0.529,
    0.0
  ],
  [
    0.546,
    0.0
  ],
  [
    0.566,
    0.0
  ],
  [
    0.579,
    0.0
  ],
  [
    0.602,
    0.0
  ],
  [
    0.611,
    0.0
  ],
  [
    0.638,
    0.0
  ],
  [
    0.658,
    0.0
  ],
  [
    0.678,
    0.0
  ],
  [
    0.69,
    0.0
  ],
  [
    0.703,
    0.0
  ],
  [
    0.72,
    0.0
  ],
  [
    0.734,
    0.0
  ],
  [
    0.754,
    0.0
  ],
  [
    0.766,
    0.0
  ],
  [
    0.793,
    0.0
  ],
  [
    0.803,
    0.0
  ],
  [
    0.817,
    0.0
  ],
  [
    0.846,
    0.0
  ],
  [
    0.858,
    0.0
  ],
  [
    0.872,
    0.0
  ],
  [
    0.901,
    0.0
  ],
  [
    0.922,
    0.0
  ],
  [
    0.93,
    0.0
  ],
  [
    0.951,
    0.0
  ],
  [
    0.974,
    0.0
  ],
  [
    0.981,
    0.0
  ],
  [
    1.001,
    0.0
  ],
  [
    1.023,
    0.0
  ],
  [
    1.045,
    0.0
  ],
  [
    1.056,
    0.0
  ],
  [
    1.082,
    0.0
  ],
  [
    1.089,
    0.0
  ],
  [
    1.111,
    0.0
  ],
  [
    1.136,
    0.0
  ],
  [
    1.147,
    0.0
  ],
  [
    1.165,
    0.0
  ],
  [
    1.188,
    0.0
  ],
  [
    1.196,
    0.0
  ],
  [
    1.223,
    0.0
  ],
  [
    1.236,
    0.0
  ],
  [
    1.246,
    0.0
  ],
  [
    1.272,
    0.0
  ],
  [
    1.279,
    0.0
  ],
  [
    1.303,
    0.0
  ],
  [
    1.316,
    0.0
  ],
  [
    1.343,
    0.0
  ],
  [
    1.356,
    0.0
  ],
  [
    1.38,
    0.0
  ],
  [
    1.387,
    0.0
  ],
  [
    1.407,
    0.0
  ],
  [
    1.431,
    0.0
  ],
  [
    1.439,
    0.0
  ],
  [
    1.461,
    0.0
  ],
  [
    1.483,
    0.0
  ],
  [
    1.49,
    0.0
  ],
  [
    1.511,
    0.0
  ],
  [
    1.535,
    0.0
  ],
  [
    1.54,
    0.0
  ],
  [
    1.56,
    0.0
  ],
  [
    1.58,
    0.0
  ],
  [
    1.603,
    0.0
  ],
  [
    1.608,
    0.0
  ],
  [
    1.631,
    0.0
  ],
  [
    1.651,
    0.0
  ],
  [
    1.673,
    0.0
  ],
  [
    1.692,
    0.0
  ],
  [
    1.699,
    0.0
  ],
  [
    1.719,
    0.0
  ],
  [
    1.734,
    0.0
  ],
  [
    1.755,
    0.0
  ],
  [
    1.778,
    0.0
  ],
  [
    1.796,
    0.0
  ],
  [
    1.803,
    0.0
  ],
  [
    1.826,
    0.0
  ],
  [
    1.848,
    0.0
  ],
  [
    1.855,
    0.0
  ],
  [
    1.875,
    0.0
  ],
  [
    1.898,
    0.0
  ],
  [
    1.905,
    0.0
  ],
  [
    1.934,
    0.0
  ],
  [
    1.951,
    0.0
  ],
  [
    1.959,
    0.0
  ],
  [
    1.979,
    0.0
  ],
  [
    1.997,
    0.0
  ],
  [
    2.022,
    0.0
  ],
  [
    2.029,
    0.0
  ],
  [
    2.049,
    0.0
  ],
  [
    2.067,
    0.0
  ],
  [
    2.086,
    0.0
  ],
  [
    2.103,
    0.0
  ],
  [
    2.125,
    0.0
  ],
  [
    2.131,
    0.0
  ],
  [
    2.151,
    0.0
  ],
  [
    2.174,
    0.0
  ],
  [
    2.192,
    0.0
  ],
  [
    2.199,
    0.0
  ],
  [
    2.218,
    0.0
  ],
  [
    2.241,
    0.0
  ],
  [
    2.259,
    0.0
  ],
  [
    2.266,
    0.0
  ],
  [
    2.283,
    0.0
  ],
  [
    2.303,
    0.0
  ],
  [
    2.324,
    0.0
  ],
  [
    2.348,
    0.0
  ],
  [
    2.355,
    0.0
  ],
  [
    2.375,
    0.0
  ],
  [
    2.392,
    0.0
  ],
  [
    2.411,
    0.0
  ],
  [
    2.43,
    0.0
  ],
  [
    2.45,
    0.0
  ],
  [
    2.46,
    0.0
  ],
  [
    2.478,
    0.0
  ],
  [
    2.497,
    0.0
  ],
  [
    2.518,
    0.0
  ],
  [
    2.536,
    0.0
  ],
  [
    2.554,
    0.0
  ],
  [
    2.559,
    0.0
  ],
  [
    2.579,
    0.0
  ],
  [
    2.596,
    0.0
  ],
  [
    2.618,
    0.0
  ],
  [
    2.638,
    0.0
  ],
  [
    2.656,
    0.0
  ],
  [
    2.662,
    0.0
  ],
  [
    2.682,
    0.0
  ],
  [
    2.7,
    0.0
  ],
  [
    2.723,
    0.0
  ],
  [
    2.737,
    0.0
  ],
  [
    2.746,
    0.0
  ],
  [
    2.765,
    0.0
  ],
  [
    2.783,
    0.0
  ],
  [
    2.802,
    0.0
  ],
  [
    2.823,
    0.0
  ],
  [
    2.842,
    0.0
  ],
  [
    2.848,
    0.0
  ],
  [
    2.87,
    0.0
  ],
  [
    2.887,
    0.0
  ],
  [
    2.909,
    0.0
  ],
  [
    2.927,
    0.0
  ],
  [
    2.934,
    0.0
  ],
  [
    2.951,
    0.0
  ],
  [
    2.969,
    0.0
  ],
  [
    2.988,
    0.0
  ],
  [
    3.005,
    0.0
  ],
  [
    3.024,
    0.0
  ],
  [
    3.047,
    0.0
  ],
  [
    3.065,
    0.0
  ],
  [
    3.072,
    0.0
  ],
  [
    3.091,
    0.0
  ],
  [
    3.109,
    0.0
  ],
  [
    3.128,
    0.0
  ],
  [
    3.152,
    0.0
  ],
  [
    3.158,
    0.0
  ],
  [
    3.177,
    0.0
  ],
  [
    3.196,
    0.0
  ],
  [
    3.213,
    0.0
  ],
  [
    3.233,
    0.0
  ],
  [
    3.254,
    0.0
  ],
  [
    3.272,
    0.0
  ],
  [
    3.279,
    0.0
  ],
  [
    3.298,
    0.0
  ],
  [
    3.315,
    0.0
  ],
  [
    3.338,
    0.0
  ],
  [
    3.351,
    0.0
  ],
  [
    3.371,
    0.0
  ],
  [
    3.39,
    0.0
  ],
  [
    3.397,
    0.0
  ],
  [
    3.415,
    0.0
  ],
  [
    3.434,
    0.0
  ],
  [
    3.453,
    0.0
  ],
  [
    3.47,
    0.0
  ],
  [
    3.488,
    0.0
  ],
  [
    3.51,
    0.0
  ],
  [
    3.531,
    0.0
  ],
  [
    3.539,
    0.0
  ],
  [
    3.558,
    0.0
  ],
  [
    3.576,
    0.0
  ],
  [
    3.592,
    0.0
  ],
  [
    3.614,
    0.0
  ],
  [
    3.622,
    0.0
  ],
  [
    3.643,
    0.0
  ],
  [
    3.66,
    0.0
  ],
  [
    3.682,
    0.0
  ],
  [
    3.7,
    0.0
  ],
  [
    3.718,
    0.0
  ],
  [
    3.725,
    0.0
  ],
  [
    3.749,
    0.0
  ],
  [
    3.766,
    0.0
  ],
  [
    3.775,
    0.0
  ],
  [
    3.794,
    0.0
  ],
  [
    3.812,
    0.0
  ],
  [
    3.834,
    0.0
  ],
  [
    3.852,
    0.0
  ],
  [
    3.87,
    0.0
  ],
  [
    3.879,
    0.0
  ],
  [
    3.898,
    0.0
  ],
  [
    3.916,
    0.0
  ],
  [
    3.934,
    0.0
  ],
  [
    3.95,
    0.0
  ],
  [
    3.973,
    0.0
  ],
  [
    3.99,
    0.0
  ],
  [
    3.996,
    0.0
  ],
  [
    4.015,
    0.0
  ],
  [
    4.038,
    0.0
  ],
  [
    4.048,
    0.0
  ],
  [
    4.067,
    0.0
  ],
  [
    4.085,
    0.0
  ],
  [
    4.103,
    0.0
  ],
  [
    4.122,
    0.0
  ],
  [
    4.144,
    0.0
  ],
  [
    4.154,
    0.0
  ],
  [
    4.172,
    0.0
  ],
  [
    4.188,
    0.0
  ],
  [
    4.205,
    0.0
  ],
  [
    4.222,
    0.0
  ],
  [
    4.239,
    0.0
  ],
  [
    4.257,
    0.0
  ],
  [
    4.274,
    0.0
  ],
  [
    4.291,
    0.0
  ],
  [
    4.309,
    0.0
  ],
  [
    4.326,
    0.0
  ],
  [
    4.346,
    0.0
  ],
  [
    4.364,
    0.0
  ],
  [
    4.38,
    0.0
  ],
  [
    4.397,
    0.0
  ],
  [
    4.414,
    0.0
  ],
  [
    4.43,
    0.0
  ],
  [
    4.448,
    0.0
  ],
  [
    4.464,
    0.0
  ],
  [
    4.482,
    0.0
  ],
  [
    4.499,
    0.0
  ],
  [
    4.517,
    0.0
  ],
  [
    4.533,
    0.0
  ],
  [
    4.552,
    0.0
  ],
  [
    4.568,
    0.0
  ],
  [
    4.585,
    0.0
  ],
  [
    4.601,
    0.0
  ],
  [
    4.619,
    0.0
  ],
  [
    4.635,
    0.0
  ],
  [
    4.653,
    0.0
  ],
  [
    4.671,
    0.0
  ],
  [
    4.691,
    0.0
  ],
  [
    4.711,
    0.0
  ],
  [
    4.724,
    0.0
  ],
  [
    4.746,
    0.0
  ],
  [
    4.763,
    0.0
  ],
  [
    4.778,
    0.0
  ],
  [
    4.799,
    0.0
  ],
  [
    4.805,
    0.0
  ],
  [
    4.823,
    0.0
  ],
  [
    4.84,
    0.0
  ],
  [
    4.858,
    0.0
  ],
  [
    4.877,
    0.0
  ],
  [
    4.893,
    0.0
  ],
  [
    4.909,
    0.0
  ],
  [
    4.927,
    0.0
  ],
  [
    4.944,
    0.0
  ],
  [
    4.963,
    0.0
  ],
  [
    4.981,
    0.0
  ],
  [
    4.997,
    0.0
  ],
  [
    5.016,
    0.0
  ],
  [
    5.033,
    0.0
  ],
  [
    5.052,
    0.0
  ],
  [
    5.069,
    0.0
  ],
  [
    5.089,
    0.0
  ],
  [
    5.103,
    0.0
  ],
  [
    5.12,
    0.0
  ],
  [
    5.141,
    0.0
  ],
  [
    5.157,
    0.0
  ],
  [
    5.175,
    0.0
  ],
  [
    5.196,
    0.0
  ],
  [
    5.202,
    0.0
  ],
  [
    5.22,
    0.0
  ],
  [
    5.236,
    0.0
  ],
  [
    5.255,
    0.0
  ],
  [
    5.272,
    0.0
  ],
  [
    5.29,
    0.0
  ],
  [
    5.307,
    0.0
  ],
  [
    5.324,
    0.0
  ],
  [
    5.343,
    0.0
  ],
  [
    5.36,
    0.0
  ],
  [
    5.378,
    0.0
  ],
  [
    5.393,
    0.0
  ],
  [
    5.41,
    0.0
  ],
  [
    5.428,
    0.0
  ],
  [
    5.451,
    0.0
  ],
  [
    5.469,
    0.0
  ],
  [
    5.484,
    0.0
  ],
  [
    5.502,
    0.0
  ],
  [
    5.515,
    0.0
  ],
  [
    5.533,
    0.0
  ],
  [
    5.552,
    0.0
  ],
  [
    5.559,
    0.0
  ],
  [
    5.579,
    0.0
  ],
  [
    5.6,
    0.0
  ],
  [
    5.618,
    0.0
  ],
  [
    5.626,
    0.0
  ],
  [
    5.645,
    0.0
  ],
  [
    5.668,
    0.0
  ],
  [
    5.696,
    0.0
  ],
  [
    5.703,
    0.0
  ],
  [
    5.729,
    0.0
  ],
  [
    5.739,
    0.0
  ],
  [
    5.764,
    0.0
  ],
  [
    5.771,
    0.0
  ],
  [
    5.796,
    0.0
  ],
  [
    5.804,
    0.0
  ],
  [
    5.833,
    0.0
  ],
  [
    5.839,
    0.0
  ],
  [
    5.854,
    0.0
  ],
  [
    5.876,
    0.0
  ],
  [
    5.9,
    0.0
  ],
  [
    5.914,
    0.0
  ],
  [
    5.933,
    0.0
  ],
  [
    5.95,
    0.0
  ],
  [
    5.96,
    0.0
  ],
  [
    5.978,
    0.0
  ],
  [
    5.996,
    0.0
  ],
  [
    6.013,
    0.0
  ],
  [
    6.031,
    0.0
  ],
  [
    6.048,
    0.0
  ],
  [
    6.068,
    0.0
  ],
  [
    6.086,
    0.0
  ],
  [
    6.107,
    0.0
  ],
  [
    6.125,
    0.0
  ],
  [
    6.134,
    0.0
  ],
  [
    6.154,
    0.0
  ],
  [
    6.176,
    0.0
  ],
  [
    6.183,
    0.0
  ],
  [
    6.202,
    0.0
  ],
  [
    6.22,
    0.0
  ],
  [
    6.241,
    0.0
  ],
  [
    6.259,
    0.0
  ],
  [
    6.265,
    0.0
  ],
  [
    6.284,
    0.0
  ],
  [
    6.303,
    0.0
  ],
  [
    6.322,
    0.0
  ],
  [
    6.339,
    0.0
  ],
  [
    6.352,
    0.0
  ],
  [
    6.373,
    0.0
  ],
  [
    6.392,
    0.0
  ],
  [
    6.413,
    0.0
  ],
  [
    6.43,
    0.0
  ],
  [
    6.437,
    0.0
  ],
  [
    6.456,
    0.0
  ],
  [
    6.477,
    0.0
  ],
  [
    6.496,
    0.0
  ],
  [
    6.503,
    0.0
  ],
  [
    6.523,
    0.0
  ],
  [
    6.544,
    0.0
  ],
  [
    6.563,
    0.0
  ],
  [
    6.57,
    0.0
  ],
  [
    6.588,
    0.0
  ],
  [
    6.607,
    0.0
  ],
  [
    6.624,
    0.0
  ],
  [
    6.646,
    0.0
  ],
  [
    6.665,
    0.0
  ],
  [
    6.672,
    0.0
  ],
  [
    6.691,
    0.0
  ],
  [
    6.708,
    0.0
  ],
  [
    6.73,
    0.0
  ],
  [
    6.747,
    0.0
  ],
  [
    6.754,
    0.0
  ],
  [
    6.778,
    0.0
  ],
  [
    6.798,
    0.0
  ],
  [
    6.816,
    0.0
  ],
  [
    6.822,
    0.0
  ],
  [
    6.842,
    0.0
  ],
  [
    6.859,
    0.0
  ],
  [
    6.882,
    0.0
  ],
  [
    6.889,
    0.0
  ],
  [
    6.906,
    0.0
  ],
  [
    6.925,
    0.0
  ],
  [
    6.942,
    0.0
  ],
  [
    6.96,
    0.0
  ],
  [
    6.978,
    0.0
  ],
  [
    6.997,
    0.0
  ],
  [
    7.014,
    0.0
  ],
  [
    7.032,
    0.0
  ],
  [
    7.051,
    0.0
  ],
  [
    7.071,
    0.0
  ],
  [
    7.088,
    0.0
  ],
  [
    7.107,
    0.0
  ],
  [
    7.122,
    0.0
  ],
  [
    7.14,
    0.0
  ],
  [
    7.148,
    0.0
  ],
  [
    7.165,
    0.0
  ],
  [
    7.184,
    0.0
  ],
  [
    7.201,
    0.0
  ],
  [
    7.222,
    0.0
  ],
  [
    7.235,
    0.0
  ],
  [
    7.244,
    0.0
  ],
  [
    7.263,
    0.0
  ],
  [
    7.282,
    0.0
  ],
  [
    7.298,
    0.0
  ],
  [
    7.316,
    0.0
  ],
  [
    7.333,
    0.0
  ],
  [
    7.351,
    0.0
  ],
  [
    7.374,
    0.0
  ],
  [
    7.381,
    0.0
  ],
  [
    7.399,
    0.0
  ],
  [
    7.427,
    0.0
  ],
  [
    7.432,
    0.0
  ],
  [
    7.45,
    0.0
  ],
  [
    7.469,
    0.0
  ],
  [
    7.486,
    0.0
  ],
  [
    7.503,
    0.0
  ],
  [
    7.521,
    0.0
  ],
  [
    7.542,
    0.0
  ],
  [
    7.561,
    0.0
  ],
  [
    7.567,
    0.0
  ],
  [
    7.587,
    0.0
  ],
  [
    7.609,
    0.0
  ],
  [
    7.629,
    0.0
  ],
  [
    7.634,
    0.0
  ],
  [
    7.653,
    0.0
  ],
  [
    7.671,
    0.0
  ],
  [
    7.69,
    0.0
  ],
  [
    7.706,
    0.0
  ],
  [
    7.725,
    0.0
  ],
  [
    7.742,
    0.0
  ],
  [
    7.76,
    0.0
  ],
  [
    7.778,
    0.0
  ],
  [
    7.795,
    0.0
  ],
  [
    7.812,
    0.0
  ],
  [
    7.83,
    0.0
  ],
  [
    7.848,
    0.0
  ],
  [
    7.865,
    0.0
  ],
  [
    7.882,
    0.0
  ],
  [
    7.902,
    0.0
  ],
  [
    7.918,
    0.0
  ],
  [
    7.936,
    0.0
  ],
  [
    7.954,
    0.0
  ],
  [
    7.971,
    0.0
  ],
  [
    7.989,
    0.0
  ],
  [
    8.006,
    0.0
  ],
  [
    8.023,
    0.0
  ],
  [
    8.041,
    0.0
  ],
  [
    8.059,
    0.0
  ],
  [
    8.077,
    0.0
  ],
  [
    8.096,
    0.0
  ],
  [
    8.114,
    0.0
  ],
  [
    8.131,
    0.0
  ],
  [
    8.149,
    0.0
  ],
  [
    8.166,
    0.0
  ],
  [
    8.189,
    0.0
  ],
  [
    8.206,
    0.0
  ],
  [
    8.222,
    0.0
  ],
  [
    8.24,
    0.0
  ],
  [
    8.256,
    0.0
  ],
  [
    8.274,
    0.0
  ],
  [
    8.293,
    0.0
  ],
  [
    8.299,
    0.0
  ],
  [
    8.317,
    0.0
  ],
  [
    8.335,
    0.0
  ],
  [
    8.353,
    0.0
  ],
  [
    8.372,
    0.0
  ],
  [
    8.396,
    0.0
  ],
  [
    8.413,
    0.0
  ],
  [
    8.418,
    0.0
  ],
  [
    8.436,
    0.0
  ],
  [
    8.454,
    0.0
  ],
  [
    8.471,
    0.0
  ],
  [
    8.492,
    0.0
  ],
  [
    8.511,
    0.0
  ],
  [
    8.528,
    0.0
  ],
  [
    8.544,
    0.0
  ],
  [
    8.56,
    0.0
  ],
  [
    8.578,
    0.0
  ],
  [
    8.599,
    0.0
  ],
  [
    8.617,
    0.0
  ],
  [
    8.635,
    0.0
  ],
  [
    8.651,
    0.0
  ],
  [
    8.66,
    0.0
  ],
  [
    8.679,
    0.0
  ],
  [
    8.699,
    0.0
  ],
  [
    8.716,
    0.0
  ],
  [
    8.736,
    0.0
  ],
  [
    8.753,
    0.0
  ],
  [
    8.778,
    0.0
  ],
  [
    8.785,
    0.0
  ],
  [
    8.802,
    0.0
  ],
  [
    8.818,
    0.0
  ],
  [
    8.836,
    0.0
  ],
  [
    8.852,
    0.0
  ],
  [
    8.87,
    0.0
  ],
  [
    8.888,
    0.0
  ],
  [
    8.905,
    0.0
  ],
  [
    8.923,
    0.0
  ],
  [
    8.944,
    0.0
  ],
  [
    8.961,
    0.0
  ],
  [
    8.979,
    0.0
  ],
  [
    8.986,
    0.0
  ],
  [
    9.003,
    0.0
  ],
  [
    9.02,
    0.0
  ],
  [
    9.037,
    0.0
  ],
  [
    9.054,
    0.0
  ],
  [
    9.072,
    0.0
  ],
  [
    9.09,
    0.0
  ],
  [
    9.109,
    0.0
  ],
  [
    9.134,
    0.0
  ],
  [
    9.141,
    0.0
  ],
  [
    9.16,
    0.0
  ],
  [
    9.178,
    0.0
  ],
  [
    9.196,
    0.0
  ],
  [
    9.213,
    0.0
  ],
  [
    9.231,
    0.0
  ],
  [
    9.248,
    0.0
  ],
  [
    9.269,
    0.0
  ],
  [
    9.29,
    0.0
  ],
  [
    9.308,
    0.0
  ],
  [
    9.325,
    0.0
  ],
  [
    9.33,
    0.0
  ],
  [
    9.349,
    0.0
  ],
  [
    9.366,
    0.0
  ],
  [
    9.386,
    0.0
  ],
  [
    9.406,
    0.0
  ],
  [
    9.424,
    0.0
  ],
  [
    9.443,
    0.0
  ],
  [
    9.458,
    0.0
  ],
  [
    9.465,
    0.0
  ],
  [
    9.483,
    0.0
  ],
  [
    9.502,
    0.0
  ],
  [
    9.518,
    0.0
  ],
  [
    9.534,
    0.0
  ],
  [
    9.552,
    0.0
  ],
  [
    9.569,
    0.0
  ],
  [
    9.588,
    0.0
  ],
  [
    9.605,
    0.0
  ],
  [
    9.623,
    0.0
  ],
  [
    9.641,
    0.0
  ],
  [
    9.658,
    0.0
  ],
  [
    9.678,
    0.0
  ],
  [
    9.698,
    0.0
  ],
  [
    9.714,
    0.0
  ],
  [
    9.732,
    0.0
  ],
  [
    9.738,
    0.0
  ],
  [
    9.754,
    0.0
  ],
  [
    9.771,
    0.0
  ],
  [
    9.789,
    0.0
  ],
  [
    9.81,
    0.0
  ],
  [
    9.824,
    0.0
  ],
  [
    9.845,
    0.0
  ],
  [
    9.85,
    0.0
  ],
  [
    9.869,
    0.0
  ],
  [
    9.888,
    0.0
  ],
  [
    9.909,
    0.0
  ],
  [
    9.926,
    0.0
  ],
  [
    9.935,
    0.0
  ],
  [
    9.954,
    0.0
  ],
  [
    9.971,
    0.0
  ],
  [
    9.989,
    0.0
  ],
  [
    10.005,
    0.0
  ],
  [
    10.023,
    0.0
  ],
  [
    10.04,
    0.0
  ],
  [
    10.058,
    0.0
  ],
  [
    10.08,
    0.0
  ],
  [
    10.095,
    0.0
  ],
  [
    10.112,
    0.0
  ],
  [
    10.132,
    0.0
  ],
  [
    10.149,
    0.0
  ],
  [
    10.165,
    0.0
  ],
  [
    10.173,
    0.0
  ],
  [
    10.189,
    0.0
  ],
  [
    10.21,
    0.0
  ],
  [
    10.226,
    0.0
  ],
  [
    10.244,
    0.0
  ],
  [
    10.26,
    0.0
  ],
  [
    10.276,
    0.0
  ],
  [
    10.294,
    0.0
  ],
  [
    10.312,
    0.0
  ],
  [
    10.33,
    0.0
  ],
  [
    10.346,
    0.0
  ],
  [
    10.365,
    0.0
  ],
  [
    10.383,
    0.0
  ],
  [
    10.402,
    0.0
  ],
  [
    10.424,
    0.0
  ],
  [
    10.437,
    0.0
  ],
  [
    10.455,
    0.0
  ],
  [
    10.472,
    0.0
  ],
  [
    10.49,
    0.0
  ],
  [
    10.511,
    0.0
  ],
  [
    10.531,
    0.0
  ],
  [
    10.545,
    0.0
  ],
  [
    10.566,
    0.0
  ],
  [
    10.578,
    0.0
  ],
  [
    10.594,
    0.0
  ],
  [
    10.612,
    0.0
  ],
  [
    10.63,
    0.0
  ],
  [
    10.643,
    0.0
  ],
  [
    10.659,
    0.0
  ],
  [
    10.674,
    0.0
  ],
  [
    10.692,
    0.0
  ],
  [
    10.707,
    0.0
  ],
  [
    10.725,
    0.0
  ],
  [
    10.741,
    0.0
  ],
  [
    10.758,
    0.0
  ],
  [
    10.775,
    0.0
  ],
  [
    10.79,
    0.0
  ],
  [
    10.809,
    0.0
  ],
  [
    10.825,
    0.0
  ],
  [
    10.842,
    0.0
  ],
  [
    10.858,
    0.0
  ],
  [
    10.883,
    0.0
  ],
  [
    10.9,
    0.0
  ],
  [
    10.916,
    0.0
  ],
  [
    10.922,
    0.0
  ],
  [
    10.941,
    0.0
  ],
  [
    10.956,
    0.0
  ],
  [
    10.972,
    0.0
  ],
  [
    10.99,
    0.0
  ],
  [
    11.01,
    0.0
  ],
  [
    11.023,
    0.0
  ],
  [
    11.04,
    0.0
  ],
  [
    11.056,
    0.0
  ],
  [
    11.073,
    0.0
  ],
  [
    11.089,
    0.0
  ],
  [
    11.106,
    0.0
  ],
  [
    11.121,
    0.0
  ],
  [
    11.141,
    0.0
  ],
  [
    11.156,
    0.0
  ],
  [
    11.174,
    0.0
  ],
  [
    11.19,
    0.0
  ],
  [
    11.206,
    0.0
  ],
  [
    11.223,
    0.0
  ],
  [
    11.246,
    0.0
  ],
  [
    11.266,
    0.0
  ],
  [
    11.281,
    0.0
  ],
  [
    11.298,
    0.0
  ],
  [
    11.315,
    0.0
  ],
  [
    11.326,
    0.0
  ],
  [
    11.345,
    0.0
  ],
  [
    11.359,
    0.0
  ],
  [
    11.379,
    0.0
  ],
  [
    11.391,
    0.0
  ],
  [
    11.412,
    0.0
  ],
  [
    11.426,
    0.0
  ],
  [
    11.443,
    0.0
  ],
  [
    11.46,
    0.0
  ],
  [
    11.476,
    0.0
  ],
  [
    11.493,
    0.0
  ],
  [
    11.511,
    0.0
  ],
  [
    11.526,
    0.0
  ],
  [
    11.543,
    0.0
  ],
  [
    11.56,
    0.0
  ],
  [
    11.576,
    0.0
  ],
  [
    11.593,
    0.0
  ],
  [
    11.61,
    0.0
  ],
  [
    11.626,
    0.0
  ],
  [
    11.655,
    0.0
  ],
  [
    11.659,
    0.0
  ],
  [
    11.682,
    -0.4303
  ],
  [
    11.695,
    -0.6724
  ],
  [
    11.719,
    -1.2383
  ],
  [
    11.737,
    -1.6653
  ],
  [
    11.744,
    -1.8441
  ],
  [
    11.764,
    -2.3254
  ],
  [
    11.782,
    -2.7592
  ],
  [
    11.799,
    -3.1371
  ],
  [
    11.816,
    -3.5264
  ],
  [
    11.832,
    -3.8909
  ],
  [
    11.848,
    -4.2756
  ],
  [
    11.871,
    -4.7984
  ],
  [
    11.891,
    -5.124
  ],
  [
    11.906,
    -5.5065
  ],
  [
    11.913,
    -5.6839
  ],
  [
    11.932,
    -6.0918
  ],
  [
    11.949,
    -6.5126
  ],
  [
    11.964,
    -6.8711
  ],
  [
    11.981,
    -7.2426
  ],
  [
    11.998,
    -7.6161
  ],
  [
    12.014,
    -7.9813
  ],
  [
    12.031,
    -8.3542
  ],
  [
    12.046,
    -8.7071
  ],
  [
    12.063,
    -8.9875
  ],
  [
    12.08,
    -8.9877
  ],
  [
    12.097,
    -8.988
  ],
  [
    12.115,
    -8.9884
  ],
  [
    12.139,
    -8.9887
  ],
  [
    12.148,
    -8.989
  ],
  [
    12.164,
    -8.9893
  ],
  [
    12.181,
    -8.9894
  ],
  [
    12.203,
    -8.9825
  ],
  [
    12.214,
    -8.9748
  ],
  [
    12.233,
    -8.9551
  ],
  [
    12.254,
    -8.9475
  ],
  [
    12.269,
    -8.9481
  ],
  [
    12.288,
    -8.9464
  ],
  [
    12.309,
    -8.9419
  ],
  [
    12.328,
    -8.9442
  ],
  [
    12.338,
    -8.9453
  ],
  [
    12.356,
    -8.9417
  ],
  [
    12.374,
    -8.9279
  ],
  [
    12.393,
    -8.9286
  ],
  [
    12.412,
    -8.9282
  ],
  [
    12.433,
    -8.9212
  ],
  [
    12.45,
    -8.9216
  ],
  [
    12.469,
    -8.9163
  ],
  [
    12.488,
    -8.9158
  ],
  [
    12.505,
    -8.9185
  ],
  [
    12.532,
    -8.9181
  ],
  [
    12.552,
    -8.9179
  ],
  [
    12.568,
    -8.9132
  ],
  [
    12.574,
    -8.9088
  ],
  [
    12.593,
    -8.8957
  ],
  [
    12.611,
    -8.8927
  ],
  [
    12.63,
    -8.8942
  ],
  [
    12.653,
    -8.8815
  ],
  [
    12.673,
    -8.8808
  ],
  [
    12.692,
    -8.8799
  ],
  [
    12.698,
    -8.8795
  ],
  [
    12.73,
    -8.8749
  ],
  [
    12.737,
    -8.8694
  ],
  [
    12.754,
    -8.8714
  ],
  [
    12.775,
    -8.8734
  ],
  [
    12.788,
    -8.8759
  ],
  [
    12.813,
    -8.8768
  ],
  [
    12.833,
    -8.8776
  ],
  [
    12.839,
    -8.8707
  ],
  [
    12.857,
    -8.8704
  ],
  [
    12.876,
    -8.8675
  ],
  [
    12.894,
    -8.8584
  ],
  [
    12.917,
    -8.8595
  ],
  [
    12.926,
    -8.8573
  ],
  [
    12.949,
    -8.8605
  ],
  [
    12.969,
    -8.8614
  ],
  [
    12.974,
    -8.8569
  ],
  [
    12.993,
    -8.8558
  ],
  [
    13.01,
    -8.8575
  ],
  [
    13.026,
    -8.8597
  ],
  [
    13.044,
    -8.8618
  ],
  [
    13.061,
    -8.8638
  ],
  [
    13.078,
    -8.8653
  ],
  [
    13.095,
    -8.8671
  ],
  [
    13.112,
    -8.8679
  ],
  [
    13.135,
    -8.8695
  ],
  [
    13.144,
    -8.8705
  ],
  [
    13.161,
    -8.8713
  ],
  [
    13.178,
    -8.8726
  ],
  [
    13.194,
    -8.873
  ],
  [
    13.212,
    -8.8742
  ],
  [
    13.229,
    -8.8757
  ],
  [
    13.246,
    -8.8749
  ],
  [
    13.262,
    -8.8752
  ],
  [
    13.28,
    -8.8756
  ],
  [
    13.297,
    -8.877
  ],
  [
    13.315,
    -8.877
  ],
  [
    13.332,
    -8.8781
  ],
  [
    13.35,
    -8.8782
  ],
  [
    13.366,
    -8.8802
  ],
  [
    13.383,
    -8.8801
  ],
  [
    13.4,
    -8.8765
  ],
  [
    13.417,
    -8.8664
  ],
  [
    13.437,
    -8.851
  ],
  [
    13.454,
    -8.8459
  ],
  [
    13.47,
    -8.848
  ],
  [
    13.488,
    -8.8499
  ],
  [
    13.504,
    -8.8519
  ],
  [
    13.522,
    -8.8532
  ],
  [
    13.539,
    -8.8551
  ],
  [
    13.555,
    -8.8566
  ],
  [
    13.573,
    -8.8577
  ],
  [
    13.59,
    -8.8592
  ],
  [
    13.606,
    -8.8598
  ],
  [
    13.624,
    -8.8603
  ],
  [
    13.643,
    -8.8557
  ],
  [
    13.66,
    -8.8437
  ],
  [
    13.676,
    -8.8334
  ],
  [
    13.694,
    -8.8356
  ],
  [
    13.711,
    -8.8377
  ],
  [
    13.729,
    -8.8399
  ],
  [
    13.746,
    -8.8365
  ],
  [
    13.761,
    -8.8308
  ],
  [
    13.78,
    -8.8315
  ],
  [
    13.796,
    -8.8337
  ],
  [
    13.815,
    -8.8357
  ],
  [
    13.832,
    -8.8377
  ],
  [
    13.849,
    -8.8394
  ],
  [
    13.864,
    -8.8412
  ],
  [
    13.883,
    -8.842
  ],
  [
    13.899,
    -8.8435
  ],
  [
    13.915,
    -8.8446
  ],
  [
    13.933,
    -8.8457
  ],
  [
    13.951,
    -8.8471
  ],
  [
    13.97,
    -8.8445
  ],
  [
    13.986,
    -8.8369
  ],
  [
    14.003,
    -8.8362
  ],
  [
    14.023,
    -8.8378
  ],
  [
    14.043,
    -8.8341
  ],
  [
    14.048,
    -8.8288
  ],
  [
    14.065,
    -8.8274
  ],
  [
    14.082,
    -8.8298
  ],
  [
    14.099,
    -8.8318
  ],
  [
    14.116,
    -8.834
  ],
  [
    14.141,
    -8.8356
  ],
  [
    14.148,
    -8.8363
  ],
  [
    14.165,
    -8.835
  ],
  [
    14.183,
    -8.8369
  ],
  [
    14.2,
    -8.8389
  ],
  [
    14.218,
    -8.8402
  ],
  [
    14.241,
    -8.8418
  ],
  [
    14.248,
    -8.8406
  ],
  [
    14.266,
    -8.8368
  ],
  [
    14.282,
    -8.8377
  ],
  [
    14.303,
    -8.8392
  ],
  [
    14.323,
    -8.834
  ],
  [
    14.342,
    -8.8335
  ],
  [
    14.359,
    -8.8349
  ],
  [
    14.374,
    -8.8361
  ],
  [
    14.381,
    -8.8363
  ],
  [
    14.409,
    -8.8376
  ],
  [
    14.414,
    -8.8381
  ],
  [
    14.432,
    -8.8382
  ],
  [
    14.454,
    -8.8338
  ],
  [
    14.472,
    -8.8223
  ],
  [
    14.485,
    -8.8233
  ],
  [
    14.502,
    -8.825
  ],
  [
    14.522,
    -8.826
  ],
  [
    14.546,
    -8.8273
  ],
  [
    14.553,
    -8.8288
  ],
  [
    14.571,
    -8.8296
  ],
  [
    14.585,
    -8.8318
  ],
  [
    14.602,
    -8.8322
  ],
  [
    14.62,
    -8.8324
  ],
  [
    14.638,
    -8.8335
  ],
  [
    14.656,
    -8.8345
  ],
  [
    14.673,
    -8.8361
  ],
  [
    14.691,
    -8.8373
  ],
  [
    14.707,
    -8.8384
  ],
  [
    14.725,
    -8.8327
  ],
  [
    14.744,
    -8.8209
  ],
  [
    14.762,
    -8.8173
  ],
  [
    14.779,
    -8.812
  ],
  [
    14.796,
    -8.8148
  ],
  [
    14.813,
    -8.8163
  ],
  [
    14.831,
    -8.819
  ],
  [
    14.849,
    -8.8166
  ],
  [
    14.865,
    -8.8113
  ],
  [
    14.883,
    -8.8126
  ],
  [
    14.901,
    -8.8148
  ],
  [
    14.916,
    -8.8174
  ],
  [
    14.934,
    -8.819
  ],
  [
    14.953,
    -8.8205
  ],
  [
    14.97,
    -8.8226
  ],
  [
    14.988,
    -8.8245
  ],
  [
    15.009,
    -8.8242
  ],
  [
    15.028,
    -8.8208
  ],
  [
    15.046,
    -8.8223
  ],
  [
    15.06,
    -8.8247
  ],
  [
    15.079,
    -8.8253
  ],
  [
    15.085,
    -8.826
  ],
  [
    15.102,
    -8.8269
  ],
  [
    15.12,
    -8.8285
  ],
  [
    15.145,
    -8.8295
  ],
  [
    15.152,
    -8.8301
  ],
  [
    15.17,
    -8.8303
  ],
  [
    15.187,
    -8.8313
  ],
  [
    15.205,
    -8.8261
  ],
  [
    15.222,
    -8.8158
  ],
  [
    15.239,
    -8.8169
  ],
  [
    15.257,
    -8.8191
  ],
  [
    15.275,
    -8.8209
  ],
  [
    15.293,
    -8.8227
  ],
  [
    15.31,
    -8.8251
  ],
  [
    15.326,
    -8.8268
  ],
  [
    15.346,
    -8.8281
  ],
  [
    15.365,
    -8.8226
  ],
  [
    15.384,
    -8.8223
  ],
  [
    15.401,
    -8.8241
  ],
  [
    15.418,
    -8.8249
  ],
  [
    15.434,
    -8.8258
  ],
  [
    15.453,
    -8.8267
  ],
  [
    15.462,
    -8.8268
  ],
  [
    15.48,
    -8.8232
  ],
  [
    15.495,
    -8.8231
  ],
  [
    15.514,
    -8.8188
  ],
  [
    15.531,
    -8.8111
  ],
  [
    15.553,
    -8.8135
  ],
  [
    15.571,
    -8.8161
  ],
  [
    15.59,
    -8.8145
  ],
  [
    15.607,
    -8.8068
  ],
  [
    15.614,
    -8.8034
  ],
  [
    15.634,
    -8.8045
  ],
  [
    15.651,
    -8.8076
  ],
  [
    15.669,
    -8.8102
  ],
  [
    15.684,
    -8.8121
  ],
  [
    15.702,
    -8.8136
  ],
  [
    15.719,
    -8.8157
  ],
  [
    15.74,
    -8.8176
  ],
  [
    15.756,
    -8.819
  ],
  [
    15.774,
    -8.8201
  ],
  [
    15.791,
    -8.821
  ],
  [
    15.81,
    -8.8218
  ],
  [
    15.815,
    -8.8222
  ],
  [
    15.833,
    -8.8239
  ],
  [
    15.851,
    -8.8258
  ],
  [
    15.866,
    -8.8278
  ],
  [
    15.884,
    -8.8276
  ],
  [
    15.902,
    -8.828
  ],
  [
    15.919,
    -8.8287
  ],
  [
    15.936,
    -8.8296
  ],
  [
    15.958,
    -8.8258
  ],
  [
    15.964,
    -8.8214
  ],
  [
    15.983,
    -8.8193
  ],
  [
    16.0,
    -8.8215
  ],
  [
    16.018,
    -8.8174
  ],
  [
    16.036,
    -8.8077
  ],
  [
    16.053,
    -8.8084
  ],
  [
    16.071,
    -8.8103
  ],
  [
    16.086,
    -8.8124
  ],
  [
    16.104,
    -8.8135
  ],
  [
    16.121,
    -8.8154
  ],
  [
    16.139,
    -8.8175
  ],
  [
    16.157,
    -8.8192
  ],
  [
    16.174,
    -8.821
  ],
  [
    16.191,
    -8.8222
  ],
  [
    16.208,
    -8.8237
  ],
  [
    16.226,
    -8.8245
  ],
  [
    16.242,
    -8.8255
  ],
  [
    16.262,
    -8.8226
  ],
  [
    16.28,
    -8.8179
  ],
  [
    16.297,
    -8.8202
  ],
  [
    16.314,
    -8.8213
  ],
  [
    16.331,
    -8.823
  ],
  [
    16.35,
    -8.8247
  ],
  [
    16.366,
    -8.8261
  ],
  [
    16.383,
    -8.8272
  ],
  [
    16.401,
    -8.8222
  ],
  [
    16.418,
    -8.8145
  ],
  [
    16.436,
    -8.8163
  ],
  [
    16.454,
    -8.8182
  ],
  [
    16.472,
    -8.8201
  ],
  [
    16.49,
    -8.8161
  ],
  [
    16.507,
    -8.8054
  ],
  [
    16.524,
    -8.7974
  ],
  [
    16.54,
    -8.8002
  ],
  [
    16.559,
    -8.7974
  ],
  [
    16.577,
    -8.7937
  ],
  [
    16.595,
    -8.7964
  ],
  [
    16.613,
    -8.8002
  ],
  [
    16.63,
    -8.8032
  ],
  [
    16.646,
    -8.8048
  ],
  [
    16.664,
    -8.807
  ],
  [
    16.683,
    -8.8087
  ],
  [
    16.699,
    -8.8111
  ],
  [
    16.718,
    -8.8125
  ],
  [
    16.735,
    -8.8144
  ],
  [
    16.753,
    -8.8125
  ],
  [
    16.772,
    -8.807
  ],
  [
    16.788,
    -8.8091
  ],
  [
    16.806,
    -8.811
  ],
  [
    16.823,
    -8.8131
  ],
  [
    16.839,
    -8.8156
  ],
  [
    16.858,
    -8.8165
  ],
  [
    16.875,
    -8.818
  ],
  [
    16.892,
    -8.8195
  ],
  [
    16.908,
    -8.8208
  ],
  [
    16.927,
    -8.8215
  ],
  [
    16.943,
    -8.8225
  ],
  [
    16.962,
    -8.824
  ],
  [
    16.979,
    -8.825
  ],
  [
    16.997,
    -8.8256
  ],
  [
    17.014,
    -8.8266
  ],
  [
    17.031,
    -8.8277
  ],
  [
    17.049,
    -8.8284
  ],
  [
    17.072,
    -8.8222
  ],
  [
    17.086,
    -8.8096
  ],
  [
    17.1,
    -8.8036
  ],
  [
    17.12,
    -8.8048
  ],
  [
    17.141,
    -8.8068
  ],
  [
    17.147,
    -8.8062
  ],
  [
    17.165,
    -8.8036
  ],
  [
    17.182,
    -8.8067
  ],
  [
    17.199,
    -8.8092
  ],
  [
    17.218,
    -8.8111
  ],
  [
    17.233,
    -8.8133
  ],
  [
    17.251,
    -8.8145
  ],
  [
    17.269,
    -8.8161
  ],
  [
    17.286,
    -8.8179
  ],
  [
    17.303,
    -8.8201
  ],
  [
    17.322,
    -8.8208
  ],
  [
    17.338,
    -8.8225
  ],
  [
    17.356,
    -8.8233
  ],
  [
    17.374,
    -8.8248
  ],
  [
    17.393,
    -8.8262
  ],
  [
    17.408,
    -8.8278
  ],
  [
    17.426,
    -8.8222
  ],
  [
    17.444,
    -8.8099
  ],
  [
    17.462,
    -8.8065
  ],
  [
    17.481,
    -8.8047
  ],
  [
    17.498,
    -8.8073
  ],
  [
    17.515,
    -8.8092
  ],
  [
    17.531,
    -8.8111
  ],
  [
    17.55,
    -8.8083
  ],
  [
    17.568,
    -8.8033
  ],
  [
    17.589,
    -8.806
  ],
  [
    17.595,
    -8.8076
  ],
  [
    17.614,
    -8.8059
  ],
  [
    17.632,
    -8.7997
  ],
  [
    17.648,
    -8.8024
  ],
  [
    17.672,
    -8.8045
  ],
  [
    17.689,
    -8.8012
  ],
  [
    17.704,
    -8.8015
  ],
  [
    17.712,
    -8.8026
  ],
  [
    17.731,
    -8.8036
  ],
  [
    17.749,
    -8.8068
  ],
  [
    17.771,
    -8.8056
  ],
  [
    17.789,
    -8.8016
  ],
  [
    17.806,
    -8.8044
  ],
  [
    17.813,
    -8.8055
  ],
  [
    17.832,
    -8.8001
  ],
  [
    17.85,
    -8.801
  ],
  [
    17.872,
    -8.8043
  ],
  [
    17.88,
    -8.8023
  ],
  [
    17.9,
    -8.791
  ],
  [
    17.918,
    -8.7886
  ],
  [
    17.944,
    -8.7903
  ],
  [
    17.953,
    -8.7957
  ],
  [
    17.973,
    -8.799
  ],
  [
    17.995,
    -8.7939
  ],
  [
    18.005,
    -8.7939
  ],
  [
    18.028,
    -8.7938
  ],
  [
    18.039,
    -8.7907
  ],
  [
    18.065,
    -8.7836
  ],
  [
    18.088,
    -8.784
  ],
  [
    18.095,
    -8.7831
  ],
  [
    18.116,
    -8.7819
  ],
  [
    18.131,
    -8.7806
  ],
  [
    18.161,
    -8.7824
  ],
  [
    18.167,
    -8.7807
  ],
  [
    18.191,
    -8.7818
  ],
  [
    18.198,
    -8.7795
  ],
  [
    18.216,
    -8.7769
  ],
  [
    18.233,
    -8.7798
  ],
  [
    18.252,
    -8.7814
  ],
  [
    18.27,
    -8.7797
  ],
  [
    18.288,
    -8.7835
  ],
  [
    18.308,
    -8.7874
  ],
  [
    18.325,
    -8.7898
  ],
  [
    18.343,
    -8.7923
  ],
  [
    18.359,
    -8.7949
  ],
  [
    18.372,
    -8.7966
  ],
  [
    18.394,
    -8.7993
  ],
  [
    18.412,
    -8.8019
  ],
  [
    18.418,
    -8.8035
  ],
  [
    18.435,
    -8.8064
  ],
  [
    18.454,
    -8.804
  ],
  [
    18.471,
    -8.7974
  ],
  [
    18.491,
    -8.7962
  ],
  [
    18.511,
    -8.7887
  ],
  [
    18.538,
    -8.7845
  ],
  [
    18.544,
    -8.7875
  ],
  [
    18.561,
    -8.7901
  ],
  [
    18.581,
    -8.7932
  ],
  [
    18.598,
    -8.7967
  ],
  [
    18.616,
    -8.7995
  ],
  [
    18.633,
    -8.8027
  ],
  [
    18.65,
    -8.8046
  ],
  [
    18.668,
    -8.8065
  ],
  [
    18.692,
    -8.8056
  ],
  [
    18.696,
    -8.8028
  ],
  [
    18.716,
    -8.8024
  ],
  [
    18.736,
    -8.8041
  ],
  [
    18.755,
    -8.8082
  ],
  [
    18.772,
    -8.8097
  ],
  [
    18.78,
    -8.8106
  ],
  [
    18.799,
    -8.8048
  ],
  [
    18.816,
    -8.8058
  ],
  [
    18.834,
    -8.8083
  ],
  [
    18.852,
    -8.811
  ],
  [
    18.874,
    -8.809
  ],
  [
    18.883,
    -8.8043
  ],
  [
    18.901,
    -8.7981
  ],
  [
    18.919,
    -8.7959
  ],
  [
    18.939,
    -8.793
  ],
  [
    18.959,
    -8.7915
  ],
  [
    18.966,
    -8.7919
  ],
  [
    18.986,
    -8.7919
  ],
  [
    19.005,
    -8.7867
  ],
  [
    19.028,
    -8.7906
  ],
  [
    19.036,
    -8.7915
  ],
  [
    19.053,
    -8.785
  ],
  [
    19.072,
    -8.7867
  ],
  [
    19.091,
    -8.7903
  ],
  [
    19.108,
    -8.794
  ],
  [
    19.129,
    -8.7934
  ],
  [
    19.141,
    -8.7904
  ],
  [
    19.162,
    -8.7913
  ],
  [
    19.18,
    -8.7904
  ],
  [
    19.185,
    -8.7875
  ],
  [
    19.205,
    -8.787
  ],
  [
    19.223,
    -8.784
  ],
  [
    19.241,
    -8.7875
  ],
  [
    19.258,
    -8.7911
  ],
  [
    19.276,
    -8.794
  ],
  [
    19.295,
    -8.7943
  ],
  [
    19.315,
    -8.7914
  ],
  [
    19.341,
    -8.7952
  ],
  [
    19.349,
    -8.7979
  ],
  [
    19.366,
    -8.8004
  ],
  [
    19.39,
    -8.7986
  ],
  [
    19.396,
    -8.7948
  ],
  [
    19.415,
    -8.7886
  ],
  [
    19.434,
    -8.7902
  ],
  [
    19.455,
    -8.7942
  ],
  [
    19.471,
    -8.7973
  ],
  [
    19.479,
    -8.799
  ],
  [
    19.502,
    -8.7916
  ],
  [
    19.521,
    -8.7872
  ],
  [
    19.538,
    -8.7851
  ],
  [
    19.546,
    -8.7874
  ],
  [
    19.566,
    -8.788
  ],
  [
    19.584,
    -8.7849
  ],
  [
    19.604,
    -8.7817
  ],
  [
    19.625,
    -8.7818
  ],
  [
    19.631,
    -8.78
  ],
  [
    19.65,
    -8.7824
  ],
  [
    19.671,
    -8.7865
  ],
  [
    19.687,
    -8.7902
  ],
  [
    19.711,
    -8.7912
  ],
  [
    19.717,
    -8.7873
  ],
  [
    19.738,
    -8.7795
  ],
  [
    19.759,
    -8.7745
  ],
  [
    19.766,
    -8.7755
  ],
  [
    19.788,
    -8.7801
  ],
  [
    19.805,
    -8.7827
  ],
  [
    19.826,
    -8.7829
  ],
  [
    19.833,
    -8.7807
  ],
  [
    19.852,
    -8.7823
  ],
  [
    19.87,
    -8.7865
  ],
  [
    19.891,
    -8.7896
  ],
  [
    19.91,
    -8.7847
  ],
  [
    19.917,
    -8.7843
  ],
  [
    19.938,
    -8.7786
  ],
  [
    19.959,
    -8.7738
  ],
  [
    19.976,
    -8.7763
  ],
  [
    19.983,
    -8.7783
  ],
  [
    20.003,
    -8.7811
  ],
  [
    20.023,
    -8.7806
  ],
  [
    20.044,
    -8.7829
  ],
  [
    20.052,
    -8.7811
  ],
  [
    20.07,
    -8.7772
  ],
  [
    20.089,
    -8.78
  ],
  [
    20.106,
    -8.7774
  ],
  [
    20.128,
    -8.7798
  ],
  [
    20.138,
    -8.7816
  ],
  [
    20.161,
    -8.7802
  ],
  [
    20.177,
    -8.7781
  ],
  [
    20.183,
    -8.7802
  ],
  [
    20.204,
    -8.7818
  ],
  [
    20.225,
    -8.7758
  ],
  [
    20.24,
    -8.7785
  ],
  [
    20.263,
    -8.7802
  ],
  [
    20.281,
    -8.7784
  ],
  [
    20.287,
    -8.7807
  ],
  [
    20.311,
    -8.7816
  ],
  [
    20.328,
    -8.7786
  ],
  [
    20.338,
    -8.7814
  ],
  [
    20.356,
    -8.7826
  ],
  [
    20.372,
    -8.7852
  ],
  [
    20.393,
    -8.7878
  ],
  [
    20.412,
    -8.7913
  ],
  [
    20.429,
    -8.7944
  ],
  [
    20.436,
    -8.7961
  ],
  [
    20.454,
    -8.7977
  ],
  [
    20.472,
    -8.8008
  ],
  [
    20.494,
    -8.8037
  ],
  [
    20.502,
    -8.8049
  ],
  [
    20.522,
    -8.7977
  ],
  [
    20.544,
    -8.7945
  ],
  [
    20.565,
    -8.7942
  ],
  [
    20.571,
    -8.7943
  ],
  [
    20.587,
    -8.7967
  ],
  [
    20.608,
    -8.7972
  ],
  [
    20.626,
    -8.7944
  ],
  [
    20.644,
    -8.7972
  ],
  [
    20.663,
    -8.796
  ],
  [
    20.684,
    -8.7915
  ],
  [
    20.703,
    -8.7917
  ],
  [
    20.711,
    -8.7879
  ],
  [
    20.734,
    -8.7893
  ],
  [
    20.753,
    -8.793
  ],
  [
    20.759,
    -8.795
  ],
  [
    20.778,
    -8.7893
  ],
  [
    20.796,
    -8.7909
  ],
  [
    20.817,
    -8.7945
  ],
  [
    20.836,
    -8.7948
  ],
  [
    20.854,
    -8.7881
  ],
  [
    20.861,
    -8.7849
  ],
  [
    20.879,
    -8.7862
  ],
  [
    20.897,
    -8.7898
  ],
  [
    20.92,
    -8.7932
  ],
  [
    20.937,
    -8.7965
  ],
  [
    20.944,
    -8.7982
  ],
  [
    20.962,
    -8.7931
  ],
  [
    20.98,
    -8.7942
  ],
  [
    20.998,
    -8.7973
  ],
  [
    21.02,
    -8.7967
  ],
  [
    21.037,
    -8.7934
  ],
  [
    21.043,
    -8.7949
  ],
  [
    21.064,
    -8.7889
  ],
  [
    21.085,
    -8.7833
  ],
  [
    21.098,
    -8.7849
  ],
  [
    21.121,
    -8.7855
  ],
  [
    21.145,
    0.0
  ],
  [
    21.152,
    -0.9772
  ],
  [
    21.175,
    -2.5609
  ],
  [
    21.19,
    -3.4706
  ],
  [
    21.204,
    -4.5793
  ],
  [
    21.229,
    -6.3936
  ],
  [
    21.236,
    -7.1927
  ],
  [
    21.258,
    -8.8885
  ],
  [
    21.281,
    -10.4559
  ],
  [
    21.289,
    -11.2184
  ],
  [
    21.312,
    -12.6825
  ],
  [
    21.321,
    -13.775
  ],
  [
    21.342,
    -15.1046
  ],
  [
    21.358,
    -16.6116
  ],
  [
    21.377,
    -17.9881
  ],
  [
    21.394,
    -19.2562
  ],
  [
    21.414,
    -20.7274
  ],
  [
    21.435,
    -22.0535
  ],
  [
    21.451,
    -23.3494
  ],
  [
    21.459,
    -23.9487
  ],
  [
    21.476,
    -25.4443
  ],
  [
    21.495,
    -26.8253
  ],
  [
    21.518,
    -28.1649
  ],
  [
    21.526,
    -28.9373
  ],
  [
    21.542,
    -29.7871
  ],
  [
    21.559,
    -30.0
  ],
  [
    21.577,
    -30.0
  ],
  [
    21.595,
    -30.0
  ],
  [
    21.614,
    -30.0
  ],
  [
    21.635,
    -30.0
  ],
  [
    21.651,
    -30.0
  ],
  [
    21.671,
    -30.0
  ],
  [
    21.681,
    -30.0
  ],
  [
    21.697,
    -30.0
  ],
  [
    21.737,
    -30.0
  ],
  [
    21.744,
    -30.0
  ],
  [
    21.764,
    -30.0
  ],
  [
    21.786,
    -30.0
  ],
  [
    21.804,
    -30.0
  ],
  [
    21.818,
    -30.0
  ],
  [
    21.838,
    -30.0
  ],
  [
    21.845,
    -30.0
  ],
  [
    21.866,
    -30.0
  ],
  [
    21.886,
    -30.0
  ],
  [
    21.909,
    -30.0
  ],
  [
    21.933,
    -30.0
  ],
  [
    21.943,
    -30.0
  ],
  [
    21.965,
    -30.0
  ],
  [
    21.976,
    -30.0
  ],
  [
    21.999,
    -30.0
  ],
  [
    22.007,
    -30.0
  ],
  [
    22.031,
    -30.0
  ],
  [
    22.04,
    -30.0
  ],
  [
    22.061,
    -30.0
  ],
  [
    22.084,
    -30.0
  ],
  [
    22.094,
    -30.0
  ],
  [
    22.115,
    -30.0
  ],
  [
    22.133,
    -30.0
  ],
  [
    22.144,
    -30.0
  ],
  [
    22.171,
    -30.0
  ],
  [
    22.178,
    -28.5
  ],
  [
    22.197,
    -27.0
  ],
  [
    22.223,
    -25.5
  ],
  [
    22.231,
    -24.0
  ],
  [
    22.258,
    -22.5
  ],
  [
    22.265,
    -21.0
  ],
  [
    22.289,
    -19.5
  ],
  [
    22.309,
    -18.0
  ],
  [
    22.318,
    -16.5
  ],
  [
    22.34,
    -15.0
  ],
  [
    22.352,
    -13.5
  ],
  [
    22.375,
    -12.0
  ],
  [
    22.383,
    -10.669
  ],
  [
    22.403,
    -9.0
  ],
  [
    22.426,
    -7.5
  ],
  [
    22.433,
    -6.0495
  ],
  [
    22.455,
    -4.5
  ],
  [
    22.478,
    -3.0
  ],
  [
    22.485,
    -1.5961
  ],
  [
    22.506,
    0.0
  ],
  [
    22.529,
    1.4347
  ],
  [
    22.536,
    2.1731
  ],
  [
    22.554,
    3.5136
  ],
  [
    22.572,
    4.8072
  ],
  [
    22.592,
    6.0306
  ],
  [
    22.609,
    7.2375
  ],
  [
    22.631,
    8.5313
  ],
  [
    22.64,
    9.0309
  ],
  [
    22.658,
    10.3075
  ],
  [
    22.681,
    11.4963
  ],
  [
    22.7,
    12.5976
  ],
  [
    22.706,
    13.1232
  ],
  [
    22.726,
    14.1955
  ],
  [
    22.744,
    15.3296
  ],
  [
    22.761,
    16.282
  ],
  [
    22.778,
    17.1989
  ],
  [
    22.796,
    18.1066
  ],
  [
    22.815,
    19.0763
  ],
  [
    22.833,
    20.0572
  ],
  [
    22.85,
    20.9531
  ],
  [
    22.868,
    21.818
  ],
  [
    22.886,
    22.7029
  ],
  [
    22.904,
    23.5204
  ],
  [
    22.926,
    23.5982
  ],
  [
    22.936,
    23.5992
  ],
  [
    22.954,
    23.5987
  ],
  [
    22.971,
    23.5996
  ],
  [
    22.989,
    23.6004
  ],
  [
    23.005,
    23.574
  ],
  [
    23.024,
    23.5757
  ],
  [
    23.041,
    23.5762
  ],
  [
    23.059,
    23.5605
  ],
  [
    23.079,
    23.5628
  ],
  [
    23.097,
    23.5545
  ],
  [
    23.112,
    23.5573
  ],
  [
    23.135,
    23.5558
  ],
  [
    23.141,
    23.5496
  ],
  [
    23.16,
    23.5451
  ],
  [
    23.176,
    23.5436
  ],
  [
    23.194,
    23.5395
  ],
  [
    23.213,
    23.5403
  ],
  [
    23.231,
    23.5002
  ],
  [
    23.254,
    23.4869
  ],
  [
    23.269,
    23.4724
  ],
  [
    23.288,
    23.473
  ],
  [
    23.305,
    23.4802
  ],
  [
    23.311,
    23.4795
  ],
  [
    23.331,
    23.476
  ],
  [
    23.352,
    23.4542
  ],
  [
    23.371,
    23.458
  ],
  [
    23.377,
    23.4591
  ],
  [
    23.395,
    23.4444
  ],
  [
    23.412,
    23.4443
  ],
  [
    23.431,
    23.4436
  ],
  [
    23.449,
    23.4445
  ],
  [
    23.465,
    23.4417
  ],
  [
    23.484,
    23.4502
  ],
  [
    23.501,
    23.4416
  ],
  [
    23.518,
    23.4238
  ],
  [
    23.541,
    23.4188
  ],
  [
    23.56,
    23.4187
  ],
  [
    23.565,
    23.4216
  ],
  [
    23.584,
    23.4213
  ],
  [
    23.603,
    23.4231
  ],
  [
    23.62,
    23.4246
  ],
  [
    23.638,
    23.423
  ],
  [
    23.658,
    23.4251
  ],
  [
    23.675,
    23.4079
  ],
  [
    23.682,
    23.4244
  ],
  [
    23.7,
    23.4244
  ],
  [
    23.718,
    23.4175
  ],
  [
    23.74,
    23.4179
  ],
  [
    23.76,
    23.3971
  ],
  [
    23.765,
    23.4065
  ],
  [
    23.783,
    23.4035
  ],
  [
    23.801,
    23.4061
  ],
  [
    23.818,
    23.4053
  ],
  [
    23.837,
    23.3937
  ],
  [
    23.854,
    23.3964
  ],
  [
    23.871,
    23.3972
  ],
  [
    23.893,
    23.404
  ],
  [
    23.909,
    23.5559
  ],
  [
    23.934,
    23.6187
  ],
  [
    23.94,
    23.6193
  ],
  [
    23.959,
    23.6193
  ],
  [
    23.976,
    23.6193
  ],
  [
    23.993,
    23.6194
  ],
  [
    24.011,
    23.6194
  ],
  [
    24.028,
    23.6194
  ],
  [
    24.047,
    23.6194
  ],
  [
    24.065,
    23.6194
  ],
  [
    24.087,
    23.6194
  ],
  [
    24.093,
    23.6194
  ],
  [
    24.112,
    23.6194
  ],
  [
    24.13,
    23.6194
  ],
  [
    24.148,
    23.6194
  ],
  [
    24.166,
    23.6194
  ],
  [
    24.183,
    23.6194
  ],
  [
    24.201,
    23.6194
  ],
  [
    24.219,
    23.6194
  ],
  [
    24.239,
    23.6194
  ],
  [
    24.26,
    23.6194
  ],
  [
    24.278,
    23.6194
  ],
  [
    24.286,
    23.6194
  ],
  [
    24.308,
    23.6194
  ],
  [
    24.326,
    23.6194
  ],
  [
    24.336,
    23.6194
  ],
  [
    24.354,
    23.6194
  ],
  [
    24.372,
    23.6194
  ],
  [
    24.388,
    23.6194
  ],
  [
    24.406,
    23.6194
  ],
  [
    24.422,
    23.6194
  ],
  [
    24.442,
    23.6194
  ],
  [
    24.458,
    23.6194
  ],
  [
    24.476,
    23.6194
  ],
  [
    24.494,
    23.6194
  ],
  [
    24.512,
    23.6194
  ],
  [
    24.531,
    23.6194
  ],
  [
    24.554,
    23.6194
  ],
  [
    24.568,
    23.6194
  ],
  [
    24.59,
    23.6194
  ],
  [
    24.604,
    23.6194
  ],
  [
    24.613,
    23.6194
  ],
  [
    24.641,
    23.6194
  ],
  [
    24.647,
    23.6194
  ],
  [
    24.665,
    23.6194
  ],
  [
    24.683,
    23.6194
  ],
  [
    24.698,
    23.6194
  ],
  [
    24.717,
    23.6194
  ],
  [
    24.735,
    23.6194
  ],
  [
    24.76,
    23.6194
  ],
  [
    24.765,
    23.6194
  ],
  [
    24.786,
    23.6194
  ],
  [
    24.809,
    23.6194
  ],
  [
    24.833,
    23.6194
  ],
  [
    24.839,
    23.6194
  ],
  [
    24.862,
    23.6194
  ],
  [
    24.876,
    23.6194
  ],
  [
    24.889,
    23.6194
  ],
  [
    24.91,
    22.1027
  ],
  [
    24.938,
    21.2585
  ],
  [
    24.953,
    18.0993
  ],
  [
    24.971,
    15.7969
  ],
  [
    24.99,
    13.8742
  ],
  [
    25.011,
    11.4613
  ],
  [
    25.019,
    10.1258
  ],
  [
    25.046,
    7.2221
  ],
  [
    25.058,
    5.7273
  ],
  [
    25.066,
    4.1379
  ],
  [
    25.088,
    0.7699
  ],
  [
    25.108,
    -1.4855
  ],
  [
    25.123,
    -2.7293
  ],
  [
    25.152,
    -3.9285
  ],
  [
    25.156,
    -5.2729
  ],
  [
    25.176,
    -6.7703
  ],
  [
    25.197,
    -8.2194
  ],
  [
    25.222,
    -9.8271
  ],
  [
    25.231,
    -10.5962
  ],
  [
    25.256,
    -12.3942
  ],
  [
    25.264,
    -13.2188
  ],
  [
    25.282,
    -14.7417
  ],
  [
    25.3,
    -16.0143
  ],
  [
    25.332,
    -17.2488
  ],
  [
    25.341,
    -19.0199
  ],
  [
    25.362,
    -20.5664
  ],
  [
    25.374,
    -21.3372
  ],
  [
    25.395,
    -23.0909
  ],
  [
    25.414,
    -24.5393
  ],
  [
    25.43,
    -25.8498
  ],
  [
    25.447,
    -27.0793
  ],
  [
    25.464,
    -28.3871
  ],
  [
    25.481,
    -29.6714
  ],
  [
    25.497,
    -30.0
  ],
  [
    25.527,
    -30.0
  ],
  [
    25.534,
    -30.0
  ],
  [
    25.555,
    -30.0
  ],
  [
    25.566,
    -30.0
  ],
  [
    25.584,
    -30.0
  ],
  [
    25.6,
    -30.0
  ],
  [
    25.616,
    -30.0
  ],
  [
    25.634,
    -30.0
  ],
  [
    25.652,
    -30.0
  ],
  [
    25.67,
    -30.0
  ],
  [
    25.694,
    -30.0
  ],
  [
    25.712,
    -30.0
  ],
  [
    25.729,
    -30.0
  ],
  [
    25.746,
    -30.0
  ],
  [
    25.764,
    -30.0
  ],
  [
    25.772,
    -30.0
  ],
  [
    25.79,
    -30.0
  ],
  [
    25.808,
    -30.0
  ],
  [
    25.825,
    -30.0
  ],
  [
    25.843,
    -30.0
  ],
  [
    25.861,
    -30.0
  ],
  [
    25.878,
    -30.0
  ],
  [
    25.896,
    -29.99
  ],
  [
    25.922,
    -29.9882
  ],
  [
    25.932,
    -29.9898
  ],
  [
    25.949,
    -29.987
  ],
  [
    25.968,
    -29.9802
  ],
  [
    25.984,
    -29.9683
  ],
  [
    26.007,
    -29.9992
  ],
  [
    26.025,
    -29.984
  ],
  [
    26.041,
    -29.9862
  ],
  [
    26.049,
    -29.9712
  ],
  [
    26.068,
    -29.9902
  ],
  [
    26.085,
    -29.9856
  ],
  [
    26.102,
    -29.9896
  ],
  [
    26.125,
    -29.9788
  ],
  [
    26.144,
    -29.9464
  ],
  [
    26.163,
    -29.9534
  ],
  [
    26.178,
    -29.9532
  ],
  [
    26.183,
    -29.948
  ],
  [
    26.204,
    -29.942
  ],
  [
    26.223,
    -29.9304
  ],
  [
    26.24,
    -29.9262
  ],
  [
    26.26,
    -29.9146
  ],
  [
    26.281,
    -29.9252
  ],
  [
    26.293,
    -29.904
  ],
  [
    26.312,
    -29.8908
  ],
  [
    26.324,
    -29.882
  ],
  [
    26.341,
    -29.8792
  ],
  [
    26.359,
    -29.8627
  ],
  [
    26.377,
    -29.852
  ],
  [
    26.394,
    -29.8529
  ],
  [
    26.411,
    -29.8436
  ],
  [
    26.429,
    -29.8282
  ],
  [
    26.446,
    -29.8339
  ],
  [
    26.47,
    -29.8152
  ],
  [
    26.485,
    -29.7998
  ],
  [
    26.504,
    -29.8
  ],
  [
    26.51,
    -29.7799
  ],
  [
    26.533,
    -29.7724
  ],
  [
    26.552,
    -29.7689
  ],
  [
    26.571,
    -29.7591
  ],
  [
    26.579,
    -29.7633
  ],
  [
    26.596,
    -29.7406
  ],
  [
    26.614,
    -29.7264
  ],
  [
    26.631,
    -29.7327
  ],
  [
    26.649,
    -29.716
  ],
  [
    26.666,
    -29.7024
  ],
  [
    26.684,
    -29.6938
  ],
  [
    26.704,
    -29.6924
  ],
  [
    26.724,
    -29.6959
  ],
  [
    26.74,
    -29.6642
  ],
  [
    26.758,
    -29.657
  ],
  [
    26.781,
    -29.668
  ],
  [
    26.786,
    -29.648
  ],
  [
    26.806,
    -29.6343
  ],
  [
    26.822,
    -29.628
  ],
  [
    26.841,
    -29.6429
  ],
  [
    26.858,
    -29.6288
  ],
  [
    26.877,
    -29.626
  ],
  [
    26.894,
    -29.6369
  ],
  [
    26.912,
    -29.6319
  ],
  [
    26.931,
    -29.5912
  ],
  [
    26.948,
    -29.5862
  ],
  [
    26.966,
    -29.5713
  ],
  [
    26.982,
    -29.5624
  ],
  [
    27.001,
    -29.5574
  ],
  [
    27.021,
    -29.5531
  ],
  [
    27.026,
    -29.5788
  ],
  [
    27.044,
    -29.5696
  ],
  [
    27.063,
    -29.5579
  ],
  [
    27.08,
    -29.556
  ],
  [
    27.1,
    -29.5418
  ],
  [
    27.121,
    -29.5414
  ],
  [
    27.141,
    -29.4968
  ],
  [
    27.159,
    -29.4991
  ],
  [
    27.167,
    -29.4813
  ],
  [
    27.186,
    -29.4652
  ],
  [
    27.202,
    -29.4513
  ],
  [
    27.219,
    -29.4486
  ],
  [
    27.236,
    -29.4434
  ],
  [
    27.254,
    -29.4371
  ],
  [
    27.272,
    -29.4299
  ],
  [
    27.289,
    -29.4207
  ],
  [
    27.305,
    -29.4163
  ],
  [
    27.323,
    -29.4112
  ],
  [
    27.339,
    -29.4048
  ],
  [
    27.357,
    -29.3982
  ],
  [
    27.376,
    -29.3929
  ],
  [
    27.393,
    -29.3882
  ],
  [
    27.409,
    -29.3809
  ],
  [
    27.427,
    -29.3734
  ],
  [
    27.443,
    -29.3659
  ],
  [
    27.461,
    -29.3589
  ],
  [
    27.478,
    -29.3522
  ],
  [
    27.495,
    -29.3454
  ],
  [
    27.512,
    -29.3395
  ],
  [
    27.532,
    -29.3462
  ],
  [
    27.548,
    -29.347
  ],
  [
    27.564,
    -29.3372
  ],
  [
    27.582,
    -29.326
  ],
  [
    27.603,
    -29.2978
  ],
  [
    27.616,
    -29.2833
  ],
  [
    27.635,
    -29.2785
  ],
  [
    27.654,
    -29.2838
  ],
  [
    27.675,
    -29.2906
  ],
  [
    27.687,
    -29.2856
  ],
  [
    27.705,
    -29.2743
  ],
  [
    27.721,
    -29.2695
  ],
  [
    27.738,
    -29.2638
  ],
  [
    27.755,
    -29.2536
  ],
  [
    27.773,
    -29.2488
  ],
  [
    27.789,
    -29.2445
  ],
  [
    27.807,
    -29.2339
  ],
  [
    27.823,
    -29.2267
  ],
  [
    27.84,
    -29.222
  ],
  [
    27.857,
    -29.2148
  ],
  [
    27.875,
    -29.2099
  ],
  [
    27.892,
    -29.2065
  ],
  [
    27.909,
    -29.2035
  ],
  [
    27.927,
    -29.2102
  ],
  [
    27.942,
    -29.216
  ],
  [
    27.959,
    -29.2249
  ],
  [
    27.977,
    -29.2965
  ],
  [
    27.994,
    -29.4946
  ],
  [
    28.01,
    -29.716
  ],
  [
    28.027,
    -29.9116
  ],
  [
    28.045,
    -29.9997
  ],
  [
    28.061,
    -29.9999
  ],
  [
    28.084,
    -30.0
  ],
  [
    28.1,
    -30.0
  ],
  [
    28.11,
    -30.0
  ],
  [
    28.126,
    -30.0
  ],
  [
    28.143,
    -29.9999
  ],
  [
    28.16,
    -29.9999
  ],
  [
    28.179,
    -29.9999
  ],
  [
    28.195,
    -29.9999
  ],
  [
    28.212,
    -29.9999
  ],
  [
    28.229,
    -29.9999
  ],
  [
    28.246,
    -29.9999
  ],
  [
    28.264,
    -29.9999
  ],
  [
    28.281,
    -30.0
  ],
  [
    28.3,
    -30.0
  ],
  [
    28.314,
    -30.0
  ],
  [
    28.332,
    -30.0
  ],
  [
    28.353,
    -30.0
  ],
  [
    28.37,
    -30.0
  ],
  [
    28.377,
    -30.0
  ],
  [
    28.396,
    -30.0
  ],
  [
    28.412,
    -30.0
  ],
  [
    28.429,
    -30.0
  ],
  [
    28.451,
    -30.0
  ],
  [
    28.474,
    -30.0
  ],
  [
    28.481,
    -30.0
  ],
  [
    28.501,
    -30.0
  ],
  [
    28.524,
    -30.0
  ],
  [
    28.541,
    -30.0
  ],
  [
    28.548,
    -30.0
  ],
  [
    28.564,
    -30.0
  ],
  [
    28.582,
    -30.0
  ],
  [
    28.601,
    -30.0
  ],
  [
    28.616,
    -30.0
  ],
  [
    28.634,
    -30.0
  ],
  [
    28.651,
    -30.0
  ],
  [
    28.668,
    -30.0
  ],
  [
    28.687,
    -30.0
  ],
  [
    28.704,
    -30.0
  ],
  [
    28.72,
    -30.0
  ],
  [
    28.738,
    -30.0
  ],
  [
    28.754,
    -30.0
  ],
  [
    28.773,
    -30.0
  ],
  [
    28.791,
    -30.0
  ],
  [
    28.808,
    -30.0
  ],
  [
    28.83,
    -30.0
  ],
  [
    28.845,
    -30.0
  ],
  [
    28.861,
    -30.0
  ],
  [
    28.882,
    -30.0
  ],
  [
    28.888,
    -30.0
  ],
  [
    28.907,
    -30.0
  ],
  [
    28.924,
    -27.4297
  ],
  [
    28.942,
    -24.7716
  ],
  [
    28.96,
    -22.196
  ],
  [
    28.977,
    -19.6844
  ],
  [
    28.996,
    -16.7259
  ],
  [
    29.013,
    -14.1696
  ],
  [
    29.031,
    -11.5176
  ],
  [
    29.048,
    -8.9999
  ],
  [
    29.065,
    -6.2871
  ],
  [
    29.083,
    -3.7027
  ],
  [
    29.1,
    -1.0334
  ],
  [
    29.118,
    0.8944
  ],
  [
    29.136,
    2.1952
  ],
  [
    29.156,
    3.6807
  ],
  [
    29.176,
    4.8011
  ],
  [
    29.184,
    5.3737
  ],
  [
    29.201,
    6.6808
  ],
  [
    29.219,
    7.8475
  ],
  [
    29.236,
    8.9422
  ],
  [
    29.253,
    10.0483
  ],
  [
    29.271,
    11.1077
  ],
  [
    29.293,
    12.3697
  ],
  [
    29.312,
    13.3279
  ],
  [
    29.33,
    14.3235
  ],
  [
    29.345,
    15.2598
  ],
  [
    29.363,
    16.1583
  ],
  [
    29.379,
    17.1013
  ],
  [
    29.386,
    17.5288
  ],
  [
    29.406,
    18.5786
  ],
  [
    29.422,
    19.4716
  ],
  [
    29.439,
    20.3426
  ],
  [
    29.455,
    21.1938
  ],
  [
    29.473,
    22.0481
  ],
  [
    29.491,
    22.8864
  ],
  [
    29.508,
    23.616
  ],
  [
    29.525,
    23.6157
  ],
  [
    29.543,
    23.6141
  ],
  [
    29.56,
    23.613
  ],
  [
    29.579,
    23.6123
  ],
  [
    29.598,
    23.6118
  ],
  [
    29.616,
    23.5997
  ],
  [
    29.633,
    23.6036
  ],
  [
    29.65,
    23.6045
  ],
  [
    29.666,
    23.6053
  ],
  [
    29.684,
    23.6068
  ],
  [
    29.702,
    23.6011
  ],
  [
    29.721,
    23.6009
  ],
  [
    29.739,
    23.6014
  ],
  [
    29.758,
    23.6019
  ],
  [
    29.775,
    23.6023
  ],
  [
    29.798,
    23.603
  ],
  [
    29.816,
    23.6032
  ],
  [
    29.823,
    23.6029
  ],
  [
    29.842,
    23.6032
  ],
  [
    29.86,
    23.6034
  ],
  [
    29.879,
    23.604
  ],
  [
    29.899,
    23.6038
  ],
  [
    29.92,
    23.6041
  ],
  [
    29.926,
    23.6038
  ],
  [
    29.943,
    23.604
  ],
  [
    29.962,
    23.6042
  ],
  [
    29.979,
    23.6044
  ],
  [
    30.002,
    23.6046
  ],
  [
    30.016,
    23.6048
  ],
  [
    30.037,
    23.605
  ],
  [
    30.055,
    23.605
  ],
  [
    30.063,
    23.6046
  ],
  [
    30.08,
    23.5909
  ],
  [
    30.101,
    23.594
  ],
  [
    30.119,
    23.5848
  ],
  [
    30.138,
    23.5853
  ],
  [
    30.158,
    23.5817
  ],
  [
    30.169,
    23.5816
  ],
  [
    30.188,
    23.5764
  ],
  [
    30.208,
    23.5653
  ],
  [
    30.23,
    23.5641
  ],
  [
    30.238,
    23.5571
  ],
  [
    30.257,
    23.5582
  ],
  [
    30.276,
    23.5553
  ],
  [
    30.295,
    23.562
  ],
  [
    30.314,
    23.5639
  ],
  [
    30.334,
    23.5659
  ],
  [
    30.341,
    23.554
  ],
  [
    30.359,
    23.5534
  ],
  [
    30.377,
    23.5568
  ],
  [
    30.396,
    23.5604
  ],
  [
    30.415,
    23.5628
  ],
  [
    30.435,
    23.5658
  ],
  [
    30.453,
    23.5692
  ],
  [
    30.47,
    23.5733
  ],
  [
    30.485,
    23.5776
  ],
  [
    30.495,
    23.5768
  ],
  [
    30.514,
    23.5756
  ],
  [
    30.534,
    23.5764
  ],
  [
    30.552,
    23.5783
  ],
  [
    30.567,
    23.5798
  ],
  [
    30.586,
    23.5813
  ],
  [
    30.605,
    23.5827
  ],
  [
    30.626,
    23.5747
  ],
  [
    30.634,
    23.5905
  ],
  [
    30.654,
    23.5736
  ],
  [
    30.674,
    23.5618
  ],
  [
    30.691,
    23.5601
  ],
  [
    30.699,
    23.5527
  ],
  [
    30.719,
    23.5555
  ],
  [
    30.739,
    23.5487
  ],
  [
    30.759,
    23.5475
  ],
  [
    30.766,
    23.5643
  ],
  [
    30.786,
    23.5643
  ],
  [
    30.811,
    23.5666
  ],
  [
    30.816,
    23.5593
  ],
  [
    30.836,
    23.5642
  ],
  [
    30.852,
    23.5664
  ],
  [
    30.871,
    23.5685
  ],
  [
    30.886,
    23.5702
  ],
  [
    30.906,
    23.5669
  ],
  [
    30.934,
    23.5673
  ],
  [
    30.944,
    23.5705
  ],
  [
    30.964,
    23.5725
  ],
  [
    30.981,
    23.5687
  ],
  [
    31.002,
    23.5746
  ],
  [
    31.019,
    23.5778
  ],
  [
    31.028,
    23.5634
  ],
  [
    31.045,
    23.5611
  ],
  [
    31.062,
    23.5586
  ],
  [
    31.081,
    23.5592
  ],
  [
    31.101,
    23.5657
  ],
  [
    31.12,
    23.564
  ],
  [
    31.126,
    23.5511
  ],
  [
    31.147,
    23.5537
  ],
  [
    31.169,
    23.5636
  ],
  [
    31.185,
    23.5626
  ],
  [
    31.192,
    23.5628
  ],
  [
    31.212,
    23.5614
  ],
  [
    31.231,
    23.5535
  ],
  [
    31.248,
    23.5626
  ],
  [
    31.266,
    23.5655
  ],
  [
    31.284,
    23.563
  ],
  [
    31.308,
    23.5662
  ],
  [
    31.325,
    23.5682
  ],
  [
    31.332,
    23.5689
  ],
  [
    31.351,
    23.5646
  ],
  [
    31.368,
    23.5677
  ],
  [
    31.387,
    23.5704
  ],
  [
    31.408,
    23.5717
  ],
  [
    31.424,
    23.5779
  ],
  [
    31.445,
    23.5794
  ],
  [
    31.452,
    23.5803
  ],
  [
    31.472,
    23.5788
  ],
  [
    31.49,
    23.5722
  ],
  [
    31.511,
    23.5753
  ],
  [
    31.519,
    23.5642
  ],
  [
    31.537,
    23.5717
  ],
  [
    31.554,
    23.5721
  ],
  [
    31.572,
    23.5741
  ],
  [
    31.589,
    23.5764
  ],
  [
    31.614,
    23.5605
  ],
  [
    31.621,
    23.5607
  ],
  [
    31.64,
    23.5569
  ],
  [
    31.662,
    23.5448
  ],
  [
    31.68,
    23.5411
  ],
  [
    31.686,
    23.5434
  ],
  [
    31.708,
    23.5464
  ],
  [
    31.73,
    23.5515
  ],
  [
    31.737,
    23.5456
  ],
  [
    31.755,
    23.5467
  ],
  [
    31.777,
    23.5455
  ],
  [
    31.793,
    23.5544
  ],
  [
    31.801,
    23.5553
  ],
  [
    31.821,
    23.5579
  ],
  [
    31.838,
    23.5564
  ],
  [
    31.858,
    23.5587
  ],
  [
    31.876,
    23.5589
  ],
  [
    31.893,
    23.5502
  ],
  [
    31.915,
    23.5534
  ],
  [
    31.932,
    23.5586
  ],
  [
    31.939,
    23.5476
  ],
  [
    31.959,
    23.56
  ],
  [
    31.977,
    23.5488
  ],
  [
    31.999,
    23.5435
  ],
  [
    32.005,
    23.5442
  ],
  [
    32.024,
    23.5447
  ],
  [
    32.043,
    23.5488
  ],
  [
    32.061,
    23.5517
  ],
  [
    32.079,
    23.5545
  ],
  [
    32.097,
    23.5572
  ],
  [
    32.12,
    23.5595
  ],
  [
    32.126,
    23.5588
  ],
  [
    32.145,
    23.5564
  ],
  [
    32.163,
    23.5596
  ],
  [
    32.183,
    23.5565
  ],
  [
    32.204,
    23.5565
  ],
  [
    32.221,
    23.5587
  ],
  [
    32.229,
    23.5518
  ],
  [
    32.249,
    23.5582
  ],
  [
    32.266,
    23.5552
  ],
  [
    32.289,
    23.5593
  ],
  [
    32.306,
    23.5609
  ],
  [
    32.313,
    23.5771
  ],
  [
    32.338,
    23.5733
  ],
  [
    32.347,
    23.5684
  ],
  [
    32.365,
    23.5768
  ],
  [
    32.382,
    23.5786
  ],
  [
    32.399,
    23.5801
  ],
  [
    32.42,
    23.5821
  ],
  [
    32.441,
    23.5887
  ],
  [
    32.46,
    23.5891
  ],
  [
    32.466,
    23.5763
  ],
  [
    32.485,
    23.5766
  ],
  [
    32.503,
    23.5786
  ],
  [
    32.525,
    23.5842
  ],
  [
    32.531,
    23.5835
  ],
  [
    32.551,
    23.5848
  ],
  [
    32.568,
    23.5864
  ],
  [
    32.587,
    23.5873
  ],
  [
    32.603,
    23.5889
  ],
  [
    32.623,
    23.59
  ],
  [
    32.645,
    23.5913
  ],
  [
    32.662,
    23.5923
  ],
  [
    32.681,
    23.5933
  ],
  [
    32.688,
    23.5951
  ],
  [
    32.706,
    23.5925
  ],
  [
    32.728,
    23.5908
  ],
  [
    32.747,
    23.5849
  ],
  [
    32.762,
    23.5858
  ],
  [
    32.771,
    23.6013
  ],
  [
    32.789,
    23.588
  ],
  [
    32.806,
    23.5862
  ],
  [
    32.826,
    23.5874
  ],
  [
    32.848,
    23.5934
  ],
  [
    32.864,
    23.5934
  ],
  [
    32.872,
    23.5788
  ],
  [
    32.891,
    23.5744
  ],
  [
    32.923,
    23.5634
  ],
  [
    32.935,
    23.5808
  ],
  [
    32.956,
    23.5715
  ],
  [
    32.963,
    23.5808
  ],
  [
    32.981,
    23.583
  ],
  [
    33.002,
    23.5845
  ],
  [
    33.021,
    23.586
  ],
  [
    33.028,
    23.5785
  ],
  [
    33.048,
    23.5841
  ],
  [
    33.066,
    23.5853
  ],
  [
    33.086,
    23.5859
  ],
  [
    33.103,
    23.5871
  ],
  [
    33.11,
    23.5881
  ],
  [
    33.141,
    23.5875
  ],
  [
    33.147,
    23.5886
  ],
  [
    33.164,
    23.5897
  ],
  [
    33.184,
    23.5913
  ],
  [
    33.202,
    23.5989
  ],
  [
    33.22,
    23.5911
  ],
  [
    33.242,
    23.5898
  ],
  [
    33.255,
    23.5958
  ],
  [
    33.276,
    23.5844
  ],
  [
    33.283,
    23.584
  ],
  [
    33.303,
    23.5839
  ],
  [
    33.32,
    23.5853
  ],
  [
    33.335,
    23.5863
  ],
  [
    33.353,
    23.5878
  ],
  [
    33.371,
    23.589
  ],
  [
    33.388,
    23.5958
  ],
  [
    33.407,
    23.5966
  ],
  [
    33.428,
    23.5981
  ],
  [
    33.448,
    23.5872
  ],
  [
    33.464,
    23.5883
  ],
  [
    33.472,
    23.6043
  ],
  [
    33.489,
    23.5919
  ],
  [
    33.507,
    23.5937
  ],
  [
    33.53,
    23.5984
  ],
  [
    33.539,
    23.5983
  ],
  [
    33.559,
    23.5987
  ],
  [
    33.576,
    23.5992
  ],
  [
    33.592,
    23.5995
  ],
  [
    33.612,
    23.6001
  ],
  [
    33.634,
    23.6007
  ],
  [
    33.64,
    23.5982
  ],
  [
    33.66,
    23.6054
  ],
  [
    33.682,
    23.5929
  ],
  [
    33.689,
    23.6082
  ],
  [
    33.709,
    23.5932
  ],
  [
    33.727,
    23.5968
  ],
  [
    33.747,
    23.5905
  ],
  [
    33.764,
    23.5909
  ],
  [
    33.772,
    23.5972
  ],
  [
    33.79,
    23.5985
  ],
  [
    33.809,
    23.5994
  ],
  [
    33.826,
    23.6001
  ],
  [
    33.845,
    23.6008
  ],
  [
    33.863,
    23.6014
  ],
  [
    33.881,
    23.6018
  ],
  [
    33.899,
    23.6023
  ],
  [
    33.928,
    23.6026
  ],
  [
    33.941,
    23.6035
  ],
  [
    33.958,
    23.6024
  ],
  [
    33.978,
    23.6044
  ],
  [
    33.995,
    23.6053
  ],
  [
    34.001,
    23.6042
  ],
  [
    34.018,
    23.6041
  ],
  [
    34.038,
    23.6055
  ],
  [
    34.06,
    23.6067
  ],
  [
    34.066,
    23.6056
  ],
  [
    34.085,
    23.6057
  ],
  [
    34.103,
    23.606
  ],
  [
    34.13,
    23.6069
  ],
  [
    34.137,
    23.607
  ],
  [
    34.156,
    23.6077
  ],
  [
    34.174,
    23.6128
  ],
  [
    34.193,
    23.607
  ],
  [
    34.211,
    23.6119
  ],
  [
    34.231,
    23.6124
  ],
  [
    34.249,
    23.6137
  ],
  [
    34.268,
    23.6056
  ],
  [
    34.286,
    23.6
  ],
  [
    34.309,
    23.6009
  ],
  [
    34.336,
    23.6037
  ],
  [
    34.342,
    23.605
  ],
  [
    34.362,
    23.6037
  ],
  [
    34.381,
    23.6103
  ],
  [
    34.401,
    23.611
  ],
  [
    34.418,
    23.6112
  ],
  [
    34.441,
    23.6113
  ],
  [
    34.459,
    23.6003
  ],
  [
    34.467,
    23.5997
  ],
  [
    34.487,
    23.5926
  ],
  [
    34.505,
    23.5935
  ],
  [
    34.536,
    23.5945
  ],
  [
    34.546,
    23.5879
  ],
  [
    34.565,
    23.5863
  ],
  [
    34.586,
    23.5877
  ],
  [
    34.594,
    23.6044
  ],
  [
    34.616,
    23.6023
  ],
  [
    34.628,
    23.6046
  ],
  [
    34.66,
    23.6082
  ],
  [
    34.669,
    23.6074
  ],
  [
    34.7,
    23.6087
  ],
  [
    34.706,
    23.6085
  ],
  [
    34.726,
    23.6076
  ],
  [
    34.753,
    23.6095
  ],
  [
    34.761,
    23.5996
  ],
  [
    34.782,
    23.6067
  ],
  [
    34.803,
    23.6133
  ],
  [
    34.81,
    23.5972
  ],
  [
    34.832,
    23.6078
  ],
  [
    34.853,
    23.6025
  ],
  [
    34.859,
    23.6123
  ],
  [
    34.88,
    23.6043
  ],
  [
    34.903,
    23.61
  ],
  [
    34.911,
    23.6013
  ],
  [
    34.938,
    23.6032
  ],
  [
    34.957,
    23.6112
  ],
  [
    34.962,
    23.6029
  ],
  [
    34.982,
    23.6122
  ],
  [
    35.005,
    23.6077
  ],
  [
    35.023,
    23.6003
  ],
  [
    35.03,
    23.6169
  ],
  [
    35.046,
    23.6166
  ],
  [
    35.065,
    23.6178
  ],
  [
    35.081,
    23.6175
  ],
  [
    35.099,
    23.6181
  ],
  [
    35.116,
    23.6168
  ],
  [
    35.135,
    23.6077
  ],
  [
    35.155,
    23.6047
  ],
  [
    35.169,
    23.6063
  ],
  [
    35.191,
    23.609
  ],
  [
    35.207,
    23.6088
  ],
  [
    35.215,
    23.6159
  ],
  [
    35.232,
    23.6106
  ],
  [
    35.251,
    23.619
  ],
  [
    35.268,
    23.6153
  ],
  [
    35.285,
    23.6159
  ],
  [
    35.303,
    23.6174
  ],
  [
    35.319,
    23.6177
  ],
  [
    35.337,
    23.6186
  ],
  [
    35.354,
    23.6179
  ],
  [
    35.371,
    23.6184
  ],
  [
    35.388,
    23.6188
  ],
  [
    35.407,
    23.6191
  ],
  [
    35.428,
    23.6115
  ],
  [
    35.441,
    23.6103
  ],
  [
    35.465,
    23.6094
  ],
  [
    35.473,
    23.6188
  ],
  [
    35.494,
    23.6104
  ],
  [
    35.514,
    23.6112
  ],
  [
    35.528,
    23.6035
  ],
  [
    35.547,
    23.6061
  ],
  [
    35.565,
    23.6068
  ],
  [
    35.586,
    23.6074
  ],
  [
    35.602,
    23.6079
  ],
  [
    35.618,
    23.6087
  ],
  [
    35.635,
    23.6093
  ],
  [
    35.654,
    23.6089
  ],
  [
    35.66,
    23.6026
  ],
  [
    35.678,
    23.6039
  ],
  [
    35.695,
    23.6044
  ],
  [
    35.712,
    23.6048
  ],
  [
    35.73,
    23.6051
  ],
  [
    35.748,
    23.6055
  ],
  [
    35.763,
    23.6059
  ],
  [
    35.782,
    23.6062
  ],
  [
    35.8,
    23.6064
  ],
  [
    35.818,
    23.6067
  ],
  [
    35.834,
    23.607
  ],
  [
    35.854,
    23.6073
  ],
  [
    35.875,
    23.5991
  ],
  [
    35.882,
    23.6145
  ],
  [
    35.9,
    23.6015
  ],
  [
    35.917,
    23.6034
  ],
  [
    35.932,
    23.6134
  ],
  [
    35.95,
    23.6041
  ],
  [
    35.968,
    23.6054
  ],
  [
    35.985,
    23.606
  ],
  [
    36.001,
    23.6062
  ],
  [
    36.017,
    23.6063
  ],
  [
    36.035,
    23.6066
  ],
  [
    36.052,
    23.607
  ],
  [
    36.069,
    23.6076
  ],
  [
    36.085,
    23.6076
  ],
  [
    36.101,
    23.6075
  ],
  [
    36.119,
    23.6061
  ],
  [
    36.135,
    23.6061
  ],
  [
    36.155,
    23.6065
  ],
  [
    36.171,
    23.6003
  ],
  [
    36.188,
    23.6
  ],
  [
    36.205,
    23.6014
  ],
  [
    36.224,
    23.6096
  ],
  [
    36.24,
    23.6146
  ],
  [
    36.258,
    23.6073
  ],
  [
    36.276,
    23.6081
  ],
  [
    36.293,
    23.6085
  ],
  [
    36.311,
    23.6086
  ],
  [
    36.328,
    23.6086
  ],
  [
    36.346,
    23.6088
  ],
  [
    36.365,
    23.6087
  ],
  [
    36.385,
    23.6085
  ],
  [
    36.402,
    23.6089
  ],
  [
    36.42,
    23.6097
  ],
  [
    36.426,
    23.6113
  ],
  [
    36.444,
    23.6122
  ],
  [
    36.462,
    23.6126
  ],
  [
    36.479,
    23.6123
  ],
  [
    36.495,
    23.6125
  ],
  [
    36.512,
    23.6124
  ],
  [
    36.53,
    23.6123
  ],
  [
    36.552,
    23.612
  ],
  [
    36.568,
    23.6119
  ],
  [
    36.585,
    23.6108
  ],
  [
    36.6,
    23.6065
  ],
  [
    36.62,
    23.6102
  ],
  [
    36.635,
    23.6123
  ],
  [
    36.651,
    23.6117
  ],
  [
    36.659,
    23.5978
  ],
  [
    36.678,
    23.6034
  ],
  [
    36.695,
    23.5986
  ],
  [
    36.711,
    23.6009
  ],
  [
    36.726,
    23.6031
  ],
  [
    36.745,
    23.6055
  ],
  [
    36.762,
    23.6061
  ],
  [
    36.78,
    23.6072
  ],
  [
    36.796,
    23.6068
  ],
  [
    36.814,
    23.6069
  ],
  [
    36.83,
    23.6072
  ],
  [
    36.848,
    23.6067
  ],
  [
    36.866,
    23.6173
  ],
  [
    36.883,
    23.6175
  ],
  [
    36.899,
    23.6166
  ],
  [
    36.918,
    23.6166
  ],
  [
    36.935,
    23.6088
  ],
  [
    36.955,
    23.6052
  ],
  [
    36.964,
    23.6193
  ],
  [
    36.981,
    23.6
  ],
  [
    36.996,
    23.6023
  ],
  [
    37.015,
    23.6033
  ],
  [
    37.032,
    23.6055
  ],
  [
    37.05,
    23.6064
  ],
  [
    37.066,
    23.6048
  ],
  [
    37.085,
    23.6066
  ],
  [
    37.101,
    23.6067
  ],
  [
    37.119,
    23.617
  ],
  [
    37.136,
    23.6174
  ],
  [
    37.154,
    23.618
  ],
  [
    37.171,
    23.6172
  ],
  [
    37.191,
    23.6185
  ],
  [
    37.211,
    23.6191
  ],
  [
    37.216,
    23.603
  ],
  [
    37.234,
    23.6168
  ],
  [
    37.252,
    23.6182
  ],
  [
    37.268,
    23.6187
  ],
  [
    37.286,
    23.6181
  ],
  [
    37.303,
    23.6174
  ],
  [
    37.32,
    23.6055
  ],
  [
    37.339,
    23.6108
  ],
  [
    37.355,
    23.6154
  ],
  [
    37.376,
    23.615
  ],
  [
    37.394,
    23.6141
  ],
  [
    37.399,
    23.5998
  ],
  [
    37.416,
    23.5943
  ],
  [
    37.434,
    23.5857
  ],
  [
    37.45,
    23.5888
  ],
  [
    37.469,
    23.5907
  ],
  [
    37.487,
    23.5926
  ],
  [
    37.503,
    23.5914
  ],
  [
    37.521,
    23.594
  ],
  [
    37.541,
    23.6074
  ],
  [
    37.561,
    23.6105
  ],
  [
    37.576,
    23.6098
  ],
  [
    37.59,
    23.6092
  ],
  [
    37.607,
    23.6083
  ],
  [
    37.622,
    23.6093
  ],
  [
    37.64,
    23.6099
  ],
  [
    37.658,
    23.6092
  ],
  [
    37.677,
    23.6011
  ],
  [
    37.692,
    23.5982
  ],
  [
    37.71,
    23.5998
  ],
  [
    37.727,
    23.6024
  ],
  [
    37.745,
    23.6022
  ],
  [
    37.761,
    23.6036
  ],
  [
    37.78,
    23.6117
  ],
  [
    37.795,
    23.6155
  ],
  [
    37.813,
    23.6157
  ],
  [
    37.831,
    23.6146
  ],
  [
    37.847,
    23.6145
  ],
  [
    37.867,
    23.6143
  ],
  [
    37.882,
    23.6021
  ],
  [
    37.899,
    23.604
  ],
  [
    37.917,
    23.6048
  ],
  [
    37.936,
    23.602
  ],
  [
    37.958,
    23.608
  ],
  [
    37.966,
    23.6077
  ],
  [
    37.983,
    23.6076
  ],
  [
    38.0,
    23.6084
  ],
  [
    38.017,
    23.6092
  ],
  [
    38.034,
    23.6094
  ],
  [
    38.052,
    23.6099
  ],
  [
    38.069,
    23.6109
  ],
  [
    38.087,
    23.6109
  ],
  [
    38.103,
    23.6101
  ],
  [
    38.121,
    23.6104
  ],
  [
    38.143,
    23.6017
  ],
  [
    38.152,
    23.6102
  ],
  [
    38.171,
    23.5939
  ],
  [
    38.189,
    23.5955
  ],
  [
    38.206,
    23.5965
  ],
  [
    38.222,
    23.5972
  ],
  [
    38.24,
    23.5983
  ],
  [
    38.258,
    23.5997
  ],
  [
    38.281,
    23.6042
  ],
  [
    38.298,
    23.5973
  ],
  [
    38.307,
    23.605
  ],
  [
    38.326,
    23.6005
  ],
  [
    38.346,
    23.6076
  ],
  [
    38.363,
    23.6096
  ],
  [
    38.382,
    23.6091
  ],
  [
    38.407,
    23.6108
  ],
  [
    38.419,
    23.6082
  ],
  [
    38.443,
    23.6071
  ],
  [
    38.453,
    23.5994
  ],
  [
    38.474,
    23.605
  ],
  [
    38.497,
    23.6063
  ],
  [
    38.505,
    23.6069
  ],
  [
    38.525,
    23.608
  ],
  [
    38.547,
    23.6079
  ],
  [
    38.568,
    23.6145
  ],
  [
    38.576,
    23.6037
  ],
  [
    38.596,
    23.6064
  ],
  [
    38.616,
    23.6054
  ],
  [
    38.636,
    23.6069
  ],
  [
    38.656,
    23.6071
  ],
  [
    38.663,
    23.6061
  ],
  [
    38.684,
    23.6069
  ],
  [
    38.706,
    23.6074
  ],
  [
    38.726,
    23.6072
  ],
  [
    38.736,
    23.6084
  ],
  [
    38.755,
    23.6103
  ],
  [
    38.778,
    23.6096
  ],
  [
    38.796,
    23.6105
  ],
  [
    38.802,
    23.6031
  ],
  [
    38.822,
    23.6028
  ],
  [
    38.845,
    23.6016
  ],
  [
    38.85,
    23.6132
  ],
  [
    38.87,
    23.6139
  ],
  [
    38.893,
    23.6096
  ],
  [
    38.91,
    23.6151
  ],
  [
    38.918,
    23.602
  ],
  [
    38.936,
    23.6056
  ],
  [
    38.961,
    23.6109
  ],
  [
    38.966,
    23.6029
  ],
  [
    38.988,
    23.6118
  ],
  [
    39.01,
    23.6174
  ],
  [
    39.016,
    23.6032
  ],
  [
    39.037,
    23.607
  ],
  [
    39.055,
    23.6137
  ],
  [
    39.077,
    23.6155
  ],
  [
    39.096,
    23.607
  ],
  [
    39.102,
    23.6142
  ],
  [
    39.122,
    23.6077
  ],
  [
    39.141,
    23.6035
  ],
  [
    39.159,
    23.604
  ],
  [
    39.181,
    23.6139
  ],
  [
    39.19,
    23.606
  ],
  [
    39.21,
    23.6121
  ],
  [
    39.232,
    23.6132
  ],
  [
    39.246,
    23.6132
  ],
  [
    39.266,
    23.6131
  ],
  [
    39.282,
    23.6132
  ],
  [
    39.302,
    23.6138
  ],
  [
    39.308,
    23.6126
  ],
  [
    39.328,
    23.6121
  ],
  [
    39.344,
    23.6125
  ],
  [
    39.362,
    23.6125
  ],
  [
    39.379,
    23.6133
  ],
  [
    39.399,
    23.6143
  ],
  [
    39.417,
    23.6148
  ],
  [
    39.435,
    23.6147
  ],
  [
    39.453,
    23.6145
  ],
  [
    39.47,
    23.6146
  ],
  [
    39.49,
    23.6139
  ],
  [
    39.506,
    23.6133
  ],
  [
    39.526,
    23.6148
  ],
  [
    39.542,
    23.6192
  ],
  [
    39.56,
    23.6187
  ],
  [
    39.569,
    23.6054
  ],
  [
    39.589,
    23.6098
  ],
  [
    39.606,
    23.6028
  ],
  [
    39.624,
    23.6033
  ],
  [
    39.642,
    23.6012
  ],
  [
    39.658,
    23.6033
  ],
  [
    39.676,
    23.6039
  ],
  [
    39.696,
    23.6038
  ],
  [
    39.718,
    23.6034
  ],
  [
    39.732,
    23.6041
  ],
  [
    39.754,
    23.6061
  ],
  [
    39.771,
    23.6075
  ],
  [
    39.778,
    23.6065
  ],
  [
    39.795,
    23.6078
  ],
  [
    39.814,
    23.6075
  ],
  [
    39.834,
    23.6077
  ],
  [
    39.852,
    23.6077
  ],
  [
    39.869,
    23.6076
  ],
  [
    39.876,
    23.609
  ],
  [
    39.894,
    23.6064
  ],
  [
    39.912,
    23.6077
  ],
  [
    39.93,
    23.6081
  ],
  [
    39.95,
    23.6086
  ],
  [
    39.971,
    23.6079
  ],
  [
    39.988,
    23.6072
  ],
  [
    39.995,
    23.6087
  ],
  [
    40.013,
    23.6081
  ],
  [
    40.032,
    23.6091
  ],
  [
    40.05,
    23.6096
  ],
  [
    40.066,
    23.6099
  ],
  [
    40.084,
    23.6099
  ],
  [
    40.105,
    23.6108
  ],
  [
    40.122,
    23.6115
  ],
  [
    40.136,
    23.6117
  ],
  [
    40.153,
    23.6117
  ],
  [
    40.174,
    23.6108
  ],
  [
    40.192,
    23.6105
  ],
  [
    40.197,
    23.6119
  ],
  [
    40.215,
    23.6121
  ],
  [
    40.234,
    23.6123
  ],
  [
    40.255,
    23.6127
  ],
  [
    40.272,
    23.6125
  ],
  [
    40.29,
    23.6116
  ],
  [
    40.306,
    23.6127
  ],
  [
    40.316,
    23.605
  ],
  [
    40.335,
    23.6173
  ],
  [
    40.351,
    23.6176
  ],
  [
    40.373,
    23.6078
  ],
  [
    40.392,
    23.604
  ],
  [
    40.398,
    23.6182
  ],
  [
    40.416,
    23.6062
  ],
  [
    40.435,
    23.6051
  ],
  [
    40.453,
    23.6047
  ],
  [
    40.47,
    23.6053
  ],
  [
    40.49,
    23.6158
  ],
  [
    40.508,
    23.6173
  ],
  [
    40.524,
    23.6189
  ],
  [
    40.543,
    23.6104
  ],
  [
    40.561,
    23.6046
  ],
  [
    40.579,
    23.6135
  ],
  [
    40.598,
    23.6184
  ],
  [
    40.616,
    23.6189
  ],
  [
    40.637,
    23.6101
  ],
  [
    40.65,
    23.6054
  ],
  [
    40.67,
    23.606
  ],
  [
    40.689,
    23.6071
  ],
  [
    40.696,
    23.6166
  ],
  [
    40.718,
    23.6168
  ],
  [
    40.734,
    23.6161
  ],
  [
    40.754,
    23.6179
  ],
  [
    40.772,
    23.6188
  ],
  [
    40.791,
    23.6084
  ],
  [
    40.798,
    23.6163
  ],
  [
    40.815,
    23.6058
  ],
  [
    40.834,
    23.6076
  ],
  [
    40.85,
    23.6086
  ],
  [
    40.867,
    23.6091
  ],
  [
    40.885,
    23.6095
  ],
  [
    40.903,
    23.6099
  ],
  [
    40.922,
    23.61
  ],
  [
    40.942,
    23.6172
  ],
  [
    40.963,
    23.6166
  ],
  [
    40.97,
    23.6064
  ],
  [
    40.989,
    23.616
  ],
  [
    41.009,
    23.6183
  ],
  [
    41.031,
    23.6068
  ],
  [
    41.038,
    23.6173
  ],
  [
    41.058,
    23.6154
  ],
  [
    41.079,
    23.6164
  ],
  [
    41.095,
    23.6167
  ],
  [
    41.103,
    23.6074
  ],
  [
    41.122,
    23.6094
  ],
  [
    41.138,
    23.6048
  ],
  [
    41.156,
    23.6063
  ],
  [
    41.174,
    23.607
  ],
  [
    41.191,
    23.6072
  ],
  [
    41.212,
    23.6165
  ],
  [
    41.231,
    23.6185
  ],
  [
    41.237,
    23.6066
  ],
  [
    41.256,
    23.6052
  ],
  [
    41.272,
    23.6049
  ],
  [
    41.289,
    23.6058
  ],
  [
    41.308,
    23.6149
  ],
  [
    41.33,
    23.619
  ],
  [
    41.348,
    23.6185
  ],
  [
    41.353,
    23.6042
  ],
  [
    41.372,
    23.6114
  ],
  [
    41.39,
    23.618
  ],
  [
    41.411,
    23.6155
  ],
  [
    41.429,
    23.617
  ],
  [
    41.436,
    23.6017
  ],
  [
    41.454,
    23.607
  ],
  [
    41.473,
    23.6032
  ],
  [
    41.489,
    23.6046
  ],
  [
    41.511,
    23.6057
  ],
  [
    41.53,
    23.6126
  ],
  [
    41.543,
    23.6126
  ],
  [
    41.563,
    23.6126
  ],
  [
    41.571,
    23.6128
  ],
  [
    41.587,
    23.6127
  ],
  [
    41.606,
    23.6128
  ],
  [
    41.622,
    23.6125
  ],
  [
    41.643,
    23.6127
  ],
  [
    41.66,
    23.6128
  ],
  [
    41.678,
    23.6131
  ],
  [
    41.695,
    23.6131
  ],
  [
    41.703,
    23.6132
  ],
  [
    41.723,
    23.6136
  ],
  [
    41.742,
    23.6134
  ],
  [
    41.76,
    23.6135
  ],
  [
    41.779,
    23.6136
  ],
  [
    41.797,
    23.6136
  ],
  [
    41.816,
    23.6137
  ],
  [
    41.832,
    23.6136
  ],
  [
    41.839,
    23.6137
  ],
  [
    41.858,
    23.6141
  ],
  [
    41.875,
    23.6144
  ],
  [
    41.893,
    23.6145
  ],
  [
    41.912,
    23.6146
  ],
  [
    41.929,
    23.6058
  ],
  [
    41.947,
    23.6069
  ],
  [
    41.964,
    23.6079
  ],
  [
    41.983,
    21.7817
  ],
  [
    42.002,
    19.9336
  ],
  [
    42.014,
    18.9459
  ],
  [
    42.041,
    16.0235
  ],
  [
    42.048,
    15.0625
  ],
  [
    42.071,
    12.7035
  ],
  [
    42.092,
    10.2355
  ],
  [
    42.11,
    7.9567
  ],
  [
    42.117,
    6.8384
  ],
  [
    42.136,
    4.0277
  ],
  [
    42.153,
    1.5892
  ],
  [
    42.17,
    0.0
  ],
  [
    42.188,
    0.0
  ],
  [
    42.205,
    0.0
  ],
  [
    42.224,
    0.0
  ],
  [
    42.24,
    0.0
  ],
  [
    42.259,
    0.0
  ],
  [
    42.276,
    0.0
  ],
  [
    42.295,
    0.0
  ],
  [
    42.313,
    0.0
  ],
  [
    42.336,
    0.0
  ],
  [
    42.352,
    0.0
  ],
  [
    42.369,
    0.0
  ],
  [
    42.376,
    0.0
  ],
  [
    42.394,
    0.0
  ],
  [
    42.412,
    0.0
  ],
  [
    42.429,
    0.0
  ],
  [
    42.448,
    0.0
  ],
  [
    42.466,
    0.0
  ],
  [
    42.483,
    0.0
  ],
  [
    42.502,
    0.0
  ],
  [
    42.521,
    0.0
  ],
  [
    42.546,
    0.0
  ],
  [
    42.552,
    0.0
  ],
  [
    42.574,
    0.0
  ],
  [
    42.596,
    0.0
  ],
  [
    42.608,
    0.0
  ],
  [
    42.622,
    0.0
  ],
  [
    42.646,
    0.0
  ],
  [
    42.657,
    0.0
  ],
  [
    42.677,
    0.0
  ],
  [
    42.693,
    0.0
  ],
  [
    42.711,
    0.0
  ],
  [
    42.737,
    0.0
  ],
  [
    42.743,
    0.0
  ],
  [
    42.768,
    0.0
  ],
  [
    42.774,
    0.0
  ],
  [
    42.796,
    0.0
  ],
  [
    42.824,
    0.0
  ],
  [
    42.832,
    0.0
  ],
  [
    42.853,
    0.0
  ],
  [
    42.878,
    0.0
  ],
  [
    42.898,
    0.0
  ],
  [
    42.906,
    0.0
  ],
  [
    42.921,
    0.0
  ],
  [
    42.95,
    0.0
  ],
  [
    42.96,
    0.0
  ],
  [
    42.982,
    0.0
  ],
  [
    42.994,
    0.0
  ],
  [
    43.017,
    0.0
  ],
  [
    43.041,
    0.0
  ],
  [
    43.05,
    0.0
  ],
  [
    43.071,
    0.0
  ],
  [
    43.093,
    0.0
  ],
  [
    43.101,
    0.0
  ],
  [
    43.141,
    0.0
  ],
  [
    43.155,
    0.0
  ],
  [
    43.174,
    0.0
  ],
  [
    43.191,
    0.0
  ],
  [
    43.21,
    0.0
  ],
  [
    43.23,
    0.0
  ],
  [
    43.243,
    0.0
  ],
  [
    43.26,
    0.0
  ],
  [
    43.279,
    0.0
  ],
  [
    43.299,
    0.0
  ],
  [
    43.31,
    0.0
  ],
  [
    43.33,
    0.0
  ],
  [
    43.348,
    0.0
  ],
  [
    43.37,
    0.0
  ],
  [
    43.385,
    0.0
  ],
  [
    43.4,
    0.0
  ],
  [
    43.418,
    0.0
  ],
  [
    43.43,
    0.0
  ],
  [
    43.455,
    0.0
  ],
  [
    43.464,
    0.0
  ],
  [
    43.489,
    0.0
  ],
  [
    43.501,
    0.0
  ],
  [
    43.524,
    0.0
  ],
  [
    43.534,
    0.0
  ],
  [
    43.552,
    0.0
  ],
  [
    43.571,
    0.0
  ],
  [
    43.595,
    0.0
  ],
  [
    43.602,
    0.0
  ],
  [
    43.621,
    0.0
  ],
  [
    43.639,
    0.0
  ],
  [
    43.658,
    0.0
  ],
  [
    43.675,
    0.0
  ],
  [
    43.697,
    0.0
  ],
  [
    43.716,
    0.0
  ],
  [
    43.723,
    0.0
  ],
  [
    43.743,
    0.0
  ],
  [
    43.761,
    0.0
  ],
  [
    43.779,
    0.0
  ],
  [
    43.797,
    0.0
  ],
  [
    43.815,
    0.0
  ],
  [
    43.838,
    0.0
  ],
  [
    43.85,
    0.0
  ],
  [
    43.871,
    0.0
  ],
  [
    43.888,
    0.0
  ],
  [
    43.905,
    0.0
  ],
  [
    43.911,
    0.0
  ],
  [
    43.93,
    0.0
  ],
  [
    43.948,
    0.0
  ],
  [
    43.965,
    0.0
  ],
  [
    43.983,
    0.0
  ],
  [
    43.999,
    0.0
  ],
  [
    44.018,
    0.0
  ],
  [
    44.037,
    0.0
  ],
  [
    44.058,
    0.0
  ],
  [
    44.075,
    0.0
  ],
  [
    44.093,
    0.0
  ],
  [
    44.099,
    0.0
  ]
]