# Steering Wheel Angle Log (Actual Physical Angle)
# Start time : 2026-06-14 22:13:05
# End time   : 2026-06-14 22:13:32
# Total time : 27.5 seconds
# Points     : 1485
# Format     : [[elapsed_seconds, wheel_angle_degrees], ...]
[
  [
    0.283,
    0.0
  ],
  [
    0.307,
    0.0
  ],
  [
    0.325,
    0.0
  ],
  [
    0.333,
    0.0
  ],
  [
    0.36,
    0.0
  ],
  [
    0.37,
    0.0
  ],
  [
    0.396,
    0.0
  ],
  [
    0.406,
    0.0
  ],
  [
    0.446,
    0.0
  ],
  [
    0.456,
    0.0
  ],
  [
    0.482,
    0.0
  ],
  [
    0.49,
    0.0
  ],
  [
    0.524,
    0.0
  ],
  [
    0.533,
    0.0
  ],
  [
    0.55,
    0.0
  ],
  [
    0.567,
    0.0
  ],
  [
    0.583,
    0.0
  ],
  [
    0.6,
    0.0
  ],
  [
    0.613,
    0.0
  ],
  [
    0.64,
    0.0
  ],
  [
    0.656,
    0.0
  ],
  [
    0.67,
    0.0
  ],
  [
    0.681,
    0.0
  ],
  [
    0.725,
    0.0
  ],
  [
    0.74,
    0.0
  ],
  [
    0.749,
    0.0
  ],
  [
    0.777,
    0.0
  ],
  [
    0.791,
    0.0
  ],
  [
    0.812,
    0.0
  ],
  [
    0.828,
    0.0
  ],
  [
    0.839,
    0.0
  ],
  [
    0.856,
    0.0
  ],
  [
    0.887,
    0.0
  ],
  [
    0.9,
    0.0
  ],
  [
    0.909,
    0.0
  ],
  [
    0.938,
    0.0
  ],
  [
    0.944,
    0.0
  ],
  [
    0.959,
    0.0
  ],
  [
    0.989,
    0.0
  ],
  [
    1.003,
    0.0
  ],
  [
    1.013,
    0.0
  ],
  [
    1.03,
    0.0
  ],
  [
    1.06,
    0.0
  ],
  [
    1.07,
    0.0
  ],
  [
    1.098,
    0.0
  ],
  [
    1.109,
    0.0
  ],
  [
    1.13,
    0.0
  ],
  [
    1.139,
    0.0
  ],
  [
    1.158,
    0.0
  ],
  [
    1.184,
    0.0
  ],
  [
    1.195,
    0.0
  ],
  [
    1.211,
    0.0
  ],
  [
    1.227,
    0.0
  ],
  [
    1.24,
    0.0
  ],
  [
    1.27,
    0.0
  ],
  [
    1.281,
    0.0
  ],
  [
    1.315,
    0.0
  ],
  [
    1.327,
    0.0
  ],
  [
    1.339,
    0.0
  ],
  [
    1.369,
    0.0
  ],
  [
    1.38,
    0.0
  ],
  [
    1.395,
    0.0
  ],
  [
    1.427,
    0.0
  ],
  [
    1.437,
    0.0
  ],
  [
    1.465,
    0.0
  ],
  [
    1.477,
    0.0
  ],
  [
    1.504,
    0.0
  ],
  [
    1.528,
    0.0
  ],
  [
    1.54,
    0.0
  ],
  [
    1.55,
    0.0
  ],
  [
    1.581,
    0.0
  ],
  [
    1.593,
    0.0
  ],
  [
    1.623,
    0.0
  ],
  [
    1.636,
    0.0
  ],
  [
    1.649,
    0.0
  ],
  [
    1.679,
    0.0
  ],
  [
    1.69,
    0.0
  ],
  [
    1.704,
    0.0
  ],
  [
    1.726,
    0.0
  ],
  [
    1.738,
    0.0
  ],
  [
    1.768,
    0.0
  ],
  [
    1.777,
    0.0
  ],
  [
    1.807,
    0.0
  ],
  [
    1.818,
    0.0
  ],
  [
    1.83,
    0.0
  ],
  [
    1.859,
    0.0
  ],
  [
    1.874,
    0.0
  ],
  [
    1.884,
    0.0
  ],
  [
    1.918,
    0.0
  ],
  [
    1.932,
    0.0
  ],
  [
    1.944,
    0.0
  ],
  [
    1.96,
    0.0
  ],
  [
    1.991,
    0.0
  ],
  [
    2.0,
    0.0
  ],
  [
    2.029,
    0.0
  ],
  [
    2.041,
    0.0
  ],
  [
    2.055,
    0.0
  ],
  [
    2.082,
    0.0
  ],
  [
    2.091,
    0.0
  ],
  [
    2.122,
    0.0
  ],
  [
    2.13,
    0.0
  ],
  [
    2.157,
    0.0
  ],
  [
    2.169,
    0.0
  ],
  [
    2.197,
    0.0
  ],
  [
    2.208,
    0.0
  ],
  [
    2.222,
    0.0
  ],
  [
    2.252,
    0.0
  ],
  [
    2.274,
    0.0
  ],
  [
    2.284,
    0.0
  ],
  [
    2.312,
    0.0
  ],
  [
    2.33,
    0.0
  ],
  [
    2.339,
    0.0
  ],
  [
    2.366,
    0.0
  ],
  [
    2.376,
    0.0
  ],
  [
    2.404,
    0.0
  ],
  [
    2.414,
    0.0
  ],
  [
    2.431,
    0.0
  ],
  [
    2.462,
    0.0
  ],
  [
    2.47,
    0.0
  ],
  [
    2.501,
    0.0
  ],
  [
    2.506,
    0.0
  ],
  [
    2.538,
    0.0
  ],
  [
    2.549,
    0.0
  ],
  [
    2.564,
    0.0
  ],
  [
    2.595,
    0.0
  ],
  [
    2.603,
    0.0
  ],
  [
    2.617,
    0.0
  ],
  [
    2.646,
    0.0
  ],
  [
    2.663,
    0.0
  ],
  [
    2.691,
    0.0
  ],
  [
    2.7,
    0.0
  ],
  [
    2.713,
    0.0
  ],
  [
    2.746,
    0.0
  ],
  [
    2.752,
    0.0
  ],
  [
    2.782,
    0.0
  ],
  [
    2.79,
    0.0
  ],
  [
    2.819,
    0.0
  ],
  [
    2.827,
    0.0
  ],
  [
    2.857,
    0.0
  ],
  [
    2.868,
    0.0
  ],
  [
    2.897,
    0.0
  ],
  [
    2.906,
    0.0
  ],
  [
    2.928,
    0.0
  ],
  [
    2.941,
    0.0
  ],
  [
    2.972,
    0.0
  ],
  [
    2.981,
    0.0
  ],
  [
    2.996,
    0.0
  ],
  [
    3.025,
    0.0
  ],
  [
    3.035,
    0.0
  ],
  [
    3.051,
    0.0
  ],
  [
    3.079,
    0.0
  ],
  [
    3.088,
    0.0
  ],
  [
    3.101,
    0.0
  ],
  [
    3.133,
    0.0
  ],
  [
    3.144,
    0.0
  ],
  [
    3.157,
    0.0
  ],
  [
    3.182,
    0.0
  ],
  [
    3.191,
    0.0
  ],
  [
    3.218,
    0.0
  ],
  [
    3.231,
    0.0
  ],
  [
    3.244,
    0.0
  ],
  [
    3.259,
    0.0
  ],
  [
    3.288,
    0.0
  ],
  [
    3.299,
    0.0
  ],
  [
    3.314,
    0.0
  ],
  [
    3.345,
    0.0
  ],
  [
    3.353,
    0.0
  ],
  [
    3.381,
    0.0
  ],
  [
    3.39,
    0.0
  ],
  [
    3.418,
    0.0
  ],
  [
    3.428,
    0.0
  ],
  [
    3.445,
    0.0
  ],
  [
    3.476,
    0.0
  ],
  [
    3.485,
    0.0
  ],
  [
    3.516,
    0.0
  ],
  [
    3.526,
    0.0
  ],
  [
    3.557,
    0.0
  ],
  [
    3.567,
    0.0
  ],
  [
    3.596,
    0.0
  ],
  [
    3.603,
    0.0
  ],
  [
    3.634,
    0.0
  ],
  [
    3.642,
    0.0
  ],
  [
    3.657,
    0.0
  ],
  [
    3.688,
    0.0
  ],
  [
    3.701,
    0.0
  ],
  [
    3.714,
    0.0
  ],
  [
    3.729,
    0.0
  ],
  [
    3.755,
    0.0
  ],
  [
    3.765,
    0.0
  ],
  [
    3.796,
    0.0
  ],
  [
    3.805,
    0.0
  ],
  [
    3.836,
    0.0
  ],
  [
    3.847,
    0.0
  ],
  [
    3.862,
    0.0
  ],
  [
    3.877,
    0.0
  ],
  [
    3.909,
    0.0
  ],
  [
    3.919,
    0.0
  ],
  [
    3.95,
    0.0
  ],
  [
    3.962,
    0.0
  ],
  [
    3.975,
    0.0
  ],
  [
    4.006,
    0.0
  ],
  [
    4.014,
    0.0
  ],
  [
    4.045,
    0.0
  ],
  [
    4.055,
    0.0
  ],
  [
    4.07,
    0.0
  ],
  [
    4.1,
    0.0
  ],
  [
    4.111,
    0.0
  ],
  [
    4.123,
    0.0
  ],
  [
    4.15,
    0.0
  ],
  [
    4.169,
    0.0
  ],
  [
    4.18,
    0.0
  ],
  [
    4.196,
    0.0
  ],
  [
    4.216,
    0.0
  ],
  [
    4.23,
    0.0
  ],
  [
    4.258,
    0.0
  ],
  [
    4.271,
    0.0
  ],
  [
    4.288,
    0.0
  ],
  [
    4.303,
    0.0
  ],
  [
    4.32,
    0.0
  ],
  [
    4.338,
    0.0
  ],
  [
    4.355,
    0.0
  ],
  [
    4.369,
    0.0
  ],
  [
    4.401,
    0.0
  ],
  [
    4.413,
    0.0
  ],
  [
    4.428,
    0.0
  ],
  [
    4.443,
    0.0
  ],
  [
    4.473,
    0.0
  ],
  [
    4.484,
    0.0
  ],
  [
    4.498,
    0.0
  ],
  [
    4.533,
    0.0
  ],
  [
    4.542,
    0.0
  ],
  [
    4.562,
    0.0
  ],
  [
    4.572,
    0.0
  ],
  [
    4.606,
    0.0
  ],
  [
    4.616,
    0.0
  ],
  [
    4.631,
    0.0
  ],
  [
    4.658,
    0.0
  ],
  [
    4.669,
    0.0
  ],
  [
    4.7,
    0.0
  ],
  [
    4.707,
    0.0
  ],
  [
    4.726,
    0.0
  ],
  [
    4.75,
    0.0
  ],
  [
    4.761,
    0.0
  ],
  [
    4.776,
    0.0
  ],
  [
    4.804,
    0.0
  ],
  [
    4.812,
    0.0
  ],
  [
    4.827,
    0.0
  ],
  [
    4.853,
    0.0
  ],
  [
    4.864,
    0.0
  ],
  [
    4.878,
    0.0
  ],
  [
    4.909,
    0.0
  ],
  [
    4.919,
    0.0
  ],
  [
    4.939,
    0.0
  ],
  [
    4.952,
    0.0
  ],
  [
    4.967,
    0.0
  ],
  [
    4.982,
    0.0
  ],
  [
    4.999,
    0.0
  ],
  [
    5.014,
    0.0
  ],
  [
    5.045,
    0.0
  ],
  [
    5.055,
    0.0
  ],
  [
    5.087,
    0.0
  ],
  [
    5.095,
    0.0
  ],
  [
    5.126,
    0.0
  ],
  [
    5.138,
    0.0
  ],
  [
    5.167,
    0.0
  ],
  [
    5.177,
    0.0
  ],
  [
    5.203,
    0.0
  ],
  [
    5.214,
    0.0
  ],
  [
    5.245,
    0.0
  ],
  [
    5.255,
    0.0
  ],
  [
    5.283,
    0.0
  ],
  [
    5.292,
    0.0
  ],
  [
    5.322,
    0.0
  ],
  [
    5.334,
    0.0
  ],
  [
    5.347,
    0.0
  ],
  [
    5.379,
    0.0
  ],
  [
    5.388,
    0.0
  ],
  [
    5.405,
    0.0
  ],
  [
    5.431,
    0.0
  ],
  [
    5.442,
    0.0
  ],
  [
    5.457,
    0.0
  ],
  [
    5.484,
    0.0
  ],
  [
    5.496,
    0.0
  ],
  [
    5.506,
    0.0
  ],
  [
    5.535,
    0.0
  ],
  [
    5.547,
    0.0
  ],
  [
    5.56,
    0.0
  ],
  [
    5.589,
    0.0
  ],
  [
    5.598,
    0.0
  ],
  [
    5.613,
    0.0
  ],
  [
    5.644,
    0.0
  ],
  [
    5.655,
    0.0
  ],
  [
    5.67,
    0.0
  ],
  [
    5.7,
    0.0
  ],
  [
    5.71,
    0.0
  ],
  [
    5.739,
    0.0
  ],
  [
    5.748,
    0.0
  ],
  [
    5.777,
    0.0
  ],
  [
    5.788,
    0.0
  ],
  [
    5.805,
    0.0
  ],
  [
    5.817,
    0.0
  ],
  [
    5.845,
    0.0
  ],
  [
    5.855,
    0.0
  ],
  [
    5.867,
    0.0
  ],
  [
    5.896,
    0.0
  ],
  [
    5.905,
    0.0
  ],
  [
    5.92,
    0.0
  ],
  [
    5.949,
    0.0
  ],
  [
    5.961,
    0.0
  ],
  [
    5.989,
    0.0
  ],
  [
    6.0,
    0.0
  ],
  [
    6.028,
    0.0
  ],
  [
    6.039,
    0.0
  ],
  [
    6.068,
    0.0
  ],
  [
    6.08,
    0.0
  ],
  [
    6.111,
    0.0
  ],
  [
    6.12,
    0.0
  ],
  [
    6.136,
    0.0
  ],
  [
    6.164,
    0.0
  ],
  [
    6.172,
    0.0
  ],
  [
    6.187,
    0.0
  ],
  [
    6.214,
    0.0
  ],
  [
    6.222,
    0.0
  ],
  [
    6.238,
    0.0
  ],
  [
    6.254,
    0.0
  ],
  [
    6.284,
    0.0
  ],
  [
    6.294,
    0.0
  ],
  [
    6.324,
    0.0
  ],
  [
    6.336,
    0.0
  ],
  [
    6.365,
    0.0
  ],
  [
    6.372,
    0.0
  ],
  [
    6.4,
    0.0
  ],
  [
    6.411,
    0.0
  ],
  [
    6.441,
    0.0
  ],
  [
    6.451,
    0.0
  ],
  [
    6.477,
    0.0
  ],
  [
    6.493,
    0.0
  ],
  [
    6.503,
    0.0
  ],
  [
    6.528,
    0.0
  ],
  [
    6.542,
    0.0
  ],
  [
    6.568,
    0.0
  ],
  [
    6.581,
    0.0
  ],
  [
    6.609,
    0.0
  ],
  [
    6.618,
    0.0
  ],
  [
    6.648,
    0.0
  ],
  [
    6.66,
    0.0
  ],
  [
    6.672,
    0.0
  ],
  [
    6.686,
    0.0
  ],
  [
    6.729,
    0.0
  ],
  [
    6.745,
    0.0
  ],
  [
    6.764,
    0.0
  ],
  [
    6.779,
    0.0
  ],
  [
    6.794,
    0.0
  ],
  [
    6.817,
    0.0
  ],
  [
    6.831,
    0.0
  ],
  [
    6.842,
    0.0
  ],
  [
    6.861,
    0.0
  ],
  [
    6.879,
    0.0
  ],
  [
    6.896,
    0.0
  ],
  [
    6.916,
    0.0
  ],
  [
    6.933,
    0.0
  ],
  [
    6.942,
    0.0
  ],
  [
    6.97,
    0.0
  ],
  [
    6.978,
    0.0
  ],
  [
    7.004,
    0.0
  ],
  [
    7.015,
    0.0
  ],
  [
    7.03,
    0.0
  ],
  [
    7.056,
    0.0
  ],
  [
    7.067,
    0.0
  ],
  [
    7.082,
    0.0
  ],
  [
    7.111,
    0.0
  ],
  [
    7.12,
    0.0
  ],
  [
    7.151,
    0.0
  ],
  [
    7.158,
    0.0
  ],
  [
    7.19,
    0.0
  ],
  [
    7.199,
    0.0
  ],
  [
    7.225,
    0.0
  ],
  [
    7.235,
    0.0
  ],
  [
    7.262,
    0.0
  ],
  [
    7.272,
    0.0
  ],
  [
    7.301,
    0.0
  ],
  [
    7.322,
    0.0
  ],
  [
    7.337,
    0.0
  ],
  [
    7.354,
    0.0
  ],
  [
    7.366,
    0.0
  ],
  [
    7.392,
    0.0
  ],
  [
    7.401,
    0.0
  ],
  [
    7.428,
    0.0
  ],
  [
    7.436,
    0.0
  ],
  [
    7.466,
    0.0
  ],
  [
    7.474,
    0.0
  ],
  [
    7.504,
    0.0
  ],
  [
    7.528,
    0.0
  ],
  [
    7.538,
    0.0
  ],
  [
    7.556,
    0.0
  ],
  [
    7.57,
    0.0
  ],
  [
    7.587,
    0.0
  ],
  [
    7.604,
    0.0
  ],
  [
    7.622,
    0.0
  ],
  [
    7.639,
    0.0
  ],
  [
    7.655,
    0.0
  ],
  [
    7.669,
    0.0
  ],
  [
    7.697,
    0.0
  ],
  [
    7.707,
    0.0
  ],
  [
    7.725,
    0.0
  ],
  [
    7.748,
    0.0
  ],
  [
    7.758,
    0.0
  ],
  [
    7.782,
    0.0
  ],
  [
    7.792,
    0.0
  ],
  [
    7.818,
    0.0
  ],
  [
    7.828,
    0.0
  ],
  [
    7.854,
    0.0
  ],
  [
    7.866,
    0.0
  ],
  [
    7.895,
    0.0
  ],
  [
    7.905,
    0.0
  ],
  [
    7.92,
    0.0
  ],
  [
    7.949,
    0.0
  ],
  [
    7.96,
    0.0
  ],
  [
    7.99,
    0.0
  ],
  [
    7.999,
    0.0
  ],
  [
    8.026,
    0.0
  ],
  [
    8.035,
    0.0
  ],
  [
    8.05,
    0.0
  ],
  [
    8.077,
    0.0
  ],
  [
    8.089,
    0.0
  ],
  [
    8.122,
    0.0
  ],
  [
    8.128,
    0.0
  ],
  [
    8.154,
    0.0
  ],
  [
    8.164,
    0.0
  ],
  [
    8.194,
    0.0
  ],
  [
    8.202,
    0.0
  ],
  [
    8.232,
    0.0
  ],
  [
    8.24,
    0.0
  ],
  [
    8.27,
    0.0
  ],
  [
    8.282,
    0.0
  ],
  [
    8.304,
    0.0
  ],
  [
    8.326,
    0.0
  ],
  [
    8.337,
    0.0
  ],
  [
    8.348,
    0.0
  ],
  [
    8.376,
    0.0
  ],
  [
    8.385,
    0.0
  ],
  [
    8.399,
    0.0
  ],
  [
    8.428,
    0.0
  ],
  [
    8.436,
    0.0
  ],
  [
    8.464,
    0.0
  ],
  [
    8.476,
    0.0
  ],
  [
    8.509,
    0.0
  ],
  [
    8.52,
    0.0
  ],
  [
    8.55,
    0.0
  ],
  [
    8.56,
    0.0
  ],
  [
    8.573,
    0.0
  ],
  [
    8.601,
    0.0
  ],
  [
    8.612,
    0.0
  ],
  [
    8.623,
    0.0
  ],
  [
    8.648,
    0.0
  ],
  [
    8.657,
    0.0
  ],
  [
    8.683,
    0.0
  ],
  [
    8.693,
    0.0
  ],
  [
    8.708,
    0.0
  ],
  [
    8.732,
    0.0
  ],
  [
    8.741,
    0.0
  ],
  [
    8.77,
    0.0
  ],
  [
    8.779,
    0.0
  ],
  [
    8.805,
    0.0
  ],
  [
    8.816,
    0.0
  ],
  [
    8.843,
    0.0
  ],
  [
    8.85,
    0.0
  ],
  [
    8.875,
    0.0
  ],
  [
    8.885,
    0.0
  ],
  [
    8.915,
    0.0
  ],
  [
    8.927,
    0.0
  ],
  [
    8.94,
    0.0
  ],
  [
    8.977,
    0.0
  ],
  [
    8.99,
    0.0
  ],
  [
    9.007,
    0.0
  ],
  [
    9.024,
    0.0
  ],
  [
    9.04,
    0.0
  ],
  [
    9.056,
    0.0
  ],
  [
    9.069,
    0.0
  ],
  [
    9.095,
    0.0
  ],
  [
    9.103,
    0.0
  ],
  [
    9.132,
    0.0
  ],
  [
    9.142,
    0.0
  ],
  [
    9.168,
    0.0
  ],
  [
    9.174,
    0.0
  ],
  [
    9.201,
    0.0
  ],
  [
    9.211,
    0.0
  ],
  [
    9.238,
    0.0
  ],
  [
    9.246,
    0.0
  ],
  [
    9.259,
    0.0
  ],
  [
    9.281,
    0.0
  ],
  [
    9.296,
    0.0
  ],
  [
    9.331,
    0.0
  ],
  [
    9.339,
    0.0
  ],
  [
    9.367,
    0.0
  ],
  [
    9.376,
    0.0
  ],
  [
    9.406,
    0.0
  ],
  [
    9.416,
    0.0
  ],
  [
    9.43,
    0.0
  ],
  [
    9.444,
    0.0
  ],
  [
    9.467,
    0.0
  ],
  [
    9.494,
    0.0
  ],
  [
    9.504,
    0.0
  ],
  [
    9.53,
    0.0
  ],
  [
    9.541,
    0.0
  ],
  [
    9.567,
    0.0
  ],
  [
    9.575,
    0.0
  ],
  [
    9.603,
    0.0
  ],
  [
    9.613,
    0.0
  ],
  [
    9.641,
    0.0
  ],
  [
    9.649,
    0.0
  ],
  [
    9.666,
    0.0
  ],
  [
    9.692,
    0.0
  ],
  [
    9.704,
    0.0
  ],
  [
    9.719,
    0.0
  ],
  [
    9.743,
    0.0
  ],
  [
    9.751,
    0.0
  ],
  [
    9.777,
    0.0
  ],
  [
    9.788,
    0.0
  ],
  [
    9.813,
    0.0
  ],
  [
    9.825,
    0.0
  ],
  [
    9.837,
    0.0
  ],
  [
    9.865,
    0.0
  ],
  [
    9.877,
    0.0
  ],
  [
    9.886,
    0.0
  ],
  [
    9.914,
    0.0
  ],
  [
    9.932,
    0.0
  ],
  [
    9.942,
    0.0
  ],
  [
    9.971,
    0.0
  ],
  [
    9.979,
    0.0
  ],
  [
    10.009,
    0.0
  ],
  [
    10.018,
    0.0
  ],
  [
    10.031,
    0.0
  ],
  [
    10.055,
    0.0
  ],
  [
    10.068,
    0.0
  ],
  [
    10.083,
    0.0
  ],
  [
    10.108,
    0.0
  ],
  [
    10.115,
    0.0
  ],
  [
    10.146,
    0.0
  ],
  [
    10.155,
    0.0
  ],
  [
    10.181,
    0.0
  ],
  [
    10.193,
    0.0
  ],
  [
    10.22,
    0.0
  ],
  [
    10.229,
    0.0
  ],
  [
    10.256,
    0.0
  ],
  [
    10.268,
    0.0
  ],
  [
    10.297,
    0.0
  ],
  [
    10.309,
    0.0
  ],
  [
    10.32,
    0.0
  ],
  [
    10.336,
    0.0
  ],
  [
    10.355,
    0.0
  ],
  [
    10.384,
    0.0
  ],
  [
    10.397,
    0.0
  ],
  [
    10.407,
    0.0
  ],
  [
    10.431,
    0.0
  ],
  [
    10.442,
    0.0
  ],
  [
    10.471,
    0.0
  ],
  [
    10.481,
    0.0
  ],
  [
    10.509,
    0.0
  ],
  [
    10.519,
    0.0
  ],
  [
    10.545,
    0.0
  ],
  [
    10.557,
    0.0
  ],
  [
    10.566,
    0.0
  ],
  [
    10.592,
    0.0
  ],
  [
    10.603,
    0.0
  ],
  [
    10.626,
    0.0
  ],
  [
    10.638,
    0.0
  ],
  [
    10.668,
    0.0
  ],
  [
    10.677,
    0.0
  ],
  [
    10.706,
    0.0
  ],
  [
    10.715,
    0.0
  ],
  [
    10.74,
    0.0
  ],
  [
    10.75,
    0.0
  ],
  [
    10.776,
    0.0
  ],
  [
    10.783,
    0.0
  ],
  [
    10.812,
    0.0
  ],
  [
    10.821,
    0.0
  ],
  [
    10.863,
    0.0
  ],
  [
    10.871,
    0.0
  ],
  [
    10.899,
    -2.3049
  ],
  [
    10.908,
    -3.2877
  ],
  [
    10.938,
    -5.6018
  ],
  [
    10.947,
    -6.6512
  ],
  [
    10.961,
    -7.8027
  ],
  [
    10.988,
    -10.0147
  ],
  [
    11.006,
    -11.8397
  ],
  [
    11.018,
    -12.8585
  ],
  [
    11.033,
    -13.9126
  ],
  [
    11.048,
    -15.1874
  ],
  [
    11.075,
    -17.8412
  ],
  [
    11.082,
    -18.7002
  ],
  [
    11.11,
    -20.6914
  ],
  [
    11.116,
    -21.6233
  ],
  [
    11.131,
    -22.5813
  ],
  [
    11.161,
    -25.1821
  ],
  [
    11.169,
    -26.2004
  ],
  [
    11.194,
    -28.4497
  ],
  [
    11.207,
    -29.3717
  ],
  [
    11.226,
    -31.2539
  ],
  [
    11.253,
    -33.1442
  ],
  [
    11.261,
    -34.3692
  ],
  [
    11.287,
    -34.9299
  ],
  [
    11.296,
    -34.9134
  ],
  [
    11.31,
    -34.9178
  ],
  [
    11.337,
    -34.8785
  ],
  [
    11.348,
    -34.8786
  ],
  [
    11.362,
    -34.8815
  ],
  [
    11.385,
    -34.8356
  ],
  [
    11.407,
    -34.8177
  ],
  [
    11.416,
    -34.7943
  ],
  [
    11.443,
    -34.7943
  ],
  [
    11.453,
    -34.7958
  ],
  [
    11.467,
    -34.7948
  ],
  [
    11.489,
    -34.7978
  ],
  [
    11.502,
    -34.7871
  ],
  [
    11.531,
    -34.7824
  ],
  [
    11.539,
    -34.7788
  ],
  [
    11.569,
    -34.7494
  ],
  [
    11.58,
    -34.7543
  ],
  [
    11.594,
    -34.7574
  ],
  [
    11.621,
    -34.7555
  ],
  [
    11.628,
    -34.7584
  ],
  [
    11.659,
    -34.7297
  ],
  [
    11.669,
    -34.7308
  ],
  [
    11.695,
    -34.7315
  ],
  [
    11.708,
    -34.7284
  ],
  [
    11.718,
    -34.7008
  ],
  [
    11.746,
    -34.6695
  ],
  [
    11.755,
    -34.6703
  ],
  [
    11.782,
    -34.6651
  ],
  [
    11.789,
    -34.6656
  ],
  [
    11.818,
    -34.6349
  ],
  [
    11.828,
    -34.6267
  ],
  [
    11.856,
    -34.6295
  ],
  [
    11.869,
    -34.6284
  ],
  [
    11.881,
    -34.6288
  ],
  [
    11.894,
    -34.6311
  ],
  [
    11.92,
    -34.6303
  ],
  [
    11.929,
    -34.6298
  ],
  [
    11.956,
    -34.6067
  ],
  [
    11.969,
    -34.6066
  ],
  [
    11.997,
    -34.6019
  ],
  [
    12.007,
    -34.5764
  ],
  [
    12.022,
    -34.5756
  ],
  [
    12.048,
    -34.5809
  ],
  [
    12.057,
    -34.5828
  ],
  [
    12.085,
    -34.5439
  ],
  [
    12.094,
    -34.5439
  ],
  [
    12.123,
    -34.5322
  ],
  [
    12.136,
    -34.5347
  ],
  [
    12.149,
    -34.5372
  ],
  [
    12.166,
    -34.541
  ],
  [
    12.197,
    -34.5479
  ],
  [
    12.203,
    -34.5469
  ],
  [
    12.226,
    -34.5308
  ],
  [
    12.253,
    -34.5229
  ],
  [
    12.264,
    -34.4698
  ],
  [
    12.276,
    -34.4662
  ],
  [
    12.304,
    -34.469
  ],
  [
    12.315,
    -34.4734
  ],
  [
    12.34,
    -34.4549
  ],
  [
    12.349,
    -34.4437
  ],
  [
    12.379,
    -34.4332
  ],
  [
    12.388,
    -34.4358
  ],
  [
    12.416,
    -34.4373
  ],
  [
    12.429,
    -34.4401
  ],
  [
    12.454,
    -34.4504
  ],
  [
    12.461,
    -34.4374
  ],
  [
    12.491,
    -34.4115
  ],
  [
    12.499,
    -34.4121
  ],
  [
    12.521,
    -34.4119
  ],
  [
    12.534,
    -34.4095
  ],
  [
    12.563,
    -34.4139
  ],
  [
    12.573,
    -34.4133
  ],
  [
    12.588,
    -34.411
  ],
  [
    12.614,
    -34.4156
  ],
  [
    12.62,
    -34.4146
  ],
  [
    12.645,
    -34.3867
  ],
  [
    12.659,
    -34.3791
  ],
  [
    12.671,
    -34.3794
  ],
  [
    12.687,
    -34.381
  ],
  [
    12.724,
    -34.3883
  ],
  [
    12.733,
    -34.3943
  ],
  [
    12.749,
    -34.3985
  ],
  [
    12.767,
    -34.3988
  ],
  [
    12.782,
    -34.407
  ],
  [
    12.798,
    -34.4126
  ],
  [
    12.832,
    -34.4213
  ],
  [
    12.851,
    -34.4243
  ],
  [
    12.865,
    -34.4278
  ],
  [
    12.885,
    -34.4332
  ],
  [
    12.908,
    -34.4378
  ],
  [
    12.935,
    -34.4419
  ],
  [
    12.946,
    -34.449
  ],
  [
    12.958,
    -34.4516
  ],
  [
    12.992,
    -34.4161
  ],
  [
    13.003,
    -34.4007
  ],
  [
    13.032,
    -34.389
  ],
  [
    13.045,
    -34.3948
  ],
  [
    13.067,
    -34.3988
  ],
  [
    13.087,
    -34.4024
  ],
  [
    13.107,
    -34.402
  ],
  [
    13.124,
    -34.3871
  ],
  [
    13.149,
    -34.3547
  ],
  [
    13.167,
    -34.3372
  ],
  [
    13.186,
    -34.3468
  ],
  [
    13.203,
    -34.354
  ],
  [
    13.222,
    -34.3622
  ],
  [
    13.246,
    -34.3699
  ],
  [
    13.261,
    -34.3724
  ],
  [
    13.28,
    -34.3715
  ],
  [
    13.302,
    -34.3795
  ],
  [
    13.328,
    -34.3803
  ],
  [
    13.342,
    -34.3748
  ],
  [
    13.374,
    -34.3735
  ],
  [
    13.386,
    -34.3789
  ],
  [
    13.403,
    -34.3841
  ],
  [
    13.42,
    -34.39
  ],
  [
    13.435,
    -34.3956
  ],
  [
    13.451,
    -34.3979
  ],
  [
    13.471,
    -34.3966
  ],
  [
    13.484,
    -34.3997
  ],
  [
    13.5,
    -34.4001
  ],
  [
    13.517,
    -34.3923
  ],
  [
    13.537,
    -34.3943
  ],
  [
    13.554,
    -34.3982
  ],
  [
    13.575,
    -34.403
  ],
  [
    13.605,
    -34.4002
  ],
  [
    13.616,
    -34.3904
  ],
  [
    13.632,
    -34.3896
  ],
  [
    13.651,
    -34.394
  ],
  [
    13.669,
    -34.3952
  ],
  [
    13.685,
    -34.3997
  ],
  [
    13.708,
    -34.4045
  ],
  [
    13.739,
    -34.4026
  ],
  [
    13.751,
    -34.397
  ],
  [
    13.767,
    -34.3974
  ],
  [
    13.785,
    -34.4011
  ],
  [
    13.807,
    -34.4032
  ],
  [
    13.828,
    -34.3998
  ],
  [
    13.848,
    -34.381
  ],
  [
    13.862,
    -34.3667
  ],
  [
    13.879,
    -34.3594
  ],
  [
    13.899,
    -34.3598
  ],
  [
    13.919,
    -34.3662
  ],
  [
    13.945,
    -34.373
  ],
  [
    13.966,
    -34.372
  ],
  [
    13.98,
    -34.3632
  ],
  [
    14.0,
    -34.3591
  ],
  [
    14.019,
    -34.3525
  ],
  [
    14.039,
    -34.3455
  ],
  [
    14.055,
    -34.3526
  ],
  [
    14.073,
    -34.3565
  ],
  [
    14.093,
    -34.3548
  ],
  [
    14.113,
    -34.3608
  ],
  [
    14.133,
    -34.3583
  ],
  [
    14.157,
    -34.3424
  ],
  [
    14.171,
    -34.3371
  ],
  [
    14.193,
    -34.3376
  ],
  [
    14.216,
    -34.3248
  ],
  [
    14.237,
    -34.3175
  ],
  [
    14.252,
    -34.3174
  ],
  [
    14.269,
    -34.3273
  ],
  [
    14.294,
    -34.3354
  ],
  [
    14.311,
    -34.3417
  ],
  [
    14.332,
    -34.3405
  ],
  [
    14.352,
    -34.3368
  ],
  [
    14.369,
    -34.3424
  ],
  [
    14.383,
    -34.3421
  ],
  [
    14.4,
    -34.3421
  ],
  [
    14.426,
    -34.339
  ],
  [
    14.446,
    -34.3455
  ],
  [
    14.462,
    -34.3519
  ],
  [
    14.482,
    -34.3579
  ],
  [
    14.504,
    -34.3613
  ],
  [
    14.527,
    -34.3594
  ],
  [
    14.547,
    -34.3545
  ],
  [
    14.559,
    -34.3466
  ],
  [
    14.572,
    -34.3381
  ],
  [
    14.588,
    -34.3355
  ],
  [
    14.615,
    -34.3349
  ],
  [
    14.622,
    -34.3216
  ],
  [
    14.65,
    -34.3052
  ],
  [
    14.66,
    -34.294
  ],
  [
    14.687,
    -34.2707
  ],
  [
    14.698,
    -34.259
  ],
  [
    14.725,
    -34.2478
  ],
  [
    14.733,
    -34.2397
  ],
  [
    14.76,
    -34.2197
  ],
  [
    14.767,
    -34.211
  ],
  [
    14.809,
    0.0
  ],
  [
    14.821,
    -1.0921
  ],
  [
    14.835,
    -2.3813
  ],
  [
    14.862,
    -4.8326
  ],
  [
    14.869,
    -5.8448
  ],
  [
    14.895,
    -7.9528
  ],
  [
    14.907,
    -8.951
  ],
  [
    14.932,
    -11.1063
  ],
  [
    14.942,
    -11.9793
  ],
  [
    14.957,
    -13.1865
  ],
  [
    14.983,
    -15.6116
  ],
  [
    14.999,
    -16.6225
  ],
  [
    15.009,
    -17.8928
  ],
  [
    15.039,
    -20.311
  ],
  [
    15.047,
    -21.406
  ],
  [
    15.074,
    -23.5308
  ],
  [
    15.084,
    -24.5266
  ],
  [
    15.099,
    -25.5443
  ],
  [
    15.129,
    -28.0664
  ],
  [
    15.137,
    -29.1536
  ],
  [
    15.166,
    -31.4904
  ],
  [
    15.175,
    -32.4505
  ],
  [
    15.203,
    -34.6889
  ],
  [
    15.217,
    -35.0
  ],
  [
    15.226,
    -35.0
  ],
  [
    15.254,
    -35.0
  ],
  [
    15.262,
    -35.0
  ],
  [
    15.29,
    -35.0
  ],
  [
    15.298,
    -35.0
  ],
  [
    15.311,
    -35.0
  ],
  [
    15.341,
    -35.0
  ],
  [
    15.35,
    -35.0
  ],
  [
    15.379,
    -35.0
  ],
  [
    15.388,
    -35.0
  ],
  [
    15.401,
    -35.0
  ],
  [
    15.419,
    -35.0
  ],
  [
    15.446,
    -35.0
  ],
  [
    15.455,
    -35.0
  ],
  [
    15.484,
    -35.0
  ],
  [
    15.491,
    -35.0
  ],
  [
    15.505,
    -35.0
  ],
  [
    15.531,
    -35.0
  ],
  [
    15.542,
    -35.0
  ],
  [
    15.557,
    -35.0
  ],
  [
    15.588,
    -35.0
  ],
  [
    15.6,
    -35.0
  ],
  [
    15.619,
    -35.0
  ],
  [
    15.641,
    -35.0
  ],
  [
    15.662,
    -35.0
  ],
  [
    15.681,
    -35.0
  ],
  [
    15.7,
    -35.0
  ],
  [
    15.714,
    -35.0
  ],
  [
    15.73,
    -35.0
  ],
  [
    15.756,
    -35.0
  ],
  [
    15.767,
    -35.0
  ],
  [
    15.791,
    -35.0
  ],
  [
    15.8,
    -35.0
  ],
  [
    15.827,
    -35.0
  ],
  [
    15.835,
    -33.25
  ],
  [
    15.862,
    -31.5
  ],
  [
    15.87,
    -29.75
  ],
  [
    15.891,
    -28.0
  ],
  [
    15.918,
    -26.25
  ],
  [
    15.929,
    -24.5
  ],
  [
    15.968,
    -22.75
  ],
  [
    15.978,
    -21.0
  ],
  [
    16.002,
    -19.25
  ],
  [
    16.019,
    -17.5
  ],
  [
    16.03,
    -15.75
  ],
  [
    16.058,
    -14.0
  ],
  [
    16.068,
    -12.25
  ],
  [
    16.096,
    -10.5
  ],
  [
    16.108,
    -8.7625
  ],
  [
    16.136,
    -7.0
  ],
  [
    16.146,
    -5.25
  ],
  [
    16.172,
    -3.5
  ],
  [
    16.181,
    -1.75
  ],
  [
    16.197,
    0.0
  ],
  [
    16.226,
    2.3442
  ],
  [
    16.235,
    3.4479
  ],
  [
    16.264,
    5.6026
  ],
  [
    16.273,
    6.4814
  ],
  [
    16.288,
    7.4211
  ],
  [
    16.316,
    9.5053
  ],
  [
    16.336,
    10.346
  ],
  [
    16.344,
    11.7776
  ],
  [
    16.371,
    13.36
  ],
  [
    16.377,
    14.1613
  ],
  [
    16.407,
    15.6753
  ],
  [
    16.413,
    16.4272
  ],
  [
    16.429,
    17.0567
  ],
  [
    16.453,
    18.7288
  ],
  [
    16.462,
    19.4137
  ],
  [
    16.49,
    20.8035
  ],
  [
    16.502,
    21.5655
  ],
  [
    16.528,
    22.9906
  ],
  [
    16.537,
    23.4692
  ],
  [
    16.565,
    25.0545
  ],
  [
    16.573,
    25.6949
  ],
  [
    16.598,
    26.7021
  ],
  [
    16.608,
    26.6995
  ],
  [
    16.623,
    26.7018
  ],
  [
    16.651,
    26.701
  ],
  [
    16.662,
    26.7014
  ],
  [
    16.676,
    26.7018
  ],
  [
    16.707,
    26.6899
  ],
  [
    16.738,
    26.6898
  ],
  [
    16.752,
    26.6557
  ],
  [
    16.765,
    26.6514
  ],
  [
    16.781,
    26.6517
  ],
  [
    16.797,
    26.6572
  ],
  [
    16.815,
    26.6578
  ],
  [
    16.838,
    26.6596
  ],
  [
    16.86,
    26.6417
  ],
  [
    16.886,
    26.6337
  ],
  [
    16.908,
    26.6352
  ],
  [
    16.92,
    26.6341
  ],
  [
    16.941,
    26.6306
  ],
  [
    16.959,
    26.6264
  ],
  [
    16.972,
    26.6154
  ],
  [
    16.985,
    26.5891
  ],
  [
    17.001,
    26.574
  ],
  [
    17.017,
    26.5835
  ],
  [
    17.039,
    26.5889
  ],
  [
    17.06,
    26.5849
  ],
  [
    17.075,
    26.5859
  ],
  [
    17.097,
    26.5841
  ],
  [
    17.121,
    26.5853
  ],
  [
    17.136,
    26.5814
  ],
  [
    17.164,
    26.5834
  ],
  [
    17.173,
    26.584
  ],
  [
    17.195,
    26.5808
  ],
  [
    17.218,
    26.5482
  ],
  [
    17.248,
    26.5199
  ],
  [
    17.262,
    26.5003
  ],
  [
    17.29,
    26.4827
  ],
  [
    17.311,
    26.4722
  ],
  [
    17.35,
    26.4824
  ],
  [
    17.358,
    26.4859
  ],
  [
    17.374,
    26.4888
  ],
  [
    17.388,
    26.4906
  ],
  [
    17.414,
    26.4937
  ],
  [
    17.422,
    26.4897
  ],
  [
    17.454,
    26.4738
  ],
  [
    17.462,
    26.476
  ],
  [
    17.478,
    26.4765
  ],
  [
    17.499,
    26.4755
  ],
  [
    17.526,
    26.4446
  ],
  [
    17.534,
    26.4428
  ],
  [
    17.565,
    26.4413
  ],
  [
    17.576,
    26.4443
  ],
  [
    17.596,
    26.4466
  ],
  [
    17.608,
    26.4508
  ],
  [
    17.636,
    26.4387
  ],
  [
    17.644,
    26.4307
  ],
  [
    17.658,
    26.4157
  ],
  [
    17.685,
    26.4147
  ],
  [
    17.696,
    26.4124
  ],
  [
    17.723,
    26.41
  ],
  [
    17.732,
    26.4092
  ],
  [
    17.746,
    26.4049
  ],
  [
    17.777,
    26.4077
  ],
  [
    17.783,
    26.4084
  ],
  [
    17.813,
    26.3973
  ],
  [
    17.822,
    26.3968
  ],
  [
    17.849,
    26.3941
  ],
  [
    17.858,
    26.3904
  ],
  [
    17.873,
    26.3858
  ],
  [
    17.904,
    26.3883
  ],
  [
    17.912,
    26.3859
  ],
  [
    17.941,
    26.3849
  ],
  [
    17.959,
    26.3827
  ],
  [
    17.968,
    26.3776
  ],
  [
    17.981,
    26.3825
  ],
  [
    18.01,
    26.3818
  ],
  [
    18.016,
    26.3836
  ],
  [
    18.042,
    26.365
  ],
  [
    18.053,
    26.3587
  ],
  [
    18.08,
    26.3603
  ],
  [
    18.088,
    26.3572
  ],
  [
    18.102,
    26.3502
  ],
  [
    18.129,
    26.3473
  ],
  [
    18.148,
    26.3436
  ],
  [
    18.16,
    26.3428
  ],
  [
    18.185,
    26.3393
  ],
  [
    18.193,
    26.3364
  ],
  [
    18.222,
    26.3237
  ],
  [
    18.237,
    26.3244
  ],
  [
    18.247,
    26.324
  ],
  [
    18.261,
    26.3283
  ],
  [
    18.288,
    26.3298
  ],
  [
    18.3,
    26.327
  ],
  [
    18.328,
    26.3281
  ],
  [
    18.337,
    26.3271
  ],
  [
    18.352,
    26.3234
  ],
  [
    18.367,
    26.3233
  ],
  [
    18.397,
    26.3278
  ],
  [
    18.408,
    26.3263
  ],
  [
    18.436,
    26.3292
  ],
  [
    18.445,
    26.3262
  ],
  [
    18.46,
    26.3203
  ],
  [
    18.489,
    26.3207
  ],
  [
    18.496,
    26.3148
  ],
  [
    18.523,
    26.3083
  ],
  [
    18.535,
    26.3057
  ],
  [
    18.563,
    26.3058
  ],
  [
    18.572,
    26.305
  ],
  [
    18.587,
    26.3031
  ],
  [
    18.615,
    26.3049
  ],
  [
    18.628,
    26.3038
  ],
  [
    18.637,
    26.2997
  ],
  [
    18.667,
    26.2978
  ],
  [
    18.677,
    26.2986
  ],
  [
    18.704,
    26.2951
  ],
  [
    18.726,
    26.2922
  ],
  [
    18.737,
    26.2972
  ],
  [
    18.768,
    26.2979
  ],
  [
    18.777,
    26.2988
  ],
  [
    18.799,
    26.2959
  ],
  [
    18.811,
    26.2946
  ],
  [
    18.826,
    26.2955
  ],
  [
    18.854,
    26.2984
  ],
  [
    18.865,
    26.3006
  ],
  [
    18.892,
    26.3018
  ],
  [
    18.9,
    26.2964
  ],
  [
    18.928,
    26.2887
  ],
  [
    18.938,
    26.2859
  ],
  [
    18.95,
    26.284
  ],
  [
    18.982,
    26.2877
  ],
  [
    18.991,
    26.2835
  ],
  [
    19.018,
    26.2764
  ],
  [
    19.028,
    26.2743
  ],
  [
    19.057,
    26.2698
  ],
  [
    19.068,
    26.2703
  ],
  [
    19.083,
    26.2718
  ],
  [
    19.109,
    26.2752
  ],
  [
    19.118,
    26.2731
  ],
  [
    19.146,
    26.2705
  ],
  [
    19.151,
    26.2713
  ],
  [
    19.182,
    26.2811
  ],
  [
    19.19,
    26.2864
  ],
  [
    19.216,
    26.2912
  ],
  [
    19.23,
    26.2959
  ],
  [
    19.241,
    26.2977
  ],
  [
    19.256,
    26.3033
  ],
  [
    19.282,
    26.3182
  ],
  [
    19.292,
    26.3241
  ],
  [
    19.328,
    26.3307
  ],
  [
    19.335,
    26.3396
  ],
  [
    19.361,
    26.3507
  ],
  [
    19.372,
    26.3545
  ],
  [
    19.386,
    26.36
  ],
  [
    19.413,
    26.3776
  ],
  [
    19.421,
    26.384
  ],
  [
    19.435,
    26.3877
  ],
  [
    19.462,
    26.4019
  ],
  [
    19.474,
    26.4086
  ],
  [
    19.49,
    26.4136
  ],
  [
    19.516,
    26.4304
  ],
  [
    19.529,
    26.4364
  ],
  [
    19.54,
    26.4422
  ],
  [
    19.567,
    26.4565
  ],
  [
    19.578,
    26.4628
  ],
  [
    19.605,
    26.4751
  ],
  [
    19.616,
    26.4812
  ],
  [
    19.644,
    26.4939
  ],
  [
    19.654,
    26.5
  ],
  [
    19.668,
    26.5053
  ],
  [
    19.699,
    26.5173
  ],
  [
    19.71,
    26.5232
  ],
  [
    19.728,
    26.529
  ],
  [
    19.758,
    26.5407
  ],
  [
    19.773,
    26.5455
  ],
  [
    19.785,
    26.5506
  ],
  [
    19.801,
    26.5564
  ],
  [
    19.827,
    26.5662
  ],
  [
    19.836,
    26.5704
  ],
  [
    19.85,
    26.5747
  ],
  [
    19.864,
    26.5791
  ],
  [
    19.891,
    26.5882
  ],
  [
    19.9,
    26.5923
  ],
  [
    19.932,
    23.9697
  ],
  [
    19.94,
    22.4471
  ],
  [
    19.966,
    19.7469
  ],
  [
    19.98,
    18.0774
  ],
  [
    19.993,
    16.1
  ],
  [
    20.008,
    14.3236
  ],
  [
    20.034,
    10.5016
  ],
  [
    20.043,
    9.1325
  ],
  [
    20.071,
    5.3255
  ],
  [
    20.082,
    3.5401
  ],
  [
    20.099,
    1.0989
  ],
  [
    20.111,
    0.0
  ],
  [
    20.14,
    0.0
  ],
  [
    20.151,
    0.0
  ],
  [
    20.162,
    0.0
  ],
  [
    20.189,
    0.0
  ],
  [
    20.201,
    0.0
  ],
  [
    20.226,
    0.0
  ],
  [
    20.238,
    0.0
  ],
  [
    20.251,
    0.0
  ],
  [
    20.28,
    0.0
  ],
  [
    20.29,
    0.0
  ],
  [
    20.304,
    0.0
  ],
  [
    20.333,
    0.0
  ],
  [
    20.342,
    0.0
  ],
  [
    20.354,
    0.0
  ],
  [
    20.381,
    0.0
  ],
  [
    20.391,
    0.0
  ],
  [
    20.407,
    0.0
  ],
  [
    20.431,
    0.0
  ],
  [
    20.44,
    0.0
  ],
  [
    20.461,
    0.0
  ],
  [
    20.475,
    0.0
  ],
  [
    20.501,
    0.0
  ],
  [
    20.512,
    0.0
  ],
  [
    20.526,
    0.0
  ],
  [
    20.555,
    0.0
  ],
  [
    20.564,
    0.0
  ],
  [
    20.593,
    0.0
  ],
  [
    20.603,
    0.0
  ],
  [
    20.628,
    0.0
  ],
  [
    20.636,
    0.0
  ],
  [
    20.65,
    0.0
  ],
  [
    20.681,
    0.0
  ],
  [
    20.69,
    0.0
  ],
  [
    20.705,
    0.0
  ],
  [
    20.733,
    0.0
  ],
  [
    20.743,
    0.0
  ],
  [
    20.758,
    0.0
  ],
  [
    20.789,
    0.0
  ],
  [
    20.798,
    0.0
  ],
  [
    20.827,
    0.0
  ],
  [
    20.838,
    0.0
  ],
  [
    20.852,
    0.0
  ],
  [
    20.879,
    0.0
  ],
  [
    20.888,
    0.0
  ],
  [
    20.914,
    0.0
  ],
  [
    20.924,
    0.0
  ],
  [
    20.936,
    0.0
  ],
  [
    20.967,
    0.0
  ],
  [
    20.972,
    0.0
  ],
  [
    21.0,
    0.0
  ],
  [
    21.01,
    0.0
  ],
  [
    21.037,
    0.0
  ],
  [
    21.052,
    0.0
  ],
  [
    21.063,
    0.0
  ],
  [
    21.089,
    0.0
  ],
  [
    21.095,
    0.0
  ],
  [
    21.112,
    0.0
  ],
  [
    21.142,
    0.0
  ],
  [
    21.153,
    0.0
  ],
  [
    21.166,
    0.0
  ],
  [
    21.196,
    0.0
  ],
  [
    21.204,
    0.0
  ],
  [
    21.219,
    0.0
  ],
  [
    21.249,
    0.0
  ],
  [
    21.256,
    0.0
  ],
  [
    21.282,
    0.0
  ],
  [
    21.293,
    0.0
  ],
  [
    21.329,
    0.0
  ],
  [
    21.339,
    0.0
  ],
  [
    21.355,
    0.0
  ],
  [
    21.37,
    0.0
  ],
  [
    21.397,
    0.0
  ],
  [
    21.411,
    0.0
  ],
  [
    21.425,
    0.0
  ],
  [
    21.456,
    0.0
  ],
  [
    21.467,
    0.0
  ],
  [
    21.496,
    0.0
  ],
  [
    21.51,
    0.0
  ],
  [
    21.523,
    0.0
  ],
  [
    21.537,
    0.0
  ],
  [
    21.552,
    0.0
  ],
  [
    21.568,
    0.0
  ],
  [
    21.599,
    0.0
  ],
  [
    21.609,
    0.0
  ],
  [
    21.626,
    0.0
  ],
  [
    21.641,
    0.0
  ],
  [
    21.671,
    0.0
  ],
  [
    21.682,
    0.0
  ],
  [
    21.7,
    0.0
  ],
  [
    21.713,
    0.0
  ],
  [
    21.745,
    0.0
  ],
  [
    21.758,
    0.0
  ],
  [
    21.771,
    0.0
  ],
  [
    21.787,
    0.0
  ],
  [
    21.804,
    0.0
  ],
  [
    21.819,
    0.0
  ],
  [
    21.835,
    0.0
  ],
  [
    21.864,
    0.0
  ],
  [
    21.875,
    0.0
  ],
  [
    21.889,
    0.0
  ],
  [
    21.906,
    0.0
  ],
  [
    21.921,
    0.0
  ],
  [
    21.952,
    0.0
  ],
  [
    21.968,
    0.0
  ],
  [
    21.977,
    0.0
  ],
  [
    22.011,
    0.0
  ],
  [
    22.021,
    0.0
  ],
  [
    22.037,
    0.0
  ],
  [
    22.068,
    0.0
  ],
  [
    22.078,
    0.0
  ],
  [
    22.11,
    0.0
  ],
  [
    22.122,
    0.0
  ],
  [
    22.14,
    0.0
  ],
  [
    22.155,
    0.0
  ],
  [
    22.167,
    0.0
  ],
  [
    22.194,
    0.0
  ],
  [
    22.202,
    0.0
  ],
  [
    22.234,
    0.0
  ],
  [
    22.242,
    0.0
  ],
  [
    22.256,
    0.0
  ],
  [
    22.287,
    0.0
  ],
  [
    22.297,
    0.0
  ],
  [
    22.321,
    0.0
  ],
  [
    22.356,
    0.0
  ],
  [
    22.366,
    0.0
  ],
  [
    22.38,
    0.0
  ],
  [
    22.396,
    0.0
  ],
  [
    22.425,
    0.0
  ],
  [
    22.444,
    0.0
  ],
  [
    22.452,
    0.0
  ],
  [
    22.467,
    0.0
  ],
  [
    22.495,
    0.0
  ],
  [
    22.508,
    0.0
  ],
  [
    22.536,
    0.0
  ],
  [
    22.547,
    0.0
  ],
  [
    22.562,
    0.0
  ],
  [
    22.591,
    0.0
  ],
  [
    22.602,
    0.0
  ],
  [
    22.631,
    0.0
  ],
  [
    22.639,
    0.0
  ],
  [
    22.656,
    0.0
  ],
  [
    22.669,
    0.0
  ],
  [
    22.7,
    0.0
  ],
  [
    22.712,
    0.0
  ],
  [
    22.726,
    0.0
  ],
  [
    22.76,
    0.0
  ],
  [
    22.767,
    0.0
  ],
  [
    22.793,
    0.0
  ],
  [
    22.806,
    0.0
  ],
  [
    22.837,
    0.0
  ],
  [
    22.849,
    0.0
  ],
  [
    22.862,
    0.0
  ],
  [
    22.889,
    0.0
  ],
  [
    22.901,
    0.0
  ],
  [
    22.926,
    0.0
  ],
  [
    22.939,
    0.0
  ],
  [
    22.955,
    0.0
  ],
  [
    22.969,
    0.0
  ],
  [
    23.0,
    0.0
  ],
  [
    23.008,
    0.0
  ],
  [
    23.022,
    0.0
  ],
  [
    23.055,
    0.0
  ],
  [
    23.064,
    0.0
  ],
  [
    23.077,
    0.0
  ],
  [
    23.105,
    0.0
  ],
  [
    23.116,
    0.0
  ],
  [
    23.143,
    0.0
  ],
  [
    23.15,
    0.0
  ],
  [
    23.166,
    0.0
  ],
  [
    23.193,
    0.0
  ],
  [
    23.205,
    0.0
  ],
  [
    23.234,
    0.0
  ],
  [
    23.241,
    0.0
  ],
  [
    23.269,
    0.0
  ],
  [
    23.28,
    0.0
  ],
  [
    23.294,
    0.0
  ],
  [
    23.32,
    0.0
  ],
  [
    23.33,
    0.0
  ],
  [
    23.36,
    0.0
  ],
  [
    23.368,
    0.0
  ],
  [
    23.397,
    0.0
  ],
  [
    23.406,
    0.0
  ],
  [
    23.436,
    0.0
  ],
  [
    23.454,
    0.0
  ],
  [
    23.464,
    0.0
  ],
  [
    23.492,
    0.0
  ],
  [
    23.5,
    0.0
  ],
  [
    23.513,
    0.0
  ],
  [
    23.54,
    0.0
  ],
  [
    23.551,
    0.0
  ],
  [
    23.565,
    0.0
  ],
  [
    23.59,
    0.0
  ],
  [
    23.606,
    0.0
  ],
  [
    23.616,
    0.0
  ],
  [
    23.645,
    0.0
  ],
  [
    23.655,
    0.0
  ],
  [
    23.671,
    0.0
  ],
  [
    23.687,
    0.0
  ],
  [
    23.714,
    0.0
  ],
  [
    23.729,
    0.0
  ],
  [
    23.74,
    0.0
  ],
  [
    23.768,
    0.0
  ],
  [
    23.778,
    0.0
  ],
  [
    23.807,
    0.0
  ],
  [
    23.814,
    0.0
  ],
  [
    23.838,
    0.0
  ],
  [
    23.851,
    0.0
  ],
  [
    23.88,
    0.0
  ],
  [
    23.889,
    0.0
  ],
  [
    23.901,
    0.0
  ],
  [
    23.933,
    0.0
  ],
  [
    23.944,
    0.0
  ],
  [
    23.977,
    0.0
  ],
  [
    23.991,
    0.0
  ],
  [
    24.009,
    0.0
  ],
  [
    24.028,
    0.0
  ],
  [
    24.046,
    0.0
  ],
  [
    24.061,
    0.0
  ],
  [
    24.079,
    0.0
  ],
  [
    24.095,
    0.0
  ],
  [
    24.109,
    0.0
  ],
  [
    24.138,
    0.0
  ],
  [
    24.15,
    0.0
  ],
  [
    24.162,
    0.0
  ],
  [
    24.176,
    0.0
  ],
  [
    24.206,
    0.0
  ],
  [
    24.215,
    0.0
  ],
  [
    24.231,
    0.0
  ],
  [
    24.259,
    0.0
  ],
  [
    24.271,
    0.0
  ],
  [
    24.283,
    0.0
  ],
  [
    24.299,
    0.0
  ],
  [
    24.324,
    0.0
  ],
  [
    24.339,
    0.0
  ],
  [
    24.366,
    0.0
  ],
  [
    24.377,
    0.0
  ],
  [
    24.39,
    0.0
  ],
  [
    24.418,
    0.0
  ],
  [
    24.433,
    0.0
  ],
  [
    24.445,
    0.0
  ],
  [
    24.46,
    0.0
  ],
  [
    24.478,
    0.0
  ],
  [
    24.505,
    0.0
  ],
  [
    24.521,
    0.0
  ],
  [
    24.532,
    0.0
  ],
  [
    24.547,
    0.0
  ],
  [
    24.575,
    0.0
  ],
  [
    24.591,
    0.0
  ],
  [
    24.601,
    0.0
  ],
  [
    24.634,
    0.0
  ],
  [
    24.648,
    0.0
  ],
  [
    24.666,
    0.0
  ],
  [
    24.684,
    0.0
  ],
  [
    24.699,
    0.0
  ],
  [
    24.712,
    0.0
  ],
  [
    24.739,
    0.0
  ],
  [
    24.751,
    0.0
  ],
  [
    24.766,
    0.0
  ],
  [
    24.794,
    0.0
  ],
  [
    24.801,
    0.0
  ],
  [
    24.817,
    0.0
  ],
  [
    24.844,
    0.0
  ],
  [
    24.857,
    0.0
  ],
  [
    24.87,
    0.0
  ],
  [
    24.887,
    0.0
  ],
  [
    24.914,
    0.0
  ],
  [
    24.926,
    0.0
  ],
  [
    24.96,
    0.0
  ],
  [
    24.986,
    0.0
  ],
  [
    25.001,
    0.0
  ],
  [
    25.028,
    0.0
  ],
  [
    25.038,
    0.0
  ],
  [
    25.054,
    0.0
  ],
  [
    25.084,
    0.0
  ],
  [
    25.098,
    0.0
  ],
  [
    25.11,
    0.0
  ],
  [
    25.142,
    0.0
  ],
  [
    25.156,
    0.0
  ],
  [
    25.169,
    0.0
  ],
  [
    25.184,
    0.0
  ],
  [
    25.212,
    0.0
  ],
  [
    25.229,
    0.0
  ],
  [
    25.241,
    0.0
  ],
  [
    25.256,
    0.0
  ],
  [
    25.29,
    0.0
  ],
  [
    25.303,
    0.0
  ],
  [
    25.331,
    0.0
  ],
  [
    25.346,
    0.0
  ],
  [
    25.358,
    0.0
  ],
  [
    25.39,
    0.0
  ],
  [
    25.401,
    0.0
  ],
  [
    25.432,
    0.0
  ],
  [
    25.443,
    0.0
  ],
  [
    25.458,
    0.0
  ],
  [
    25.487,
    0.0
  ],
  [
    25.506,
    0.0
  ],
  [
    25.532,
    0.0
  ],
  [
    25.543,
    0.0
  ],
  [
    25.561,
    0.0
  ],
  [
    25.578,
    0.0
  ],
  [
    25.592,
    0.0
  ],
  [
    25.607,
    0.0
  ],
  [
    25.623,
    0.0
  ],
  [
    25.641,
    0.0
  ],
  [
    25.659,
    0.0
  ],
  [
    25.675,
    0.0
  ],
  [
    25.705,
    0.0
  ],
  [
    25.722,
    0.0
  ],
  [
    25.74,
    0.0
  ],
  [
    25.753,
    0.0
  ],
  [
    25.769,
    0.0
  ],
  [
    25.783,
    0.0
  ],
  [
    25.799,
    0.0
  ],
  [
    25.832,
    0.0
  ],
  [
    25.844,
    0.0
  ],
  [
    25.858,
    0.0
  ],
  [
    25.889,
    0.0
  ],
  [
    25.897,
    0.0
  ],
  [
    25.914,
    0.0
  ],
  [
    25.93,
    0.0
  ],
  [
    25.942,
    0.0
  ],
  [
    25.972,
    0.0
  ],
  [
    25.983,
    0.0
  ],
  [
    25.996,
    0.0
  ],
  [
    26.012,
    0.0
  ],
  [
    26.027,
    0.0
  ],
  [
    26.055,
    0.0
  ],
  [
    26.065,
    0.0
  ],
  [
    26.092,
    0.0
  ],
  [
    26.1,
    0.0
  ],
  [
    26.141,
    0.0
  ],
  [
    26.158,
    0.0
  ],
  [
    26.175,
    0.0
  ],
  [
    26.189,
    0.0
  ],
  [
    26.204,
    0.0
  ],
  [
    26.237,
    0.0
  ],
  [
    26.248,
    0.0
  ],
  [
    26.277,
    0.0
  ],
  [
    26.291,
    0.0
  ],
  [
    26.321,
    0.0
  ],
  [
    26.336,
    0.0
  ],
  [
    26.349,
    0.0
  ],
  [
    26.377,
    0.0
  ],
  [
    26.391,
    0.0
  ],
  [
    26.401,
    0.0
  ],
  [
    26.417,
    0.0
  ],
  [
    26.444,
    0.0
  ],
  [
    26.453,
    0.0
  ],
  [
    26.466,
    0.0
  ],
  [
    26.496,
    0.0
  ],
  [
    26.523,
    0.0
  ],
  [
    26.533,
    0.0
  ],
  [
    26.557,
    0.0
  ],
  [
    26.567,
    0.0
  ],
  [
    26.588,
    0.0
  ],
  [
    26.61,
    0.0
  ],
  [
    26.621,
    0.0
  ],
  [
    26.647,
    0.0
  ],
  [
    26.652,
    0.0
  ],
  [
    26.673,
    0.0
  ],
  [
    26.702,
    0.0
  ],
  [
    26.724,
    0.0
  ],
  [
    26.732,
    0.0
  ],
  [
    26.761,
    0.0
  ],
  [
    26.767,
    0.0
  ],
  [
    26.792,
    0.0
  ],
  [
    26.799,
    0.0
  ],
  [
    26.814,
    0.0
  ],
  [
    26.843,
    0.0
  ],
  [
    26.851,
    0.0
  ],
  [
    26.877,
    0.0
  ],
  [
    26.885,
    0.0
  ],
  [
    26.921,
    0.0
  ],
  [
    26.939,
    0.0
  ],
  [
    26.949,
    0.0
  ],
  [
    26.977,
    0.0
  ],
  [
    26.984,
    0.0
  ],
  [
    27.01,
    0.0
  ],
  [
    27.019,
    0.0
  ],
  [
    27.046,
    0.0
  ],
  [
    27.058,
    0.0
  ],
  [
    27.069,
    0.0
  ],
  [
    27.096,
    0.0
  ],
  [
    27.107,
    0.0
  ],
  [
    27.124,
    0.0
  ],
  [
    27.153,
    0.0
  ],
  [
    27.162,
    0.0
  ],
  [
    27.181,
    0.0
  ],
  [
    27.206,
    0.0
  ],
  [
    27.214,
    0.0
  ],
  [
    27.243,
    0.0
  ],
  [
    27.253,
    0.0
  ],
  [
    27.288,
    0.0
  ],
  [
    27.303,
    0.0
  ],
  [
    27.334,
    0.0
  ],
  [
    27.341,
    0.0
  ],
  [
    27.367,
    0.0
  ],
  [
    27.387,
    0.0
  ],
  [
    27.395,
    0.0
  ],
  [
    27.419,
    0.0
  ],
  [
    27.435,
    0.0
  ],
  [
    27.448,
    0.0
  ]
]