# Steering Wheel Angle Log (Actual Physical Angle)
# Start time : 2026-06-14 21:50:55
# End time   : 2026-06-14 21:51:18
# Total time : 23.03 seconds
# Points     : 1257
# Format     : [[elapsed_seconds, wheel_angle_degrees], ...]
[
  [
    0.265,
    0.0
  ],
  [
    0.291,
    0.0
  ],
  [
    0.301,
    0.0
  ],
  [
    0.33,
    0.0
  ],
  [
    0.341,
    0.0
  ],
  [
    0.369,
    0.0
  ],
  [
    0.377,
    0.0
  ],
  [
    0.407,
    0.0
  ],
  [
    0.416,
    0.0
  ],
  [
    0.444,
    0.0
  ],
  [
    0.464,
    0.0
  ],
  [
    0.473,
    0.0
  ],
  [
    0.487,
    0.0
  ],
  [
    0.521,
    0.0
  ],
  [
    0.527,
    0.0
  ],
  [
    0.555,
    0.0
  ],
  [
    0.568,
    0.0
  ],
  [
    0.583,
    0.0
  ],
  [
    0.617,
    0.0
  ],
  [
    0.63,
    0.0
  ],
  [
    0.663,
    0.0
  ],
  [
    0.68,
    0.0
  ],
  [
    0.698,
    0.0
  ],
  [
    0.711,
    0.0
  ],
  [
    0.734,
    0.0
  ],
  [
    0.749,
    0.0
  ],
  [
    0.77,
    0.0
  ],
  [
    0.791,
    0.0
  ],
  [
    0.809,
    0.0
  ],
  [
    0.833,
    0.0
  ],
  [
    0.849,
    0.0
  ],
  [
    0.866,
    0.0
  ],
  [
    0.882,
    0.0
  ],
  [
    0.898,
    0.0
  ],
  [
    0.912,
    0.0
  ],
  [
    0.927,
    0.0
  ],
  [
    0.962,
    0.0
  ],
  [
    0.972,
    0.0
  ],
  [
    0.989,
    0.0
  ],
  [
    1.003,
    0.0
  ],
  [
    1.039,
    0.0
  ],
  [
    1.05,
    0.0
  ],
  [
    1.068,
    0.0
  ],
  [
    1.082,
    0.0
  ],
  [
    1.1,
    0.0
  ],
  [
    1.134,
    0.0
  ],
  [
    1.143,
    0.0
  ],
  [
    1.158,
    0.0
  ],
  [
    1.192,
    0.0
  ],
  [
    1.202,
    0.0
  ],
  [
    1.218,
    0.0
  ],
  [
    1.234,
    0.0
  ],
  [
    1.269,
    0.0
  ],
  [
    1.279,
    0.0
  ],
  [
    1.293,
    0.0
  ],
  [
    1.309,
    0.0
  ],
  [
    1.328,
    0.0
  ],
  [
    1.342,
    0.0
  ],
  [
    1.369,
    0.0
  ],
  [
    1.397,
    0.0
  ],
  [
    1.41,
    0.0
  ],
  [
    1.43,
    0.0
  ],
  [
    1.444,
    0.0
  ],
  [
    1.466,
    0.0
  ],
  [
    1.483,
    0.0
  ],
  [
    1.504,
    0.0
  ],
  [
    1.52,
    0.0
  ],
  [
    1.533,
    0.0
  ],
  [
    1.565,
    0.0
  ],
  [
    1.572,
    0.0
  ],
  [
    1.589,
    0.0
  ],
  [
    1.619,
    0.0
  ],
  [
    1.628,
    0.0
  ],
  [
    1.66,
    0.0
  ],
  [
    1.668,
    0.0
  ],
  [
    1.696,
    0.0
  ],
  [
    1.707,
    0.0
  ],
  [
    1.721,
    0.0
  ],
  [
    1.736,
    0.0
  ],
  [
    1.751,
    0.0
  ],
  [
    1.767,
    0.0
  ],
  [
    1.79,
    0.0
  ],
  [
    1.805,
    0.0
  ],
  [
    1.821,
    0.0
  ],
  [
    1.838,
    0.0
  ],
  [
    1.853,
    0.0
  ],
  [
    1.878,
    0.0
  ],
  [
    1.896,
    0.0
  ],
  [
    1.906,
    0.0
  ],
  [
    1.934,
    0.0
  ],
  [
    1.949,
    0.0
  ],
  [
    1.959,
    0.0
  ],
  [
    2.0,
    0.0
  ],
  [
    2.01,
    0.0
  ],
  [
    2.039,
    0.0
  ],
  [
    2.054,
    0.0
  ],
  [
    2.062,
    0.0
  ],
  [
    2.095,
    0.0
  ],
  [
    2.109,
    0.0
  ],
  [
    2.135,
    0.0
  ],
  [
    2.145,
    0.0
  ],
  [
    2.158,
    0.0
  ],
  [
    2.173,
    0.0
  ],
  [
    2.195,
    0.0
  ],
  [
    2.207,
    0.0
  ],
  [
    2.22,
    0.0
  ],
  [
    2.252,
    0.0
  ],
  [
    2.26,
    0.0
  ],
  [
    2.276,
    0.0
  ],
  [
    2.295,
    0.0
  ],
  [
    2.319,
    0.0
  ],
  [
    2.332,
    0.0
  ],
  [
    2.343,
    0.0
  ],
  [
    2.374,
    0.0
  ],
  [
    2.384,
    0.0
  ],
  [
    2.413,
    0.0
  ],
  [
    2.422,
    0.0
  ],
  [
    2.45,
    0.0
  ],
  [
    2.464,
    0.0
  ],
  [
    2.478,
    0.0
  ],
  [
    2.508,
    0.0
  ],
  [
    2.517,
    0.0
  ],
  [
    2.548,
    0.0
  ],
  [
    2.557,
    0.0
  ],
  [
    2.572,
    0.0
  ],
  [
    2.587,
    0.0
  ],
  [
    2.61,
    0.0
  ],
  [
    2.625,
    0.0
  ],
  [
    2.652,
    0.0
  ],
  [
    2.669,
    0.0
  ],
  [
    2.677,
    0.0
  ],
  [
    2.704,
    0.0
  ],
  [
    2.714,
    0.0
  ],
  [
    2.728,
    0.0
  ],
  [
    2.758,
    0.0
  ],
  [
    2.766,
    0.0
  ],
  [
    2.799,
    0.0
  ],
  [
    2.809,
    0.0
  ],
  [
    2.837,
    0.0
  ],
  [
    2.848,
    0.0
  ],
  [
    2.878,
    0.0
  ],
  [
    2.889,
    0.0
  ],
  [
    2.921,
    0.0
  ],
  [
    2.929,
    0.0
  ],
  [
    2.957,
    0.0
  ],
  [
    2.967,
    0.0
  ],
  [
    2.991,
    0.0
  ],
  [
    3.0,
    0.0
  ],
  [
    3.025,
    0.0
  ],
  [
    3.035,
    0.0
  ],
  [
    3.064,
    0.0
  ],
  [
    3.072,
    0.0
  ],
  [
    3.1,
    0.0
  ],
  [
    3.108,
    0.0
  ],
  [
    3.135,
    0.0
  ],
  [
    3.143,
    0.0
  ],
  [
    3.172,
    0.0
  ],
  [
    3.193,
    0.0
  ],
  [
    3.202,
    0.0
  ],
  [
    3.232,
    0.0
  ],
  [
    3.24,
    0.0
  ],
  [
    3.267,
    0.0
  ],
  [
    3.277,
    0.0
  ],
  [
    3.303,
    0.0
  ],
  [
    3.312,
    0.0
  ],
  [
    3.34,
    0.0
  ],
  [
    3.349,
    0.0
  ],
  [
    3.381,
    0.0
  ],
  [
    3.39,
    0.0
  ],
  [
    3.42,
    0.0
  ],
  [
    3.436,
    0.0
  ],
  [
    3.447,
    0.0
  ],
  [
    3.464,
    0.0
  ],
  [
    3.478,
    0.0
  ],
  [
    3.494,
    0.0
  ],
  [
    3.51,
    0.0
  ],
  [
    3.539,
    0.0
  ],
  [
    3.545,
    0.0
  ],
  [
    3.56,
    0.0
  ],
  [
    3.586,
    0.0
  ],
  [
    3.604,
    0.0
  ],
  [
    3.63,
    0.0
  ],
  [
    3.643,
    0.0
  ],
  [
    3.672,
    0.0
  ],
  [
    3.682,
    0.0
  ],
  [
    3.699,
    0.0
  ],
  [
    3.713,
    0.0
  ],
  [
    3.729,
    0.0
  ],
  [
    3.745,
    0.0
  ],
  [
    3.776,
    0.0
  ],
  [
    3.79,
    0.0
  ],
  [
    3.802,
    0.0
  ],
  [
    3.83,
    0.0
  ],
  [
    3.843,
    0.0
  ],
  [
    3.87,
    0.0
  ],
  [
    3.88,
    0.0
  ],
  [
    3.893,
    0.0
  ],
  [
    3.908,
    0.0
  ],
  [
    3.932,
    0.0
  ],
  [
    3.96,
    0.0
  ],
  [
    3.969,
    0.0
  ],
  [
    4.0,
    0.0
  ],
  [
    4.011,
    0.0
  ],
  [
    4.04,
    0.0
  ],
  [
    4.052,
    0.0
  ],
  [
    4.078,
    0.0
  ],
  [
    4.09,
    0.0
  ],
  [
    4.121,
    0.0
  ],
  [
    4.129,
    0.0
  ],
  [
    4.159,
    0.0
  ],
  [
    4.174,
    0.0
  ],
  [
    4.186,
    0.0
  ],
  [
    4.215,
    0.0
  ],
  [
    4.229,
    0.0
  ],
  [
    4.242,
    0.0
  ],
  [
    4.258,
    0.0
  ],
  [
    4.287,
    0.0
  ],
  [
    4.297,
    0.0
  ],
  [
    4.325,
    0.0
  ],
  [
    4.332,
    0.0
  ],
  [
    4.359,
    0.0
  ],
  [
    4.37,
    0.0
  ],
  [
    4.4,
    0.0
  ],
  [
    4.407,
    0.0
  ],
  [
    4.436,
    0.0
  ],
  [
    4.447,
    0.0
  ],
  [
    4.479,
    0.0
  ],
  [
    4.489,
    0.0
  ],
  [
    4.516,
    0.0
  ],
  [
    4.522,
    0.0
  ],
  [
    4.542,
    0.0
  ],
  [
    4.568,
    0.0
  ],
  [
    4.579,
    0.0
  ],
  [
    4.606,
    0.0
  ],
  [
    4.612,
    0.0
  ],
  [
    4.631,
    0.0
  ],
  [
    4.646,
    0.0
  ],
  [
    4.665,
    0.0
  ],
  [
    4.679,
    0.0
  ],
  [
    4.694,
    0.0
  ],
  [
    4.726,
    0.0
  ],
  [
    4.735,
    0.0
  ],
  [
    4.764,
    0.0
  ],
  [
    4.775,
    0.0
  ],
  [
    4.79,
    0.0
  ],
  [
    4.806,
    0.0
  ],
  [
    4.822,
    0.0
  ],
  [
    4.836,
    0.0
  ],
  [
    4.852,
    0.0
  ],
  [
    4.88,
    0.0
  ],
  [
    4.89,
    0.0
  ],
  [
    4.904,
    0.0
  ],
  [
    4.938,
    0.0
  ],
  [
    4.948,
    0.0
  ],
  [
    4.977,
    0.0
  ],
  [
    4.991,
    0.0
  ],
  [
    5.001,
    0.0
  ],
  [
    5.029,
    0.0
  ],
  [
    5.041,
    0.0
  ],
  [
    5.059,
    0.0
  ],
  [
    5.076,
    0.0
  ],
  [
    5.096,
    0.0
  ],
  [
    5.116,
    0.0
  ],
  [
    5.125,
    0.0
  ],
  [
    5.152,
    0.0
  ],
  [
    5.16,
    0.0
  ],
  [
    5.188,
    0.0
  ],
  [
    5.196,
    0.0
  ],
  [
    5.218,
    0.0
  ],
  [
    5.24,
    0.0
  ],
  [
    5.249,
    0.0
  ],
  [
    5.271,
    0.0
  ],
  [
    5.294,
    0.0
  ],
  [
    5.301,
    0.0
  ],
  [
    5.334,
    0.0
  ],
  [
    5.342,
    0.0
  ],
  [
    5.37,
    0.0
  ],
  [
    5.382,
    0.0
  ],
  [
    5.393,
    0.0
  ],
  [
    5.422,
    0.0
  ],
  [
    5.432,
    0.0
  ],
  [
    5.46,
    0.0
  ],
  [
    5.476,
    0.0
  ],
  [
    5.489,
    0.0
  ],
  [
    5.52,
    0.0
  ],
  [
    5.526,
    0.0
  ],
  [
    5.551,
    0.0
  ],
  [
    5.559,
    0.0
  ],
  [
    5.585,
    0.0
  ],
  [
    5.596,
    0.0
  ],
  [
    5.62,
    0.0
  ],
  [
    5.628,
    0.0
  ],
  [
    5.649,
    0.0
  ],
  [
    5.674,
    0.0
  ],
  [
    5.682,
    0.0
  ],
  [
    5.702,
    0.0
  ],
  [
    5.728,
    0.0
  ],
  [
    5.735,
    0.0
  ],
  [
    5.753,
    0.0
  ],
  [
    5.773,
    0.0
  ],
  [
    5.798,
    0.0
  ],
  [
    5.809,
    0.0
  ],
  [
    5.832,
    0.0
  ],
  [
    5.84,
    0.0
  ],
  [
    5.86,
    0.0
  ],
  [
    5.875,
    0.0
  ],
  [
    5.894,
    0.0
  ],
  [
    5.917,
    0.0
  ],
  [
    5.924,
    0.0
  ],
  [
    5.944,
    0.0
  ],
  [
    5.955,
    0.0
  ],
  [
    5.974,
    0.0
  ],
  [
    5.991,
    0.0
  ],
  [
    6.013,
    0.0
  ],
  [
    6.021,
    0.0
  ],
  [
    6.041,
    0.0
  ],
  [
    6.059,
    0.0
  ],
  [
    6.082,
    0.0
  ],
  [
    6.1,
    0.0
  ],
  [
    6.11,
    0.0
  ],
  [
    6.13,
    0.0
  ],
  [
    6.14,
    0.0
  ],
  [
    6.165,
    0.0
  ],
  [
    6.174,
    0.0
  ],
  [
    6.195,
    0.0
  ],
  [
    6.217,
    0.0
  ],
  [
    6.222,
    0.0
  ],
  [
    6.248,
    0.0
  ],
  [
    6.259,
    0.0
  ],
  [
    6.283,
    0.0
  ],
  [
    6.291,
    0.0
  ],
  [
    6.312,
    0.0
  ],
  [
    6.327,
    0.0
  ],
  [
    6.357,
    0.0
  ],
  [
    6.364,
    0.0
  ],
  [
    6.392,
    0.0
  ],
  [
    6.404,
    0.0
  ],
  [
    6.426,
    0.0
  ],
  [
    6.45,
    0.0
  ],
  [
    6.458,
    0.0
  ],
  [
    6.474,
    0.0
  ],
  [
    6.499,
    0.0
  ],
  [
    6.512,
    0.0
  ],
  [
    6.531,
    0.0
  ],
  [
    6.554,
    0.0
  ],
  [
    6.562,
    0.0
  ],
  [
    6.59,
    0.0
  ],
  [
    6.599,
    0.0
  ],
  [
    6.626,
    0.0
  ],
  [
    6.635,
    0.0
  ],
  [
    6.66,
    0.0
  ],
  [
    6.667,
    0.0
  ],
  [
    6.691,
    0.0
  ],
  [
    6.71,
    0.0
  ],
  [
    6.72,
    0.0
  ],
  [
    6.744,
    0.0
  ],
  [
    6.752,
    0.0
  ],
  [
    6.772,
    0.0
  ],
  [
    6.791,
    0.0
  ],
  [
    6.813,
    0.0
  ],
  [
    6.82,
    0.0
  ],
  [
    6.847,
    0.0
  ],
  [
    6.853,
    0.0
  ],
  [
    6.87,
    0.0
  ],
  [
    6.899,
    0.0
  ],
  [
    6.907,
    0.0
  ],
  [
    6.929,
    0.0
  ],
  [
    6.94,
    0.0
  ],
  [
    6.96,
    0.0
  ],
  [
    6.978,
    0.0
  ],
  [
    7.001,
    0.0
  ],
  [
    7.012,
    0.0
  ],
  [
    7.036,
    0.0
  ],
  [
    7.047,
    0.0
  ],
  [
    7.066,
    0.0
  ],
  [
    7.082,
    0.0
  ],
  [
    7.103,
    0.0
  ],
  [
    7.111,
    0.0
  ],
  [
    7.135,
    0.0
  ],
  [
    7.151,
    0.0
  ],
  [
    7.16,
    0.0
  ],
  [
    7.184,
    0.0
  ],
  [
    7.191,
    0.0
  ],
  [
    7.219,
    0.0
  ],
  [
    7.227,
    0.0
  ],
  [
    7.249,
    0.0
  ],
  [
    7.274,
    0.0
  ],
  [
    7.282,
    0.0
  ],
  [
    7.295,
    0.0
  ],
  [
    7.325,
    0.0
  ],
  [
    7.337,
    0.0
  ],
  [
    7.351,
    0.0
  ],
  [
    7.382,
    0.0
  ],
  [
    7.392,
    0.0
  ],
  [
    7.42,
    0.0
  ],
  [
    7.429,
    0.0
  ],
  [
    7.45,
    0.0
  ],
  [
    7.477,
    0.0
  ],
  [
    7.484,
    0.0
  ],
  [
    7.505,
    0.0
  ],
  [
    7.529,
    0.0
  ],
  [
    7.535,
    0.0
  ],
  [
    7.554,
    0.0
  ],
  [
    7.571,
    0.0
  ],
  [
    7.601,
    0.0
  ],
  [
    7.61,
    0.0
  ],
  [
    7.639,
    0.0
  ],
  [
    7.647,
    0.0
  ],
  [
    7.664,
    0.0
  ],
  [
    7.686,
    0.0
  ],
  [
    7.693,
    0.0
  ],
  [
    7.712,
    0.0
  ],
  [
    7.739,
    0.0
  ],
  [
    7.746,
    0.0
  ],
  [
    7.765,
    0.0
  ],
  [
    7.791,
    0.0
  ],
  [
    7.8,
    0.0
  ],
  [
    7.83,
    0.0
  ],
  [
    7.841,
    0.0
  ],
  [
    7.859,
    0.0
  ],
  [
    7.878,
    0.0
  ],
  [
    7.897,
    0.0
  ],
  [
    7.916,
    0.0
  ],
  [
    7.935,
    0.0
  ],
  [
    7.942,
    0.0
  ],
  [
    7.961,
    0.0
  ],
  [
    7.975,
    0.0
  ],
  [
    7.999,
    0.0
  ],
  [
    8.022,
    0.0
  ],
  [
    8.03,
    0.0
  ],
  [
    8.059,
    0.0
  ],
  [
    8.066,
    0.0
  ],
  [
    8.085,
    0.0
  ],
  [
    8.101,
    0.0
  ],
  [
    8.119,
    0.0
  ],
  [
    8.143,
    0.0
  ],
  [
    8.15,
    0.0
  ],
  [
    8.168,
    0.0
  ],
  [
    8.189,
    0.0
  ],
  [
    8.212,
    0.0
  ],
  [
    8.222,
    0.0
  ],
  [
    8.242,
    0.0
  ],
  [
    8.26,
    0.0
  ],
  [
    8.269,
    0.0
  ],
  [
    8.291,
    0.0
  ],
  [
    8.31,
    0.0
  ],
  [
    8.318,
    0.0
  ],
  [
    8.338,
    0.0
  ],
  [
    8.359,
    0.0
  ],
  [
    8.367,
    0.0
  ],
  [
    8.387,
    0.0
  ],
  [
    8.408,
    0.0
  ],
  [
    8.426,
    0.0
  ],
  [
    8.436,
    0.0
  ],
  [
    8.462,
    0.0
  ],
  [
    8.469,
    0.0
  ],
  [
    8.492,
    0.0
  ],
  [
    8.504,
    0.0
  ],
  [
    8.521,
    0.0
  ],
  [
    8.54,
    0.0
  ],
  [
    8.558,
    0.0
  ],
  [
    8.577,
    0.0
  ],
  [
    8.601,
    0.0
  ],
  [
    8.609,
    0.0
  ],
  [
    8.628,
    0.0
  ],
  [
    8.653,
    0.0
  ],
  [
    8.663,
    0.0
  ],
  [
    8.688,
    0.0
  ],
  [
    8.695,
    0.0
  ],
  [
    8.719,
    0.0
  ],
  [
    8.726,
    0.0
  ],
  [
    8.749,
    0.0
  ],
  [
    8.773,
    0.0
  ],
  [
    8.781,
    0.0
  ],
  [
    8.795,
    0.0
  ],
  [
    8.825,
    0.0
  ],
  [
    8.835,
    0.0
  ],
  [
    8.867,
    0.0
  ],
  [
    8.877,
    0.0
  ],
  [
    8.91,
    0.0
  ],
  [
    8.919,
    0.0
  ],
  [
    8.932,
    0.0
  ],
  [
    8.95,
    0.0
  ],
  [
    8.976,
    0.0
  ],
  [
    8.984,
    0.0
  ],
  [
    9.006,
    0.0
  ],
  [
    9.034,
    0.0
  ],
  [
    9.043,
    0.0
  ],
  [
    9.068,
    0.0
  ],
  [
    9.075,
    0.0
  ],
  [
    9.109,
    0.0
  ],
  [
    9.12,
    0.0
  ],
  [
    9.136,
    0.0
  ],
  [
    9.165,
    0.0
  ],
  [
    9.18,
    0.0
  ],
  [
    9.192,
    0.0
  ],
  [
    9.219,
    0.0
  ],
  [
    9.23,
    0.0
  ],
  [
    9.244,
    0.0
  ],
  [
    9.273,
    0.0
  ],
  [
    9.286,
    0.0
  ],
  [
    9.299,
    0.0
  ],
  [
    9.33,
    0.0
  ],
  [
    9.34,
    0.0
  ],
  [
    9.363,
    0.0
  ],
  [
    9.375,
    0.0
  ],
  [
    9.409,
    0.0
  ],
  [
    9.417,
    0.0
  ],
  [
    9.432,
    0.0
  ],
  [
    9.455,
    0.0
  ],
  [
    9.477,
    0.0
  ],
  [
    9.484,
    0.0
  ],
  [
    9.506,
    0.0
  ],
  [
    9.527,
    0.0
  ],
  [
    9.547,
    0.0
  ],
  [
    9.565,
    0.0
  ],
  [
    9.574,
    0.0
  ],
  [
    9.597,
    0.0
  ],
  [
    9.611,
    0.0
  ],
  [
    9.632,
    0.0
  ],
  [
    9.64,
    0.0
  ],
  [
    9.665,
    0.0
  ],
  [
    9.675,
    0.0
  ],
  [
    9.7,
    0.0
  ],
  [
    9.706,
    0.0
  ],
  [
    9.725,
    0.0
  ],
  [
    9.744,
    0.0
  ],
  [
    9.766,
    0.0
  ],
  [
    9.774,
    0.0
  ],
  [
    9.795,
    0.0
  ],
  [
    9.818,
    0.0
  ],
  [
    9.835,
    0.0
  ],
  [
    9.857,
    0.0
  ],
  [
    9.865,
    0.0
  ],
  [
    9.892,
    0.0
  ],
  [
    9.899,
    0.0
  ],
  [
    9.917,
    0.0
  ],
  [
    9.947,
    0.0
  ],
  [
    9.955,
    0.0
  ],
  [
    9.98,
    0.0
  ],
  [
    9.987,
    0.0
  ],
  [
    10.004,
    0.0
  ],
  [
    10.028,
    0.0
  ],
  [
    10.034,
    0.0
  ],
  [
    10.057,
    0.0
  ],
  [
    10.079,
    0.0
  ],
  [
    10.087,
    0.0
  ],
  [
    10.114,
    0.0
  ],
  [
    10.12,
    0.0
  ],
  [
    10.143,
    0.0
  ],
  [
    10.166,
    0.0
  ],
  [
    10.175,
    0.0
  ],
  [
    10.2,
    0.0
  ],
  [
    10.224,
    0.0
  ],
  [
    10.231,
    0.0
  ],
  [
    10.257,
    0.0
  ],
  [
    10.268,
    0.0
  ],
  [
    10.292,
    0.0
  ],
  [
    10.302,
    0.0
  ],
  [
    10.327,
    0.0
  ],
  [
    10.337,
    0.0
  ],
  [
    10.358,
    0.0
  ],
  [
    10.382,
    0.0
  ],
  [
    10.389,
    0.0
  ],
  [
    10.414,
    0.0
  ],
  [
    10.42,
    0.0
  ],
  [
    10.448,
    0.0
  ],
  [
    10.457,
    0.0
  ],
  [
    10.491,
    0.0
  ],
  [
    10.508,
    0.0
  ],
  [
    10.519,
    0.0
  ],
  [
    10.532,
    0.0
  ],
  [
    10.563,
    0.0
  ],
  [
    10.576,
    0.0
  ],
  [
    10.589,
    0.0
  ],
  [
    10.602,
    0.0
  ],
  [
    10.619,
    0.0
  ],
  [
    10.654,
    0.0
  ],
  [
    10.674,
    0.0
  ],
  [
    10.682,
    0.0
  ],
  [
    10.706,
    0.0
  ],
  [
    10.72,
    0.0
  ],
  [
    10.749,
    0.0
  ],
  [
    10.759,
    0.0
  ],
  [
    10.773,
    0.0
  ],
  [
    10.798,
    0.0
  ],
  [
    10.809,
    0.0
  ],
  [
    10.835,
    0.0
  ],
  [
    10.841,
    0.0
  ],
  [
    10.86,
    0.0
  ],
  [
    10.882,
    0.0
  ],
  [
    10.889,
    0.0
  ],
  [
    10.907,
    0.0
  ],
  [
    10.924,
    0.0
  ],
  [
    10.954,
    0.0
  ],
  [
    10.967,
    0.0
  ],
  [
    10.981,
    -1.1009
  ],
  [
    10.997,
    -2.6014
  ],
  [
    11.012,
    -4.0165
  ],
  [
    11.026,
    -5.3646
  ],
  [
    11.049,
    -7.6236
  ],
  [
    11.075,
    -9.6919
  ],
  [
    11.085,
    -10.5713
  ],
  [
    11.117,
    -12.8967
  ],
  [
    11.128,
    -14.2319
  ],
  [
    11.16,
    -16.5695
  ],
  [
    11.172,
    -17.9375
  ],
  [
    11.194,
    -19.3031
  ],
  [
    11.206,
    -21.1804
  ],
  [
    11.24,
    -23.3771
  ],
  [
    11.256,
    -24.877
  ],
  [
    11.266,
    -26.275
  ],
  [
    11.282,
    -27.5454
  ],
  [
    11.307,
    -30.1278
  ],
  [
    11.334,
    -31.7289
  ],
  [
    11.343,
    -33.0618
  ],
  [
    11.359,
    -34.403
  ],
  [
    11.392,
    -34.9881
  ],
  [
    11.402,
    -34.9873
  ],
  [
    11.422,
    -34.9202
  ],
  [
    11.432,
    -34.902
  ],
  [
    11.459,
    -34.8709
  ],
  [
    11.478,
    -34.8804
  ],
  [
    11.485,
    -34.8735
  ],
  [
    11.499,
    -34.8341
  ],
  [
    11.522,
    -34.8092
  ],
  [
    11.543,
    -34.7539
  ],
  [
    11.551,
    -34.7527
  ],
  [
    11.578,
    -34.7266
  ],
  [
    11.605,
    -34.7358
  ],
  [
    11.613,
    -34.7415
  ],
  [
    11.629,
    -34.7361
  ],
  [
    11.659,
    -34.7208
  ],
  [
    11.669,
    -34.72
  ],
  [
    11.685,
    -34.6992
  ],
  [
    11.701,
    -34.7018
  ],
  [
    11.73,
    -34.7074
  ],
  [
    11.741,
    -34.7034
  ],
  [
    11.754,
    -34.7067
  ],
  [
    11.789,
    -34.7147
  ],
  [
    11.797,
    -34.7161
  ],
  [
    11.82,
    -34.674
  ],
  [
    11.829,
    -34.6474
  ],
  [
    11.849,
    -34.6448
  ],
  [
    11.872,
    -34.6174
  ],
  [
    11.881,
    -34.5991
  ],
  [
    11.9,
    -34.5948
  ],
  [
    11.921,
    -34.6007
  ],
  [
    11.934,
    -34.6054
  ],
  [
    11.952,
    -34.6072
  ],
  [
    11.971,
    -34.6088
  ],
  [
    11.986,
    -34.6134
  ],
  [
    12.004,
    -34.6127
  ],
  [
    12.019,
    -34.6175
  ],
  [
    12.035,
    -34.6191
  ],
  [
    12.052,
    -34.6179
  ],
  [
    12.069,
    -34.6183
  ],
  [
    12.087,
    -34.618
  ],
  [
    12.103,
    -34.6192
  ],
  [
    12.117,
    -34.6203
  ],
  [
    12.15,
    -34.616
  ],
  [
    12.159,
    -34.6132
  ],
  [
    12.173,
    -34.6131
  ],
  [
    12.189,
    -34.6074
  ],
  [
    12.207,
    -34.6059
  ],
  [
    12.222,
    -34.6045
  ],
  [
    12.238,
    -34.6056
  ],
  [
    12.267,
    -34.6045
  ],
  [
    12.28,
    -34.5988
  ],
  [
    12.309,
    -34.5824
  ],
  [
    12.325,
    -34.5737
  ],
  [
    12.337,
    -34.5582
  ],
  [
    12.367,
    -34.5439
  ],
  [
    12.38,
    -34.539
  ],
  [
    12.399,
    -34.5063
  ],
  [
    12.412,
    -34.514
  ],
  [
    12.428,
    -34.5093
  ],
  [
    12.453,
    -34.5005
  ],
  [
    12.466,
    -34.4914
  ],
  [
    12.493,
    -34.4365
  ],
  [
    12.507,
    -34.4336
  ],
  [
    12.521,
    -34.4298
  ],
  [
    12.553,
    -34.4397
  ],
  [
    12.567,
    -34.442
  ],
  [
    12.576,
    -34.447
  ],
  [
    12.603,
    -34.4464
  ],
  [
    12.616,
    -34.4423
  ],
  [
    12.628,
    -34.4362
  ],
  [
    12.644,
    -34.4373
  ],
  [
    12.675,
    -34.4451
  ],
  [
    12.685,
    -34.4465
  ],
  [
    12.715,
    -34.4407
  ],
  [
    12.725,
    -34.4369
  ],
  [
    12.738,
    -34.4363
  ],
  [
    12.768,
    -34.4306
  ],
  [
    12.777,
    -34.4281
  ],
  [
    12.792,
    -34.4182
  ],
  [
    12.823,
    -34.4185
  ],
  [
    12.837,
    -34.418
  ],
  [
    12.862,
    -34.4097
  ],
  [
    12.873,
    -34.4038
  ],
  [
    12.886,
    -34.4015
  ],
  [
    12.917,
    -34.3994
  ],
  [
    12.928,
    -34.3966
  ],
  [
    12.941,
    -34.394
  ],
  [
    12.957,
    -34.3945
  ],
  [
    12.986,
    -34.3923
  ],
  [
    12.998,
    -34.3819
  ],
  [
    13.015,
    -34.3798
  ],
  [
    13.043,
    -34.3895
  ],
  [
    13.056,
    -34.3817
  ],
  [
    13.084,
    -34.38
  ],
  [
    13.096,
    -34.3714
  ],
  [
    13.113,
    -34.362
  ],
  [
    13.141,
    -34.3699
  ],
  [
    13.153,
    -34.3605
  ],
  [
    13.182,
    -34.3592
  ],
  [
    13.194,
    -34.3507
  ],
  [
    13.206,
    -34.3401
  ],
  [
    13.231,
    -34.3413
  ],
  [
    13.256,
    -34.3248
  ],
  [
    13.265,
    -34.3125
  ],
  [
    13.29,
    -34.2975
  ],
  [
    13.3,
    -34.2922
  ],
  [
    13.318,
    -34.281
  ],
  [
    13.345,
    -34.284
  ],
  [
    13.35,
    -34.2764
  ],
  [
    13.377,
    -34.2802
  ],
  [
    13.389,
    -34.2884
  ],
  [
    13.412,
    -34.2879
  ],
  [
    13.422,
    -34.2793
  ],
  [
    13.438,
    -34.2687
  ],
  [
    13.471,
    -34.2714
  ],
  [
    13.483,
    -34.2791
  ],
  [
    13.498,
    -34.2823
  ],
  [
    13.529,
    -34.2915
  ],
  [
    13.545,
    -34.2924
  ],
  [
    13.572,
    -34.2979
  ],
  [
    13.581,
    -34.2944
  ],
  [
    13.611,
    -34.2902
  ],
  [
    13.62,
    -34.2854
  ],
  [
    13.64,
    -34.2739
  ],
  [
    13.664,
    -34.2763
  ],
  [
    13.683,
    -34.2842
  ],
  [
    13.694,
    -34.2882
  ],
  [
    13.709,
    -34.2964
  ],
  [
    13.725,
    -34.2999
  ],
  [
    13.739,
    -34.3059
  ],
  [
    13.772,
    -34.3083
  ],
  [
    13.785,
    -34.3096
  ],
  [
    13.796,
    -34.3053
  ],
  [
    13.811,
    -34.3025
  ],
  [
    13.843,
    -34.3061
  ],
  [
    13.859,
    -34.3068
  ],
  [
    13.873,
    -34.3083
  ],
  [
    13.899,
    -34.3057
  ],
  [
    13.914,
    -34.3005
  ],
  [
    13.936,
    -34.2979
  ],
  [
    13.95,
    -34.3003
  ],
  [
    13.983,
    -34.2972
  ],
  [
    13.994,
    -34.2979
  ],
  [
    14.028,
    -34.3011
  ],
  [
    14.041,
    -34.2996
  ],
  [
    14.059,
    -34.3028
  ],
  [
    14.074,
    -34.3126
  ],
  [
    14.106,
    -34.3174
  ],
  [
    14.115,
    -34.3126
  ],
  [
    14.13,
    -34.3042
  ],
  [
    14.145,
    -34.299
  ],
  [
    14.177,
    -34.3001
  ],
  [
    14.185,
    -34.2969
  ],
  [
    14.218,
    -34.2837
  ],
  [
    14.226,
    -34.282
  ],
  [
    14.256,
    -34.2725
  ],
  [
    14.262,
    -34.2687
  ],
  [
    14.291,
    -34.2434
  ],
  [
    14.299,
    -34.2387
  ],
  [
    14.311,
    -34.2281
  ],
  [
    14.343,
    -34.22
  ],
  [
    14.35,
    -34.2236
  ],
  [
    14.376,
    -34.2123
  ],
  [
    14.4,
    -34.2156
  ],
  [
    14.407,
    -34.2097
  ],
  [
    14.436,
    -34.1986
  ],
  [
    14.445,
    -34.196
  ],
  [
    14.458,
    -34.1901
  ],
  [
    14.473,
    -34.1904
  ],
  [
    14.5,
    -34.1999
  ],
  [
    14.508,
    -34.1954
  ],
  [
    14.536,
    -34.1837
  ],
  [
    14.544,
    -34.1853
  ],
  [
    14.573,
    -34.1948
  ],
  [
    14.58,
    -34.1906
  ],
  [
    14.595,
    -34.1835
  ],
  [
    14.62,
    -34.1873
  ],
  [
    14.646,
    -34.1883
  ],
  [
    14.655,
    -34.1774
  ],
  [
    14.686,
    -34.186
  ],
  [
    14.694,
    -34.1871
  ],
  [
    14.721,
    -34.1805
  ],
  [
    14.729,
    -34.1742
  ],
  [
    14.76,
    -34.1701
  ],
  [
    14.77,
    -34.1731
  ],
  [
    14.787,
    -34.1744
  ],
  [
    14.803,
    -34.184
  ],
  [
    14.817,
    -34.1936
  ],
  [
    14.85,
    -34.2044
  ],
  [
    14.872,
    0.0
  ],
  [
    14.895,
    -1.8642
  ],
  [
    14.911,
    -2.9455
  ],
  [
    14.92,
    -4.2883
  ],
  [
    14.946,
    -6.4843
  ],
  [
    14.956,
    -7.4711
  ],
  [
    14.983,
    -9.4632
  ],
  [
    14.99,
    -10.5351
  ],
  [
    15.006,
    -11.5536
  ],
  [
    15.033,
    -13.9839
  ],
  [
    15.04,
    -14.861
  ],
  [
    15.068,
    -17.0958
  ],
  [
    15.077,
    -18.0196
  ],
  [
    15.104,
    -20.2343
  ],
  [
    15.112,
    -21.16
  ],
  [
    15.139,
    -23.2203
  ],
  [
    15.146,
    -24.255
  ],
  [
    15.175,
    -26.3707
  ],
  [
    15.183,
    -27.5118
  ],
  [
    15.209,
    -29.5091
  ],
  [
    15.218,
    -30.3785
  ],
  [
    15.231,
    -31.4175
  ],
  [
    15.257,
    -33.597
  ],
  [
    15.265,
    -34.6682
  ],
  [
    15.295,
    -35.0
  ],
  [
    15.302,
    -35.0
  ],
  [
    15.331,
    -35.0
  ],
  [
    15.339,
    -35.0
  ],
  [
    15.372,
    -35.0
  ],
  [
    15.379,
    -35.0
  ],
  [
    15.406,
    -35.0
  ],
  [
    15.414,
    -35.0
  ],
  [
    15.442,
    -35.0
  ],
  [
    15.457,
    -35.0
  ],
  [
    15.476,
    -35.0
  ],
  [
    15.487,
    -35.0
  ],
  [
    15.499,
    -35.0
  ],
  [
    15.524,
    -35.0
  ],
  [
    15.547,
    -35.0
  ],
  [
    15.554,
    -35.0
  ],
  [
    15.569,
    -35.0
  ],
  [
    15.586,
    -35.0
  ],
  [
    15.612,
    -35.0
  ],
  [
    15.621,
    -35.0
  ],
  [
    15.651,
    -35.0
  ],
  [
    15.659,
    -35.0
  ],
  [
    15.68,
    -35.0
  ],
  [
    15.709,
    -35.0
  ],
  [
    15.718,
    -35.0
  ],
  [
    15.748,
    -35.0
  ],
  [
    15.758,
    -35.0
  ],
  [
    15.784,
    -35.0
  ],
  [
    15.793,
    -35.0
  ],
  [
    15.82,
    -35.0
  ],
  [
    15.829,
    -35.0
  ],
  [
    15.853,
    -35.0
  ],
  [
    15.863,
    -35.0
  ],
  [
    15.885,
    -35.0
  ],
  [
    15.911,
    -35.0
  ],
  [
    15.92,
    -33.25
  ],
  [
    15.951,
    -31.5
  ],
  [
    15.96,
    -29.75
  ],
  [
    15.985,
    -28.0
  ],
  [
    15.993,
    -26.25
  ],
  [
    16.021,
    -24.5
  ],
  [
    16.029,
    -22.75
  ],
  [
    16.05,
    -21.0
  ],
  [
    16.064,
    -19.25
  ],
  [
    16.076,
    -17.5
  ],
  [
    16.105,
    -15.75
  ],
  [
    16.111,
    -14.0
  ],
  [
    16.139,
    -12.25
  ],
  [
    16.148,
    -10.5
  ],
  [
    16.178,
    -8.75
  ],
  [
    16.185,
    -7.0
  ],
  [
    16.212,
    -5.25
  ],
  [
    16.219,
    -3.5
  ],
  [
    16.247,
    -1.75
  ],
  [
    16.255,
    0.0
  ],
  [
    16.27,
    1.1322
  ],
  [
    16.294,
    3.3359
  ],
  [
    16.304,
    4.0959
  ],
  [
    16.333,
    6.1119
  ],
  [
    16.344,
    7.1244
  ],
  [
    16.374,
    9.2018
  ],
  [
    16.382,
    10.1006
  ],
  [
    16.411,
    12.0063
  ],
  [
    16.421,
    12.7447
  ],
  [
    16.448,
    14.4633
  ],
  [
    16.455,
    15.1828
  ],
  [
    16.485,
    16.7641
  ],
  [
    16.508,
    18.1793
  ],
  [
    16.52,
    18.9447
  ],
  [
    16.545,
    20.532
  ],
  [
    16.552,
    21.1444
  ],
  [
    16.583,
    22.5424
  ],
  [
    16.592,
    23.2979
  ],
  [
    16.62,
    24.7103
  ],
  [
    16.642,
    25.9161
  ],
  [
    16.648,
    26.573
  ],
  [
    16.678,
    26.7444
  ],
  [
    16.686,
    26.7444
  ],
  [
    16.7,
    26.7446
  ],
  [
    16.72,
    26.7422
  ],
  [
    16.751,
    26.7429
  ],
  [
    16.777,
    26.7429
  ],
  [
    16.788,
    26.6943
  ],
  [
    16.803,
    26.6803
  ],
  [
    16.82,
    26.6837
  ],
  [
    16.835,
    26.6852
  ],
  [
    16.864,
    26.6557
  ],
  [
    16.878,
    26.6488
  ],
  [
    16.898,
    26.6275
  ],
  [
    16.904,
    26.6273
  ],
  [
    16.925,
    26.6214
  ],
  [
    16.949,
    26.599
  ],
  [
    16.959,
    26.5943
  ],
  [
    16.987,
    26.5885
  ],
  [
    16.993,
    26.5904
  ],
  [
    17.025,
    26.5911
  ],
  [
    17.032,
    26.591
  ],
  [
    17.061,
    26.5856
  ],
  [
    17.069,
    26.5906
  ],
  [
    17.097,
    26.5902
  ],
  [
    17.118,
    26.5915
  ],
  [
    17.142,
    26.5642
  ],
  [
    17.149,
    26.5452
  ],
  [
    17.179,
    26.5226
  ],
  [
    17.198,
    26.5251
  ],
  [
    17.208,
    26.5234
  ],
  [
    17.235,
    26.5192
  ],
  [
    17.243,
    26.5196
  ],
  [
    17.264,
    26.5111
  ],
  [
    17.278,
    26.5114
  ],
  [
    17.304,
    26.5183
  ],
  [
    17.318,
    26.5173
  ],
  [
    17.336,
    26.5162
  ],
  [
    17.348,
    26.5088
  ],
  [
    17.361,
    26.4951
  ],
  [
    17.396,
    26.4933
  ],
  [
    17.406,
    26.4994
  ],
  [
    17.423,
    26.4968
  ],
  [
    17.439,
    26.4814
  ],
  [
    17.473,
    26.4875
  ],
  [
    17.482,
    26.4872
  ],
  [
    17.498,
    26.4889
  ],
  [
    17.524,
    26.4913
  ],
  [
    17.53,
    26.4841
  ],
  [
    17.552,
    26.4384
  ],
  [
    17.571,
    26.438
  ],
  [
    17.592,
    26.4307
  ],
  [
    17.609,
    26.4377
  ],
  [
    17.622,
    26.4416
  ],
  [
    17.639,
    26.4467
  ],
  [
    17.656,
    26.4491
  ],
  [
    17.673,
    26.4524
  ],
  [
    17.692,
    26.4559
  ],
  [
    17.71,
    26.4591
  ],
  [
    17.727,
    26.4626
  ],
  [
    17.745,
    26.4635
  ],
  [
    17.761,
    26.4656
  ],
  [
    17.784,
    26.4683
  ],
  [
    17.806,
    26.4694
  ],
  [
    17.821,
    26.4731
  ],
  [
    17.843,
    26.4707
  ],
  [
    17.864,
    26.4507
  ],
  [
    17.88,
    26.4449
  ],
  [
    17.898,
    26.4462
  ],
  [
    17.917,
    26.4503
  ],
  [
    17.94,
    26.4515
  ],
  [
    17.953,
    26.4523
  ],
  [
    17.973,
    26.4554
  ],
  [
    17.997,
    26.4465
  ],
  [
    18.008,
    26.4319
  ],
  [
    18.022,
    26.4349
  ],
  [
    18.049,
    26.4307
  ],
  [
    18.055,
    26.4254
  ],
  [
    18.075,
    26.4074
  ],
  [
    18.091,
    26.4077
  ],
  [
    18.103,
    26.4034
  ],
  [
    18.124,
    26.3976
  ],
  [
    18.148,
    26.3889
  ],
  [
    18.166,
    26.3805
  ],
  [
    18.181,
    26.3777
  ],
  [
    18.2,
    26.3785
  ],
  [
    18.211,
    26.3802
  ],
  [
    18.235,
    26.3682
  ],
  [
    18.243,
    26.3662
  ],
  [
    18.269,
    26.3606
  ],
  [
    18.277,
    26.3551
  ],
  [
    18.306,
    26.3446
  ],
  [
    18.313,
    26.3445
  ],
  [
    18.337,
    26.3473
  ],
  [
    18.347,
    26.3417
  ],
  [
    18.378,
    26.3333
  ],
  [
    18.384,
    26.3338
  ],
  [
    18.413,
    26.3348
  ],
  [
    18.418,
    26.333
  ],
  [
    18.446,
    26.3329
  ],
  [
    18.455,
    26.3293
  ],
  [
    18.469,
    26.3263
  ],
  [
    18.497,
    26.3246
  ],
  [
    18.51,
    26.3232
  ],
  [
    18.52,
    26.3222
  ],
  [
    18.558,
    26.316
  ],
  [
    18.565,
    26.3187
  ],
  [
    18.597,
    26.3133
  ],
  [
    18.621,
    26.3149
  ],
  [
    18.632,
    26.3134
  ],
  [
    18.652,
    26.3154
  ],
  [
    18.669,
    26.3234
  ],
  [
    18.683,
    26.3302
  ],
  [
    18.7,
    26.3352
  ],
  [
    18.716,
    26.3377
  ],
  [
    18.731,
    26.3432
  ],
  [
    18.748,
    26.3447
  ],
  [
    18.781,
    26.3454
  ],
  [
    18.791,
    26.3537
  ],
  [
    18.817,
    26.3514
  ],
  [
    18.843,
    26.3294
  ],
  [
    18.855,
    26.3238
  ],
  [
    18.872,
    26.3266
  ],
  [
    18.905,
    26.336
  ],
  [
    18.92,
    26.3398
  ],
  [
    18.933,
    26.3424
  ],
  [
    18.948,
    26.3427
  ],
  [
    18.973,
    26.3383
  ],
  [
    18.999,
    26.3286
  ],
  [
    19.008,
    26.3241
  ],
  [
    19.034,
    26.3105
  ],
  [
    19.046,
    26.3026
  ],
  [
    19.061,
    26.3026
  ],
  [
    19.077,
    26.3049
  ],
  [
    19.094,
    26.3084
  ],
  [
    19.114,
    26.3139
  ],
  [
    19.133,
    26.3201
  ],
  [
    19.147,
    26.3268
  ],
  [
    19.164,
    26.3319
  ],
  [
    19.181,
    26.3336
  ],
  [
    19.208,
    26.3387
  ],
  [
    19.219,
    26.3436
  ],
  [
    19.237,
    26.3442
  ],
  [
    19.253,
    26.3431
  ],
  [
    19.268,
    26.3464
  ],
  [
    19.285,
    26.3484
  ],
  [
    19.302,
    26.3505
  ],
  [
    19.324,
    26.3537
  ],
  [
    19.338,
    26.352
  ],
  [
    19.356,
    26.3496
  ],
  [
    19.374,
    26.3485
  ],
  [
    19.395,
    26.3528
  ],
  [
    19.404,
    26.3558
  ],
  [
    19.421,
    26.3554
  ],
  [
    19.438,
    26.3559
  ],
  [
    19.456,
    26.3592
  ],
  [
    19.474,
    26.3639
  ],
  [
    19.502,
    26.3688
  ],
  [
    19.517,
    26.3735
  ],
  [
    19.536,
    26.3737
  ],
  [
    19.554,
    26.3758
  ],
  [
    19.57,
    26.3818
  ],
  [
    19.586,
    26.3876
  ],
  [
    19.6,
    26.3931
  ],
  [
    19.621,
    26.3983
  ],
  [
    19.64,
    26.404
  ],
  [
    19.65,
    26.4101
  ],
  [
    19.681,
    26.4167
  ],
  [
    19.693,
    26.4182
  ],
  [
    19.712,
    26.4227
  ],
  [
    19.727,
    26.4289
  ],
  [
    19.745,
    26.4353
  ],
  [
    19.761,
    26.4412
  ],
  [
    19.775,
    26.4469
  ],
  [
    19.802,
    26.4571
  ],
  [
    19.813,
    26.4618
  ],
  [
    19.843,
    26.4709
  ],
  [
    19.851,
    26.4753
  ],
  [
    19.876,
    26.4839
  ],
  [
    19.886,
    26.4863
  ],
  [
    19.913,
    26.4922
  ],
  [
    19.92,
    26.4959
  ],
  [
    19.943,
    26.5031
  ],
  [
    19.973,
    26.5133
  ],
  [
    19.98,
    26.5177
  ],
  [
    20.0,
    26.5238
  ],
  [
    20.027,
    26.5286
  ],
  [
    20.036,
    26.5347
  ],
  [
    20.062,
    26.5375
  ],
  [
    20.069,
    26.5417
  ],
  [
    20.098,
    26.5496
  ],
  [
    20.118,
    26.5562
  ],
  [
    20.125,
    26.5617
  ],
  [
    20.152,
    26.5688
  ],
  [
    20.159,
    26.5724
  ],
  [
    20.187,
    26.5783
  ],
  [
    20.193,
    26.5815
  ],
  [
    20.222,
    26.5882
  ],
  [
    20.23,
    26.5917
  ],
  [
    20.257,
    26.598
  ],
  [
    20.264,
    26.6017
  ],
  [
    20.292,
    26.6062
  ],
  [
    20.312,
    26.6134
  ],
  [
    20.337,
    26.6067
  ],
  [
    20.343,
    26.6091
  ],
  [
    20.372,
    26.6145
  ],
  [
    20.379,
    26.6192
  ],
  [
    20.406,
    26.6242
  ],
  [
    20.417,
    26.6284
  ],
  [
    20.443,
    26.6357
  ],
  [
    20.451,
    26.6363
  ],
  [
    20.47,
    26.6394
  ],
  [
    20.483,
    26.6425
  ],
  [
    20.499,
    26.6475
  ],
  [
    20.53,
    26.649
  ],
  [
    20.554,
    26.6537
  ],
  [
    20.574,
    24.6693
  ],
  [
    20.585,
    22.428
  ],
  [
    20.6,
    20.3913
  ],
  [
    20.631,
    16.9387
  ],
  [
    20.65,
    15.0129
  ],
  [
    20.662,
    12.8634
  ],
  [
    20.689,
    8.712
  ],
  [
    20.701,
    7.0002
  ],
  [
    20.717,
    4.755
  ],
  [
    20.749,
    0.0949
  ],
  [
    20.76,
    0.0
  ],
  [
    20.776,
    0.0
  ],
  [
    20.79,
    0.0
  ],
  [
    20.806,
    0.0
  ],
  [
    20.834,
    0.0
  ],
  [
    20.847,
    0.0
  ],
  [
    20.882,
    0.0
  ],
  [
    20.897,
    0.0
  ],
  [
    20.91,
    0.0
  ],
  [
    20.928,
    0.0
  ],
  [
    20.946,
    0.0
  ],
  [
    20.962,
    0.0
  ],
  [
    20.983,
    0.0
  ],
  [
    20.999,
    0.0
  ],
  [
    21.016,
    0.0
  ],
  [
    21.033,
    0.0
  ],
  [
    21.047,
    0.0
  ],
  [
    21.062,
    0.0
  ],
  [
    21.078,
    0.0
  ],
  [
    21.093,
    0.0
  ],
  [
    21.127,
    0.0
  ],
  [
    21.14,
    0.0
  ],
  [
    21.154,
    0.0
  ],
  [
    21.192,
    0.0
  ],
  [
    21.21,
    0.0
  ],
  [
    21.219,
    0.0
  ],
  [
    21.25,
    0.0
  ],
  [
    21.267,
    0.0
  ],
  [
    21.276,
    0.0
  ],
  [
    21.291,
    0.0
  ],
  [
    21.322,
    0.0
  ],
  [
    21.333,
    0.0
  ],
  [
    21.35,
    0.0
  ],
  [
    21.365,
    0.0
  ],
  [
    21.385,
    0.0
  ],
  [
    21.399,
    0.0
  ],
  [
    21.434,
    0.0
  ],
  [
    21.44,
    0.0
  ],
  [
    21.456,
    0.0
  ],
  [
    21.489,
    0.0
  ],
  [
    21.503,
    0.0
  ],
  [
    21.513,
    0.0
  ],
  [
    21.543,
    0.0
  ],
  [
    21.555,
    0.0
  ],
  [
    21.595,
    0.0
  ],
  [
    21.606,
    0.0
  ],
  [
    21.618,
    0.0
  ],
  [
    21.649,
    0.0
  ],
  [
    21.657,
    0.0
  ],
  [
    21.685,
    0.0
  ],
  [
    21.692,
    0.0
  ],
  [
    21.715,
    0.0
  ],
  [
    21.731,
    0.0
  ],
  [
    21.74,
    0.0
  ],
  [
    21.767,
    0.0
  ],
  [
    21.784,
    0.0
  ],
  [
    21.797,
    0.0
  ],
  [
    21.819,
    0.0
  ],
  [
    21.832,
    0.0
  ],
  [
    21.842,
    0.0
  ],
  [
    21.872,
    0.0
  ],
  [
    21.885,
    0.0
  ],
  [
    21.893,
    0.0
  ],
  [
    21.921,
    0.0
  ],
  [
    21.927,
    0.0
  ],
  [
    21.949,
    0.0
  ],
  [
    21.977,
    0.0
  ],
  [
    21.992,
    0.0
  ],
  [
    22.001,
    0.0
  ],
  [
    22.027,
    0.0
  ],
  [
    22.037,
    0.0
  ],
  [
    22.048,
    0.0
  ],
  [
    22.077,
    0.0
  ],
  [
    22.083,
    0.0
  ],
  [
    22.107,
    0.0
  ],
  [
    22.118,
    0.0
  ],
  [
    22.132,
    0.0
  ],
  [
    22.161,
    0.0
  ],
  [
    22.17,
    0.0
  ],
  [
    22.197,
    0.0
  ],
  [
    22.211,
    0.0
  ],
  [
    22.222,
    0.0
  ],
  [
    22.248,
    0.0
  ],
  [
    22.257,
    0.0
  ],
  [
    22.28,
    0.0
  ],
  [
    22.307,
    0.0
  ],
  [
    22.316,
    0.0
  ],
  [
    22.341,
    0.0
  ],
  [
    22.35,
    0.0
  ],
  [
    22.375,
    0.0
  ],
  [
    22.386,
    0.0
  ],
  [
    22.408,
    0.0
  ],
  [
    22.415,
    0.0
  ],
  [
    22.447,
    0.0
  ],
  [
    22.456,
    0.0
  ],
  [
    22.48,
    0.0
  ],
  [
    22.492,
    0.0
  ],
  [
    22.511,
    0.0
  ],
  [
    22.537,
    0.0
  ],
  [
    22.545,
    0.0
  ],
  [
    22.569,
    0.0
  ],
  [
    22.577,
    0.0
  ],
  [
    22.594,
    0.0
  ],
  [
    22.62,
    0.0
  ],
  [
    22.629,
    0.0
  ],
  [
    22.657,
    0.0
  ],
  [
    22.67,
    0.0
  ],
  [
    22.695,
    0.0
  ],
  [
    22.703,
    0.0
  ],
  [
    22.732,
    0.0
  ],
  [
    22.744,
    0.0
  ],
  [
    22.757,
    0.0
  ],
  [
    22.785,
    0.0
  ],
  [
    22.792,
    0.0
  ],
  [
    22.82,
    0.0
  ],
  [
    22.826,
    0.0
  ],
  [
    22.849,
    0.0
  ],
  [
    22.86,
    0.0
  ],
  [
    22.886,
    0.0
  ],
  [
    22.893,
    0.0
  ],
  [
    22.915,
    0.0
  ],
  [
    22.937,
    0.0
  ],
  [
    22.952,
    0.0
  ],
  [
    22.97,
    0.0
  ],
  [
    22.981,
    0.0
  ]
]