# Steering Wheel Angle Log (Actual Physical Angle)
# Start time : 2026-06-14 21:57:17
# End time   : 2026-06-14 21:57:45
# Total time : 28.07 seconds
# Points     : 1528
# Format     : [[elapsed_seconds, wheel_angle_degrees], ...]
[
  [
    0.234,
    0.0
  ],
  [
    0.243,
    0.0
  ],
  [
    0.273,
    0.0
  ],
  [
    0.282,
    0.0
  ],
  [
    0.299,
    0.0
  ],
  [
    0.327,
    0.0
  ],
  [
    0.337,
    0.0
  ],
  [
    0.351,
    0.0
  ],
  [
    0.371,
    0.0
  ],
  [
    0.401,
    0.0
  ],
  [
    0.41,
    0.0
  ],
  [
    0.442,
    0.0
  ],
  [
    0.45,
    0.0
  ],
  [
    0.479,
    0.0
  ],
  [
    0.495,
    0.0
  ],
  [
    0.509,
    0.0
  ],
  [
    0.53,
    0.0
  ],
  [
    0.55,
    0.0
  ],
  [
    0.562,
    0.0
  ],
  [
    0.592,
    0.0
  ],
  [
    0.598,
    0.0
  ],
  [
    0.629,
    0.0
  ],
  [
    0.643,
    0.0
  ],
  [
    0.658,
    0.0
  ],
  [
    0.672,
    0.0
  ],
  [
    0.689,
    0.0
  ],
  [
    0.705,
    0.0
  ],
  [
    0.719,
    0.0
  ],
  [
    0.735,
    0.0
  ],
  [
    0.751,
    0.0
  ],
  [
    0.778,
    0.0
  ],
  [
    0.792,
    0.0
  ],
  [
    0.809,
    0.0
  ],
  [
    0.839,
    0.0
  ],
  [
    0.848,
    0.0
  ],
  [
    0.879,
    0.0
  ],
  [
    0.888,
    0.0
  ],
  [
    0.914,
    0.0
  ],
  [
    0.928,
    0.0
  ],
  [
    0.94,
    0.0
  ],
  [
    0.967,
    0.0
  ],
  [
    0.975,
    0.0
  ],
  [
    0.988,
    0.0
  ],
  [
    1.018,
    0.0
  ],
  [
    1.026,
    0.0
  ],
  [
    1.057,
    0.0
  ],
  [
    1.066,
    0.0
  ],
  [
    1.092,
    0.0
  ],
  [
    1.1,
    0.0
  ],
  [
    1.128,
    0.0
  ],
  [
    1.137,
    0.0
  ],
  [
    1.166,
    0.0
  ],
  [
    1.178,
    0.0
  ],
  [
    1.196,
    0.0
  ],
  [
    1.207,
    0.0
  ],
  [
    1.237,
    0.0
  ],
  [
    1.248,
    0.0
  ],
  [
    1.268,
    0.0
  ],
  [
    1.28,
    0.0
  ],
  [
    1.309,
    0.0
  ],
  [
    1.322,
    0.0
  ],
  [
    1.335,
    0.0
  ],
  [
    1.348,
    0.0
  ],
  [
    1.379,
    0.0
  ],
  [
    1.389,
    0.0
  ],
  [
    1.406,
    0.0
  ],
  [
    1.434,
    0.0
  ],
  [
    1.446,
    0.0
  ],
  [
    1.459,
    0.0
  ],
  [
    1.489,
    0.0
  ],
  [
    1.499,
    0.0
  ],
  [
    1.514,
    0.0
  ],
  [
    1.546,
    0.0
  ],
  [
    1.555,
    0.0
  ],
  [
    1.583,
    0.0
  ],
  [
    1.595,
    0.0
  ],
  [
    1.609,
    0.0
  ],
  [
    1.631,
    0.0
  ],
  [
    1.642,
    0.0
  ],
  [
    1.672,
    0.0
  ],
  [
    1.685,
    0.0
  ],
  [
    1.698,
    0.0
  ],
  [
    1.728,
    0.0
  ],
  [
    1.739,
    0.0
  ],
  [
    1.753,
    0.0
  ],
  [
    1.769,
    0.0
  ],
  [
    1.796,
    0.0
  ],
  [
    1.808,
    0.0
  ],
  [
    1.82,
    0.0
  ],
  [
    1.853,
    0.0
  ],
  [
    1.862,
    0.0
  ],
  [
    1.876,
    0.0
  ],
  [
    1.89,
    0.0
  ],
  [
    1.923,
    0.0
  ],
  [
    1.938,
    0.0
  ],
  [
    1.952,
    0.0
  ],
  [
    1.965,
    0.0
  ],
  [
    1.982,
    0.0
  ],
  [
    1.997,
    0.0
  ],
  [
    2.028,
    0.0
  ],
  [
    2.04,
    0.0
  ],
  [
    2.065,
    0.0
  ],
  [
    2.078,
    0.0
  ],
  [
    2.105,
    0.0
  ],
  [
    2.114,
    0.0
  ],
  [
    2.127,
    0.0
  ],
  [
    2.156,
    0.0
  ],
  [
    2.164,
    0.0
  ],
  [
    2.194,
    0.0
  ],
  [
    2.204,
    0.0
  ],
  [
    2.217,
    0.0
  ],
  [
    2.23,
    0.0
  ],
  [
    2.261,
    0.0
  ],
  [
    2.28,
    0.0
  ],
  [
    2.288,
    0.0
  ],
  [
    2.322,
    0.0
  ],
  [
    2.328,
    0.0
  ],
  [
    2.354,
    0.0
  ],
  [
    2.369,
    0.0
  ],
  [
    2.381,
    0.0
  ],
  [
    2.412,
    0.0
  ],
  [
    2.421,
    0.0
  ],
  [
    2.436,
    0.0
  ],
  [
    2.466,
    0.0
  ],
  [
    2.476,
    0.0
  ],
  [
    2.504,
    0.0
  ],
  [
    2.518,
    0.0
  ],
  [
    2.531,
    0.0
  ],
  [
    2.559,
    0.0
  ],
  [
    2.568,
    0.0
  ],
  [
    2.587,
    0.0
  ],
  [
    2.612,
    0.0
  ],
  [
    2.627,
    0.0
  ],
  [
    2.654,
    0.0
  ],
  [
    2.664,
    0.0
  ],
  [
    2.68,
    0.0
  ],
  [
    2.724,
    0.0
  ],
  [
    2.74,
    0.0
  ],
  [
    2.751,
    0.0
  ],
  [
    2.778,
    0.0
  ],
  [
    2.791,
    0.0
  ],
  [
    2.812,
    0.0
  ],
  [
    2.83,
    0.0
  ],
  [
    2.854,
    0.0
  ],
  [
    2.864,
    0.0
  ],
  [
    2.879,
    0.0
  ],
  [
    2.898,
    0.0
  ],
  [
    2.924,
    0.0
  ],
  [
    2.953,
    0.0
  ],
  [
    2.967,
    0.0
  ],
  [
    2.986,
    0.0
  ],
  [
    3.006,
    0.0
  ],
  [
    3.024,
    0.0
  ],
  [
    3.046,
    0.0
  ],
  [
    3.065,
    0.0
  ],
  [
    3.087,
    0.0
  ],
  [
    3.107,
    0.0
  ],
  [
    3.128,
    0.0
  ],
  [
    3.151,
    0.0
  ],
  [
    3.165,
    0.0
  ],
  [
    3.186,
    0.0
  ],
  [
    3.213,
    0.0
  ],
  [
    3.226,
    0.0
  ],
  [
    3.248,
    0.0
  ],
  [
    3.265,
    0.0
  ],
  [
    3.284,
    0.0
  ],
  [
    3.306,
    0.0
  ],
  [
    3.334,
    0.0
  ],
  [
    3.346,
    0.0
  ],
  [
    3.363,
    0.0
  ],
  [
    3.38,
    0.0
  ],
  [
    3.397,
    0.0
  ],
  [
    3.419,
    0.0
  ],
  [
    3.441,
    0.0
  ],
  [
    3.459,
    0.0
  ],
  [
    3.489,
    0.0
  ],
  [
    3.505,
    0.0
  ],
  [
    3.527,
    0.0
  ],
  [
    3.549,
    0.0
  ],
  [
    3.565,
    0.0
  ],
  [
    3.583,
    0.0
  ],
  [
    3.601,
    0.0
  ],
  [
    3.628,
    0.0
  ],
  [
    3.65,
    0.0
  ],
  [
    3.659,
    0.0
  ],
  [
    3.678,
    0.0
  ],
  [
    3.701,
    0.0
  ],
  [
    3.718,
    0.0
  ],
  [
    3.739,
    0.0
  ],
  [
    3.759,
    0.0
  ],
  [
    3.784,
    0.0
  ],
  [
    3.796,
    0.0
  ],
  [
    3.814,
    0.0
  ],
  [
    3.83,
    0.0
  ],
  [
    3.848,
    0.0
  ],
  [
    3.87,
    0.0
  ],
  [
    3.89,
    0.0
  ],
  [
    3.913,
    0.0
  ],
  [
    3.935,
    0.0
  ],
  [
    3.956,
    0.0
  ],
  [
    3.978,
    0.0
  ],
  [
    4.002,
    0.0
  ],
  [
    4.022,
    0.0
  ],
  [
    4.046,
    0.0
  ],
  [
    4.073,
    0.0
  ],
  [
    4.088,
    0.0
  ],
  [
    4.106,
    0.0
  ],
  [
    4.122,
    0.0
  ],
  [
    4.134,
    0.0
  ],
  [
    4.16,
    0.0
  ],
  [
    4.17,
    0.0
  ],
  [
    4.199,
    0.0
  ],
  [
    4.208,
    0.0
  ],
  [
    4.235,
    0.0
  ],
  [
    4.246,
    0.0
  ],
  [
    4.258,
    0.0
  ],
  [
    4.284,
    0.0
  ],
  [
    4.293,
    0.0
  ],
  [
    4.321,
    0.0
  ],
  [
    4.334,
    0.0
  ],
  [
    4.348,
    0.0
  ],
  [
    4.364,
    0.0
  ],
  [
    4.387,
    0.0
  ],
  [
    4.403,
    0.0
  ],
  [
    4.414,
    0.0
  ],
  [
    4.438,
    0.0
  ],
  [
    4.45,
    0.0
  ],
  [
    4.476,
    0.0
  ],
  [
    4.486,
    0.0
  ],
  [
    4.514,
    0.0
  ],
  [
    4.525,
    0.0
  ],
  [
    4.544,
    0.0
  ],
  [
    4.557,
    0.0
  ],
  [
    4.575,
    0.0
  ],
  [
    4.602,
    0.0
  ],
  [
    4.616,
    0.0
  ],
  [
    4.643,
    0.0
  ],
  [
    4.652,
    0.0
  ],
  [
    4.679,
    0.0
  ],
  [
    4.691,
    0.0
  ],
  [
    4.719,
    0.0
  ],
  [
    4.729,
    0.0
  ],
  [
    4.742,
    0.0
  ],
  [
    4.771,
    0.0
  ],
  [
    4.781,
    0.0
  ],
  [
    4.796,
    0.0
  ],
  [
    4.826,
    0.0
  ],
  [
    4.836,
    0.0
  ],
  [
    4.849,
    0.0
  ],
  [
    4.878,
    0.0
  ],
  [
    4.887,
    0.0
  ],
  [
    4.918,
    0.0
  ],
  [
    4.929,
    0.0
  ],
  [
    4.943,
    0.0
  ],
  [
    4.975,
    0.0
  ],
  [
    4.986,
    0.0
  ],
  [
    5.015,
    0.0
  ],
  [
    5.026,
    0.0
  ],
  [
    5.057,
    0.0
  ],
  [
    5.066,
    0.0
  ],
  [
    5.092,
    0.0
  ],
  [
    5.099,
    0.0
  ],
  [
    5.129,
    0.0
  ],
  [
    5.138,
    0.0
  ],
  [
    5.154,
    0.0
  ],
  [
    5.175,
    0.0
  ],
  [
    5.202,
    0.0
  ],
  [
    5.214,
    0.0
  ],
  [
    5.233,
    0.0
  ],
  [
    5.253,
    0.0
  ],
  [
    5.277,
    0.0
  ],
  [
    5.295,
    0.0
  ],
  [
    5.31,
    0.0
  ],
  [
    5.326,
    0.0
  ],
  [
    5.349,
    0.0
  ],
  [
    5.378,
    0.0
  ],
  [
    5.398,
    0.0
  ],
  [
    5.412,
    0.0
  ],
  [
    5.43,
    0.0
  ],
  [
    5.449,
    0.0
  ],
  [
    5.466,
    0.0
  ],
  [
    5.481,
    0.0
  ],
  [
    5.508,
    0.0
  ],
  [
    5.517,
    0.0
  ],
  [
    5.531,
    0.0
  ],
  [
    5.558,
    0.0
  ],
  [
    5.567,
    0.0
  ],
  [
    5.584,
    0.0
  ],
  [
    5.612,
    0.0
  ],
  [
    5.621,
    0.0
  ],
  [
    5.638,
    0.0
  ],
  [
    5.658,
    0.0
  ],
  [
    5.669,
    0.0
  ],
  [
    5.685,
    0.0
  ],
  [
    5.702,
    0.0
  ],
  [
    5.721,
    0.0
  ],
  [
    5.743,
    0.0
  ],
  [
    5.774,
    0.0
  ],
  [
    5.787,
    0.0
  ],
  [
    5.808,
    0.0
  ],
  [
    5.824,
    0.0
  ],
  [
    5.84,
    0.0
  ],
  [
    5.853,
    0.0
  ],
  [
    5.88,
    0.0
  ],
  [
    5.89,
    0.0
  ],
  [
    5.92,
    0.0
  ],
  [
    5.93,
    0.0
  ],
  [
    5.958,
    0.0
  ],
  [
    5.989,
    0.0
  ],
  [
    5.997,
    0.0
  ],
  [
    6.015,
    0.0
  ],
  [
    6.03,
    0.0
  ],
  [
    6.054,
    0.0
  ],
  [
    6.076,
    0.0
  ],
  [
    6.102,
    0.0
  ],
  [
    6.12,
    0.0
  ],
  [
    6.138,
    0.0
  ],
  [
    6.158,
    0.0
  ],
  [
    6.184,
    0.0
  ],
  [
    6.199,
    0.0
  ],
  [
    6.215,
    0.0
  ],
  [
    6.229,
    0.0
  ],
  [
    6.248,
    0.0
  ],
  [
    6.267,
    0.0
  ],
  [
    6.288,
    0.0
  ],
  [
    6.309,
    0.0
  ],
  [
    6.332,
    0.0
  ],
  [
    6.353,
    0.0
  ],
  [
    6.373,
    0.0
  ],
  [
    6.392,
    0.0
  ],
  [
    6.412,
    0.0
  ],
  [
    6.422,
    0.0
  ],
  [
    6.437,
    0.0
  ],
  [
    6.454,
    0.0
  ],
  [
    6.483,
    0.0
  ],
  [
    6.497,
    0.0
  ],
  [
    6.509,
    0.0
  ],
  [
    6.535,
    0.0
  ],
  [
    6.551,
    0.0
  ],
  [
    6.561,
    0.0
  ],
  [
    6.589,
    0.0
  ],
  [
    6.599,
    0.0
  ],
  [
    6.629,
    0.0
  ],
  [
    6.639,
    0.0
  ],
  [
    6.654,
    0.0
  ],
  [
    6.686,
    0.0
  ],
  [
    6.697,
    0.0
  ],
  [
    6.712,
    0.0
  ],
  [
    6.739,
    0.0
  ],
  [
    6.751,
    0.0
  ],
  [
    6.766,
    0.0
  ],
  [
    6.794,
    0.0
  ],
  [
    6.807,
    0.0
  ],
  [
    6.819,
    0.0
  ],
  [
    6.851,
    0.0
  ],
  [
    6.86,
    0.0
  ],
  [
    6.876,
    0.0
  ],
  [
    6.904,
    0.0
  ],
  [
    6.918,
    0.0
  ],
  [
    6.929,
    0.0
  ],
  [
    6.945,
    0.0
  ],
  [
    6.968,
    0.0
  ],
  [
    6.981,
    0.0
  ],
  [
    7.01,
    0.0
  ],
  [
    7.024,
    0.0
  ],
  [
    7.035,
    0.0
  ],
  [
    7.049,
    0.0
  ],
  [
    7.08,
    0.0
  ],
  [
    7.094,
    0.0
  ],
  [
    7.118,
    0.0
  ],
  [
    7.128,
    0.0
  ],
  [
    7.143,
    0.0
  ],
  [
    7.171,
    0.0
  ],
  [
    7.183,
    0.0
  ],
  [
    7.197,
    0.0
  ],
  [
    7.224,
    0.0
  ],
  [
    7.235,
    0.0
  ],
  [
    7.249,
    0.0
  ],
  [
    7.278,
    0.0
  ],
  [
    7.291,
    0.0
  ],
  [
    7.3,
    0.0
  ],
  [
    7.328,
    0.0
  ],
  [
    7.338,
    0.0
  ],
  [
    7.354,
    0.0
  ],
  [
    7.383,
    0.0
  ],
  [
    7.397,
    0.0
  ],
  [
    7.408,
    0.0
  ],
  [
    7.421,
    0.0
  ],
  [
    7.452,
    0.0
  ],
  [
    7.461,
    0.0
  ],
  [
    7.489,
    0.0
  ],
  [
    7.498,
    0.0
  ],
  [
    7.523,
    0.0
  ],
  [
    7.532,
    0.0
  ],
  [
    7.558,
    0.0
  ],
  [
    7.566,
    0.0
  ],
  [
    7.595,
    0.0
  ],
  [
    7.602,
    0.0
  ],
  [
    7.62,
    0.0
  ],
  [
    7.649,
    0.0
  ],
  [
    7.661,
    0.0
  ],
  [
    7.673,
    0.0
  ],
  [
    7.7,
    0.0
  ],
  [
    7.71,
    0.0
  ],
  [
    7.725,
    0.0
  ],
  [
    7.755,
    0.0
  ],
  [
    7.773,
    0.0
  ],
  [
    7.784,
    0.0
  ],
  [
    7.813,
    0.0
  ],
  [
    7.827,
    0.0
  ],
  [
    7.835,
    0.0
  ],
  [
    7.858,
    0.0
  ],
  [
    7.872,
    0.0
  ],
  [
    7.897,
    0.0
  ],
  [
    7.909,
    0.0
  ],
  [
    7.92,
    0.0
  ],
  [
    7.937,
    0.0
  ],
  [
    7.965,
    0.0
  ],
  [
    7.978,
    0.0
  ],
  [
    7.989,
    0.0
  ],
  [
    8.02,
    0.0
  ],
  [
    8.03,
    0.0
  ],
  [
    8.053,
    0.0
  ],
  [
    8.062,
    0.0
  ],
  [
    8.091,
    0.0
  ],
  [
    8.098,
    0.0
  ],
  [
    8.114,
    0.0
  ],
  [
    8.138,
    0.0
  ],
  [
    8.149,
    0.0
  ],
  [
    8.174,
    0.0
  ],
  [
    8.19,
    0.0
  ],
  [
    8.199,
    0.0
  ],
  [
    8.226,
    0.0
  ],
  [
    8.235,
    0.0
  ],
  [
    8.26,
    0.0
  ],
  [
    8.268,
    0.0
  ],
  [
    8.298,
    0.0
  ],
  [
    8.306,
    0.0
  ],
  [
    8.329,
    0.0
  ],
  [
    8.341,
    0.0
  ],
  [
    8.368,
    0.0
  ],
  [
    8.379,
    0.0
  ],
  [
    8.407,
    0.0
  ],
  [
    8.415,
    0.0
  ],
  [
    8.443,
    0.0
  ],
  [
    8.451,
    0.0
  ],
  [
    8.478,
    0.0
  ],
  [
    8.487,
    0.0
  ],
  [
    8.505,
    0.0
  ],
  [
    8.518,
    0.0
  ],
  [
    8.545,
    0.0
  ],
  [
    8.555,
    0.0
  ],
  [
    8.58,
    0.0
  ],
  [
    8.595,
    0.0
  ],
  [
    8.606,
    0.0
  ],
  [
    8.631,
    0.0
  ],
  [
    8.652,
    0.0
  ],
  [
    8.664,
    0.0
  ],
  [
    8.674,
    0.0
  ],
  [
    8.701,
    0.0
  ],
  [
    8.713,
    0.0
  ],
  [
    8.728,
    0.0
  ],
  [
    8.751,
    0.0
  ],
  [
    8.777,
    0.0
  ],
  [
    8.787,
    0.0
  ],
  [
    8.8,
    0.0
  ],
  [
    8.826,
    0.0
  ],
  [
    8.848,
    0.0
  ],
  [
    8.856,
    0.0
  ],
  [
    8.883,
    0.0
  ],
  [
    8.891,
    0.0
  ],
  [
    8.917,
    0.0
  ],
  [
    8.926,
    0.0
  ],
  [
    8.951,
    0.0
  ],
  [
    8.96,
    0.0
  ],
  [
    8.989,
    0.0
  ],
  [
    8.996,
    0.0
  ],
  [
    9.024,
    0.0
  ],
  [
    9.031,
    0.0
  ],
  [
    9.055,
    0.0
  ],
  [
    9.063,
    0.0
  ],
  [
    9.092,
    0.0
  ],
  [
    9.113,
    0.0
  ],
  [
    9.122,
    0.0
  ],
  [
    9.149,
    0.0
  ],
  [
    9.155,
    0.0
  ],
  [
    9.186,
    0.0
  ],
  [
    9.199,
    0.0
  ],
  [
    9.208,
    0.0
  ],
  [
    9.234,
    0.0
  ],
  [
    9.245,
    0.0
  ],
  [
    9.271,
    0.0
  ],
  [
    9.279,
    0.0
  ],
  [
    9.307,
    0.0
  ],
  [
    9.317,
    0.0
  ],
  [
    9.34,
    0.0
  ],
  [
    9.353,
    0.0
  ],
  [
    9.378,
    0.0
  ],
  [
    9.387,
    0.0
  ],
  [
    9.418,
    0.0
  ],
  [
    9.425,
    0.0
  ],
  [
    9.454,
    0.0
  ],
  [
    9.461,
    0.0
  ],
  [
    9.484,
    0.0
  ],
  [
    9.498,
    0.0
  ],
  [
    9.524,
    0.0
  ],
  [
    9.531,
    0.0
  ],
  [
    9.554,
    0.0
  ],
  [
    9.566,
    0.0
  ],
  [
    9.59,
    0.0
  ],
  [
    9.601,
    0.0
  ],
  [
    9.627,
    0.0
  ],
  [
    9.634,
    0.0
  ],
  [
    9.655,
    0.0
  ],
  [
    9.668,
    0.0
  ],
  [
    9.697,
    0.0
  ],
  [
    9.705,
    0.0
  ],
  [
    9.732,
    0.0
  ],
  [
    9.741,
    0.0
  ],
  [
    9.767,
    0.0
  ],
  [
    9.777,
    0.0
  ],
  [
    9.805,
    0.0
  ],
  [
    9.816,
    0.0
  ],
  [
    9.843,
    0.0
  ],
  [
    9.854,
    0.0
  ],
  [
    9.879,
    0.0
  ],
  [
    9.886,
    0.0
  ],
  [
    9.913,
    0.0
  ],
  [
    9.923,
    0.0
  ],
  [
    9.952,
    0.0
  ],
  [
    9.962,
    0.0
  ],
  [
    9.977,
    0.0
  ],
  [
    10.0,
    0.0
  ],
  [
    10.015,
    0.0
  ],
  [
    10.044,
    0.0
  ],
  [
    10.053,
    0.0
  ],
  [
    10.082,
    0.0
  ],
  [
    10.09,
    0.0
  ],
  [
    10.126,
    0.0
  ],
  [
    10.133,
    0.0
  ],
  [
    10.164,
    0.0
  ],
  [
    10.177,
    0.0
  ],
  [
    10.186,
    0.0
  ],
  [
    10.213,
    0.0
  ],
  [
    10.222,
    0.0
  ],
  [
    10.247,
    0.0
  ],
  [
    10.256,
    0.0
  ],
  [
    10.282,
    0.0
  ],
  [
    10.29,
    0.0
  ],
  [
    10.32,
    0.0
  ],
  [
    10.328,
    0.0
  ],
  [
    10.353,
    0.0
  ],
  [
    10.374,
    0.0
  ],
  [
    10.385,
    0.0
  ],
  [
    10.41,
    0.0
  ],
  [
    10.418,
    0.0
  ],
  [
    10.447,
    0.0
  ],
  [
    10.455,
    0.0
  ],
  [
    10.483,
    0.0
  ],
  [
    10.491,
    0.0
  ],
  [
    10.517,
    0.0
  ],
  [
    10.526,
    0.0
  ],
  [
    10.552,
    0.0
  ],
  [
    10.571,
    0.0
  ],
  [
    10.585,
    0.0
  ],
  [
    10.604,
    0.0
  ],
  [
    10.621,
    0.0
  ],
  [
    10.643,
    0.0
  ],
  [
    10.658,
    0.0
  ],
  [
    10.677,
    0.0
  ],
  [
    10.699,
    0.0
  ],
  [
    10.709,
    0.0
  ],
  [
    10.734,
    0.0
  ],
  [
    10.748,
    0.0
  ],
  [
    10.78,
    0.0
  ],
  [
    10.793,
    0.0
  ],
  [
    10.808,
    0.0
  ],
  [
    10.828,
    0.0
  ],
  [
    10.845,
    0.0
  ],
  [
    10.862,
    0.0
  ],
  [
    10.904,
    0.0
  ],
  [
    10.917,
    0.0
  ],
  [
    10.944,
    -1.9377
  ],
  [
    10.954,
    -3.7121
  ],
  [
    10.977,
    -5.1349
  ],
  [
    11.0,
    -7.1901
  ],
  [
    11.01,
    -8.684
  ],
  [
    11.028,
    -10.0579
  ],
  [
    11.052,
    -11.6667
  ],
  [
    11.062,
    -13.2135
  ],
  [
    11.085,
    -14.5906
  ],
  [
    11.096,
    -16.2097
  ],
  [
    11.112,
    -17.6111
  ],
  [
    11.126,
    -18.973
  ],
  [
    11.152,
    -21.263
  ],
  [
    11.159,
    -22.1364
  ],
  [
    11.184,
    -24.0666
  ],
  [
    11.192,
    -25.042
  ],
  [
    11.219,
    -26.9582
  ],
  [
    11.225,
    -27.9794
  ],
  [
    11.248,
    -29.8227
  ],
  [
    11.261,
    -30.7872
  ],
  [
    11.286,
    -33.1073
  ],
  [
    11.294,
    -33.8873
  ],
  [
    11.32,
    -34.9408
  ],
  [
    11.331,
    -34.9167
  ],
  [
    11.357,
    -34.9035
  ],
  [
    11.366,
    -34.8976
  ],
  [
    11.39,
    -34.8953
  ],
  [
    11.401,
    -34.8948
  ],
  [
    11.428,
    -34.8943
  ],
  [
    11.438,
    -34.8951
  ],
  [
    11.463,
    -34.8812
  ],
  [
    11.473,
    -34.859
  ],
  [
    11.498,
    -34.8542
  ],
  [
    11.509,
    -34.8244
  ],
  [
    11.54,
    -34.8078
  ],
  [
    11.548,
    -34.7931
  ],
  [
    11.574,
    -34.7808
  ],
  [
    11.599,
    -34.7783
  ],
  [
    11.608,
    -34.7665
  ],
  [
    11.636,
    -34.7336
  ],
  [
    11.645,
    -34.719
  ],
  [
    11.67,
    -34.7223
  ],
  [
    11.678,
    -34.6963
  ],
  [
    11.704,
    -34.6975
  ],
  [
    11.714,
    -34.6992
  ],
  [
    11.745,
    -34.6935
  ],
  [
    11.752,
    -34.6863
  ],
  [
    11.779,
    -34.645
  ],
  [
    11.788,
    -34.6475
  ],
  [
    11.816,
    -34.6061
  ],
  [
    11.824,
    -34.6083
  ],
  [
    11.854,
    -34.6089
  ],
  [
    11.871,
    -34.6065
  ],
  [
    11.88,
    -34.6034
  ],
  [
    11.909,
    -34.5995
  ],
  [
    11.918,
    -34.5833
  ],
  [
    11.946,
    -34.5742
  ],
  [
    11.954,
    -34.5727
  ],
  [
    11.981,
    -34.5683
  ],
  [
    11.99,
    -34.5682
  ],
  [
    12.016,
    -34.5686
  ],
  [
    12.029,
    -34.5641
  ],
  [
    12.053,
    -34.556
  ],
  [
    12.063,
    -34.5638
  ],
  [
    12.087,
    -34.5621
  ],
  [
    12.097,
    -34.5646
  ],
  [
    12.123,
    -34.5314
  ],
  [
    12.13,
    -34.5334
  ],
  [
    12.158,
    -34.4979
  ],
  [
    12.166,
    -34.4993
  ],
  [
    12.194,
    -34.4874
  ],
  [
    12.2,
    -34.4838
  ],
  [
    12.226,
    -34.4765
  ],
  [
    12.233,
    -34.479
  ],
  [
    12.263,
    -34.4539
  ],
  [
    12.285,
    -34.4517
  ],
  [
    12.309,
    -34.4477
  ],
  [
    12.316,
    -34.4526
  ],
  [
    12.349,
    -34.4369
  ],
  [
    12.358,
    -34.4277
  ],
  [
    12.379,
    -34.4365
  ],
  [
    12.396,
    -34.4461
  ],
  [
    12.412,
    -34.4509
  ],
  [
    12.432,
    -34.4579
  ],
  [
    12.452,
    -34.4627
  ],
  [
    12.479,
    -34.4628
  ],
  [
    12.489,
    -34.465
  ],
  [
    12.509,
    -34.4664
  ],
  [
    12.523,
    -34.4736
  ],
  [
    12.54,
    -34.4712
  ],
  [
    12.567,
    -34.4421
  ],
  [
    12.579,
    -34.4353
  ],
  [
    12.596,
    -34.4408
  ],
  [
    12.612,
    -34.4475
  ],
  [
    12.627,
    -34.4531
  ],
  [
    12.644,
    -34.4577
  ],
  [
    12.662,
    -34.4634
  ],
  [
    12.68,
    -34.4687
  ],
  [
    12.698,
    -34.4727
  ],
  [
    12.716,
    -34.4763
  ],
  [
    12.737,
    -34.4793
  ],
  [
    12.762,
    -34.4753
  ],
  [
    12.776,
    -34.468
  ],
  [
    12.798,
    -34.4496
  ],
  [
    12.816,
    -34.4219
  ],
  [
    12.83,
    -34.4204
  ],
  [
    12.849,
    -34.4174
  ],
  [
    12.866,
    -34.4176
  ],
  [
    12.899,
    -34.4249
  ],
  [
    12.909,
    -34.4176
  ],
  [
    12.925,
    -34.4093
  ],
  [
    12.945,
    -34.4163
  ],
  [
    12.979,
    -34.4203
  ],
  [
    12.988,
    -34.4298
  ],
  [
    13.005,
    -34.431
  ],
  [
    13.02,
    -34.4366
  ],
  [
    13.057,
    -34.4432
  ],
  [
    13.073,
    -34.4451
  ],
  [
    13.091,
    -34.443
  ],
  [
    13.103,
    -34.4464
  ],
  [
    13.126,
    -34.4502
  ],
  [
    13.134,
    -34.4549
  ],
  [
    13.174,
    -34.4417
  ],
  [
    13.186,
    -34.4407
  ],
  [
    13.204,
    -34.4433
  ],
  [
    13.221,
    -34.4481
  ],
  [
    13.239,
    -34.4524
  ],
  [
    13.256,
    -34.4559
  ],
  [
    13.273,
    -34.4604
  ],
  [
    13.287,
    -34.4636
  ],
  [
    13.316,
    -34.4284
  ],
  [
    13.324,
    -34.3838
  ],
  [
    13.351,
    -34.3476
  ],
  [
    13.357,
    -34.3334
  ],
  [
    13.383,
    -34.3237
  ],
  [
    13.394,
    -34.3162
  ],
  [
    13.421,
    -34.301
  ],
  [
    13.43,
    -34.2971
  ],
  [
    13.459,
    -34.2991
  ],
  [
    13.47,
    -34.2933
  ],
  [
    13.494,
    -34.2887
  ],
  [
    13.513,
    -34.2837
  ],
  [
    13.521,
    -34.2916
  ],
  [
    13.549,
    -34.2915
  ],
  [
    13.56,
    -34.2828
  ],
  [
    13.574,
    -34.2742
  ],
  [
    13.604,
    -34.2726
  ],
  [
    13.612,
    -34.2634
  ],
  [
    13.638,
    -34.2579
  ],
  [
    13.647,
    -34.251
  ],
  [
    13.676,
    -34.2376
  ],
  [
    13.684,
    -34.2345
  ],
  [
    13.71,
    -34.2235
  ],
  [
    13.721,
    -34.2159
  ],
  [
    13.733,
    -34.2135
  ],
  [
    13.756,
    -34.2151
  ],
  [
    13.782,
    -34.2212
  ],
  [
    13.789,
    -34.229
  ],
  [
    13.82,
    -34.2229
  ],
  [
    13.826,
    -34.2249
  ],
  [
    13.851,
    -34.2246
  ],
  [
    13.86,
    -34.2315
  ],
  [
    13.885,
    -34.223
  ],
  [
    13.895,
    -34.2197
  ],
  [
    13.923,
    -34.2065
  ],
  [
    13.932,
    -34.2028
  ],
  [
    13.96,
    -34.2008
  ],
  [
    13.969,
    -34.1961
  ],
  [
    13.996,
    -34.1868
  ],
  [
    14.005,
    -34.1865
  ],
  [
    14.02,
    -34.1972
  ],
  [
    14.047,
    -34.2033
  ],
  [
    14.058,
    -34.1989
  ],
  [
    14.073,
    -34.1951
  ],
  [
    14.101,
    -34.198
  ],
  [
    14.11,
    -34.1917
  ],
  [
    14.136,
    -34.1931
  ],
  [
    14.145,
    -34.1932
  ],
  [
    14.168,
    -34.1985
  ],
  [
    14.183,
    -34.2054
  ],
  [
    14.195,
    -34.208
  ],
  [
    14.222,
    -34.206
  ],
  [
    14.23,
    -34.1997
  ],
  [
    14.253,
    -34.1841
  ],
  [
    14.266,
    -34.1771
  ],
  [
    14.289,
    -34.1732
  ],
  [
    14.302,
    -34.1753
  ],
  [
    14.328,
    -34.1813
  ],
  [
    14.335,
    -34.1781
  ],
  [
    14.356,
    -34.1756
  ],
  [
    14.386,
    -34.16
  ],
  [
    14.393,
    -34.1623
  ],
  [
    14.416,
    -34.1558
  ],
  [
    14.444,
    -34.1455
  ],
  [
    14.454,
    -34.1465
  ],
  [
    14.488,
    -34.1499
  ],
  [
    14.496,
    -34.1567
  ],
  [
    14.522,
    -34.1577
  ],
  [
    14.53,
    -34.1603
  ],
  [
    14.558,
    -34.1624
  ],
  [
    14.566,
    -34.1593
  ],
  [
    14.581,
    -34.1515
  ],
  [
    14.604,
    -34.1555
  ],
  [
    14.615,
    -34.1507
  ],
  [
    14.637,
    -34.1384
  ],
  [
    14.664,
    -34.1475
  ],
  [
    14.687,
    -34.1353
  ],
  [
    14.698,
    -34.1317
  ],
  [
    14.726,
    -34.1374
  ],
  [
    14.749,
    0.0
  ],
  [
    14.766,
    -1.0307
  ],
  [
    14.777,
    -2.0959
  ],
  [
    14.792,
    -3.5567
  ],
  [
    14.807,
    -4.8571
  ],
  [
    14.835,
    -7.3147
  ],
  [
    14.841,
    -8.4014
  ],
  [
    14.869,
    -10.2432
  ],
  [
    14.877,
    -11.2891
  ],
  [
    14.892,
    -12.408
  ],
  [
    14.919,
    -14.6685
  ],
  [
    14.928,
    -15.9311
  ],
  [
    14.956,
    -17.8844
  ],
  [
    14.964,
    -18.9727
  ],
  [
    14.992,
    -20.9115
  ],
  [
    15.007,
    -21.9703
  ],
  [
    15.018,
    -23.5128
  ],
  [
    15.046,
    -25.7562
  ],
  [
    15.055,
    -26.8106
  ],
  [
    15.081,
    -28.9264
  ],
  [
    15.093,
    -29.9414
  ],
  [
    15.106,
    -31.116
  ],
  [
    15.131,
    -33.3864
  ],
  [
    15.141,
    -34.2351
  ],
  [
    15.167,
    -35.0
  ],
  [
    15.178,
    -35.0
  ],
  [
    15.205,
    -35.0
  ],
  [
    15.216,
    -35.0
  ],
  [
    15.245,
    -35.0
  ],
  [
    15.254,
    -35.0
  ],
  [
    15.268,
    -35.0
  ],
  [
    15.296,
    -35.0
  ],
  [
    15.303,
    -35.0
  ],
  [
    15.329,
    -35.0
  ],
  [
    15.337,
    -35.0
  ],
  [
    15.36,
    -35.0
  ],
  [
    15.372,
    -35.0
  ],
  [
    15.397,
    -35.0
  ],
  [
    15.408,
    -35.0
  ],
  [
    15.435,
    -35.0
  ],
  [
    15.445,
    -35.0
  ],
  [
    15.471,
    -35.0
  ],
  [
    15.481,
    -35.0
  ],
  [
    15.507,
    -35.0
  ],
  [
    15.515,
    -35.0
  ],
  [
    15.545,
    -35.0
  ],
  [
    15.551,
    -35.0
  ],
  [
    15.579,
    -35.0
  ],
  [
    15.588,
    -35.0
  ],
  [
    15.616,
    -35.0
  ],
  [
    15.627,
    -35.0
  ],
  [
    15.652,
    -35.0
  ],
  [
    15.663,
    -35.0
  ],
  [
    15.69,
    -35.0
  ],
  [
    15.699,
    -35.0
  ],
  [
    15.726,
    -35.0
  ],
  [
    15.734,
    -35.0
  ],
  [
    15.76,
    -35.0
  ],
  [
    15.77,
    -35.0
  ],
  [
    15.796,
    -33.25
  ],
  [
    15.811,
    -31.5
  ],
  [
    15.822,
    -29.75
  ],
  [
    15.848,
    -28.0
  ],
  [
    15.857,
    -26.2526
  ],
  [
    15.887,
    -24.5
  ],
  [
    15.901,
    -22.75
  ],
  [
    15.913,
    -21.0
  ],
  [
    15.939,
    -19.25
  ],
  [
    15.949,
    -17.5
  ],
  [
    15.961,
    -15.75
  ],
  [
    15.989,
    -14.0
  ],
  [
    15.997,
    -12.25
  ],
  [
    16.025,
    -10.5
  ],
  [
    16.04,
    -8.75
  ],
  [
    16.053,
    -7.0
  ],
  [
    16.067,
    -5.25
  ],
  [
    16.094,
    -3.5
  ],
  [
    16.101,
    -1.75
  ],
  [
    16.124,
    0.0
  ],
  [
    16.137,
    0.951
  ],
  [
    16.163,
    3.0145
  ],
  [
    16.171,
    3.8396
  ],
  [
    16.2,
    5.9134
  ],
  [
    16.21,
    6.8067
  ],
  [
    16.235,
    8.7482
  ],
  [
    16.243,
    9.5284
  ],
  [
    16.275,
    11.172
  ],
  [
    16.283,
    12.0834
  ],
  [
    16.31,
    13.8153
  ],
  [
    16.318,
    14.5754
  ],
  [
    16.347,
    16.1591
  ],
  [
    16.368,
    17.5606
  ],
  [
    16.377,
    18.2678
  ],
  [
    16.405,
    19.7098
  ],
  [
    16.414,
    20.3955
  ],
  [
    16.434,
    21.1582
  ],
  [
    16.443,
    22.1467
  ],
  [
    16.469,
    23.681
  ],
  [
    16.493,
    24.845
  ],
  [
    16.502,
    25.4548
  ],
  [
    16.528,
    26.7486
  ],
  [
    16.538,
    26.748
  ],
  [
    16.565,
    26.7049
  ],
  [
    16.574,
    26.701
  ],
  [
    16.587,
    26.6893
  ],
  [
    16.614,
    26.6566
  ],
  [
    16.621,
    26.656
  ],
  [
    16.65,
    26.6314
  ],
  [
    16.659,
    26.6344
  ],
  [
    16.685,
    26.6359
  ],
  [
    16.691,
    26.6371
  ],
  [
    16.72,
    26.6209
  ],
  [
    16.729,
    26.623
  ],
  [
    16.757,
    26.6229
  ],
  [
    16.764,
    26.6168
  ],
  [
    16.784,
    26.6128
  ],
  [
    16.798,
    26.6164
  ],
  [
    16.817,
    26.6158
  ],
  [
    16.835,
    26.6185
  ],
  [
    16.851,
    26.6204
  ],
  [
    16.865,
    26.6184
  ],
  [
    16.877,
    26.6095
  ],
  [
    16.898,
    26.5897
  ],
  [
    16.913,
    26.5869
  ],
  [
    16.938,
    26.5773
  ],
  [
    16.975,
    26.5713
  ],
  [
    16.983,
    26.5716
  ],
  [
    17.014,
    26.5696
  ],
  [
    17.038,
    26.5708
  ],
  [
    17.049,
    26.5726
  ],
  [
    17.074,
    26.5741
  ],
  [
    17.083,
    26.5672
  ],
  [
    17.113,
    26.5295
  ],
  [
    17.123,
    26.5174
  ],
  [
    17.148,
    26.5178
  ],
  [
    17.158,
    26.5159
  ],
  [
    17.186,
    26.5149
  ],
  [
    17.195,
    26.5152
  ],
  [
    17.221,
    26.51
  ],
  [
    17.23,
    26.5084
  ],
  [
    17.258,
    26.5062
  ],
  [
    17.267,
    26.5033
  ],
  [
    17.295,
    26.4982
  ],
  [
    17.303,
    26.496
  ],
  [
    17.329,
    26.4882
  ],
  [
    17.337,
    26.4892
  ],
  [
    17.351,
    26.4888
  ],
  [
    17.376,
    26.454
  ],
  [
    17.387,
    26.4532
  ],
  [
    17.415,
    26.4508
  ],
  [
    17.424,
    26.4509
  ],
  [
    17.455,
    26.4514
  ],
  [
    17.468,
    26.4523
  ],
  [
    17.49,
    26.4521
  ],
  [
    17.498,
    26.4503
  ],
  [
    17.525,
    26.4366
  ],
  [
    17.536,
    26.431
  ],
  [
    17.563,
    26.4305
  ],
  [
    17.578,
    26.427
  ],
  [
    17.587,
    26.4228
  ],
  [
    17.617,
    26.4233
  ],
  [
    17.626,
    26.4244
  ],
  [
    17.652,
    26.4218
  ],
  [
    17.66,
    26.4183
  ],
  [
    17.686,
    26.4088
  ],
  [
    17.695,
    26.4034
  ],
  [
    17.709,
    26.4
  ],
  [
    17.734,
    26.4007
  ],
  [
    17.747,
    26.3998
  ],
  [
    17.766,
    26.3961
  ],
  [
    17.778,
    26.3961
  ],
  [
    17.805,
    26.39
  ],
  [
    17.814,
    26.391
  ],
  [
    17.843,
    26.3867
  ],
  [
    17.852,
    26.3818
  ],
  [
    17.879,
    26.3804
  ],
  [
    17.903,
    26.3708
  ],
  [
    17.911,
    26.368
  ],
  [
    17.941,
    26.3628
  ],
  [
    17.949,
    26.3609
  ],
  [
    17.978,
    26.3608
  ],
  [
    17.987,
    26.3591
  ],
  [
    18.014,
    26.3538
  ],
  [
    18.025,
    26.3508
  ],
  [
    18.049,
    26.3485
  ],
  [
    18.064,
    26.3448
  ],
  [
    18.076,
    26.3466
  ],
  [
    18.102,
    26.3467
  ],
  [
    18.112,
    26.3423
  ],
  [
    18.139,
    26.3361
  ],
  [
    18.149,
    26.3326
  ],
  [
    18.175,
    26.33
  ],
  [
    18.189,
    26.3281
  ],
  [
    18.206,
    26.3289
  ],
  [
    18.22,
    26.3333
  ],
  [
    18.236,
    26.3384
  ],
  [
    18.262,
    26.3453
  ],
  [
    18.271,
    26.3395
  ],
  [
    18.298,
    26.3288
  ],
  [
    18.306,
    26.3249
  ],
  [
    18.334,
    26.3174
  ],
  [
    18.345,
    26.3138
  ],
  [
    18.369,
    26.3065
  ],
  [
    18.378,
    26.3039
  ],
  [
    18.406,
    26.3018
  ],
  [
    18.414,
    26.3
  ],
  [
    18.446,
    26.3092
  ],
  [
    18.454,
    26.3106
  ],
  [
    18.469,
    26.3086
  ],
  [
    18.494,
    26.3085
  ],
  [
    18.504,
    26.3103
  ],
  [
    18.532,
    26.3047
  ],
  [
    18.538,
    26.3021
  ],
  [
    18.568,
    26.2959
  ],
  [
    18.583,
    26.2946
  ],
  [
    18.593,
    26.2921
  ],
  [
    18.621,
    26.2967
  ],
  [
    18.632,
    26.2958
  ],
  [
    18.645,
    26.2932
  ],
  [
    18.671,
    26.292
  ],
  [
    18.682,
    26.287
  ],
  [
    18.709,
    26.2852
  ],
  [
    18.72,
    26.2813
  ],
  [
    18.75,
    26.2832
  ],
  [
    18.758,
    26.2849
  ],
  [
    18.787,
    26.2808
  ],
  [
    18.795,
    26.2776
  ],
  [
    18.821,
    26.2717
  ],
  [
    18.831,
    26.27
  ],
  [
    18.857,
    26.2767
  ],
  [
    18.864,
    26.274
  ],
  [
    18.893,
    26.2763
  ],
  [
    18.899,
    26.2731
  ],
  [
    18.931,
    26.2633
  ],
  [
    18.938,
    26.2636
  ],
  [
    18.967,
    26.2663
  ],
  [
    18.975,
    26.2678
  ],
  [
    19.002,
    26.2688
  ],
  [
    19.014,
    26.2655
  ],
  [
    19.025,
    26.2617
  ],
  [
    19.054,
    26.2638
  ],
  [
    19.065,
    26.2631
  ],
  [
    19.077,
    26.2612
  ],
  [
    19.106,
    26.2607
  ],
  [
    19.115,
    26.2558
  ],
  [
    19.137,
    26.2582
  ],
  [
    19.15,
    26.2549
  ],
  [
    19.177,
    26.2562
  ],
  [
    19.186,
    26.2566
  ],
  [
    19.214,
    26.2605
  ],
  [
    19.223,
    26.2637
  ],
  [
    19.25,
    26.2717
  ],
  [
    19.261,
    26.275
  ],
  [
    19.273,
    26.2802
  ],
  [
    19.297,
    26.2917
  ],
  [
    19.324,
    26.2998
  ],
  [
    19.338,
    26.3054
  ],
  [
    19.348,
    26.3107
  ],
  [
    19.376,
    26.3279
  ],
  [
    19.385,
    26.3349
  ],
  [
    19.41,
    26.3443
  ],
  [
    19.42,
    26.3503
  ],
  [
    19.434,
    26.3563
  ],
  [
    19.463,
    26.3724
  ],
  [
    19.472,
    26.3778
  ],
  [
    19.503,
    26.3929
  ],
  [
    19.511,
    26.4008
  ],
  [
    19.536,
    26.4153
  ],
  [
    19.545,
    26.4207
  ],
  [
    19.572,
    26.4337
  ],
  [
    19.581,
    26.4393
  ],
  [
    19.61,
    26.4525
  ],
  [
    19.619,
    26.4584
  ],
  [
    19.646,
    26.4707
  ],
  [
    19.654,
    26.4764
  ],
  [
    19.676,
    26.4885
  ],
  [
    19.704,
    26.4985
  ],
  [
    19.711,
    26.504
  ],
  [
    19.737,
    26.5149
  ],
  [
    19.745,
    26.5176
  ],
  [
    19.772,
    26.5286
  ],
  [
    19.78,
    26.5334
  ],
  [
    19.807,
    26.5427
  ],
  [
    19.83,
    26.5519
  ],
  [
    19.838,
    26.5564
  ],
  [
    19.867,
    26.5656
  ],
  [
    19.878,
    26.5683
  ],
  [
    19.892,
    26.5736
  ],
  [
    19.919,
    26.5831
  ],
  [
    19.927,
    25.56
  ],
  [
    19.956,
    22.7037
  ],
  [
    19.966,
    21.462
  ],
  [
    19.998,
    17.9002
  ],
  [
    20.01,
    16.4131
  ],
  [
    20.021,
    14.6674
  ],
  [
    20.048,
    11.1712
  ],
  [
    20.06,
    9.5367
  ],
  [
    20.069,
    7.6587
  ],
  [
    20.085,
    5.776
  ],
  [
    20.11,
    1.5891
  ],
  [
    20.119,
    0.0
  ],
  [
    20.147,
    0.0
  ],
  [
    20.156,
    0.0
  ],
  [
    20.184,
    0.0
  ],
  [
    20.192,
    0.0
  ],
  [
    20.22,
    0.0
  ],
  [
    20.225,
    0.0
  ],
  [
    20.253,
    0.0
  ],
  [
    20.264,
    0.0
  ],
  [
    20.289,
    0.0
  ],
  [
    20.301,
    0.0
  ],
  [
    20.328,
    0.0
  ],
  [
    20.336,
    0.0
  ],
  [
    20.368,
    0.0
  ],
  [
    20.379,
    0.0
  ],
  [
    20.406,
    0.0
  ],
  [
    20.416,
    0.0
  ],
  [
    20.444,
    0.0
  ],
  [
    20.453,
    0.0
  ],
  [
    20.467,
    0.0
  ],
  [
    20.492,
    0.0
  ],
  [
    20.514,
    0.0
  ],
  [
    20.527,
    0.0
  ],
  [
    20.553,
    0.0
  ],
  [
    20.574,
    0.0
  ],
  [
    20.58,
    0.0
  ],
  [
    20.609,
    0.0
  ],
  [
    20.619,
    0.0
  ],
  [
    20.647,
    0.0
  ],
  [
    20.655,
    0.0
  ],
  [
    20.684,
    0.0
  ],
  [
    20.694,
    0.0
  ],
  [
    20.721,
    0.0
  ],
  [
    20.732,
    0.0
  ],
  [
    20.758,
    0.0
  ],
  [
    20.767,
    0.0
  ],
  [
    20.784,
    0.0
  ],
  [
    20.806,
    0.0
  ],
  [
    20.817,
    0.0
  ],
  [
    20.844,
    0.0
  ],
  [
    20.854,
    0.0
  ],
  [
    20.882,
    0.0
  ],
  [
    20.89,
    0.0
  ],
  [
    20.918,
    0.0
  ],
  [
    20.927,
    0.0
  ],
  [
    20.953,
    0.0
  ],
  [
    20.96,
    0.0
  ],
  [
    20.987,
    0.0
  ],
  [
    20.995,
    0.0
  ],
  [
    21.023,
    0.0
  ],
  [
    21.032,
    0.0
  ],
  [
    21.059,
    0.0
  ],
  [
    21.065,
    0.0
  ],
  [
    21.091,
    0.0
  ],
  [
    21.106,
    0.0
  ],
  [
    21.13,
    0.0
  ],
  [
    21.137,
    0.0
  ],
  [
    21.165,
    0.0
  ],
  [
    21.178,
    0.0
  ],
  [
    21.204,
    0.0
  ],
  [
    21.214,
    0.0
  ],
  [
    21.241,
    0.0
  ],
  [
    21.25,
    0.0
  ],
  [
    21.277,
    0.0
  ],
  [
    21.287,
    0.0
  ],
  [
    21.298,
    0.0
  ],
  [
    21.324,
    0.0
  ],
  [
    21.333,
    0.0
  ],
  [
    21.357,
    0.0
  ],
  [
    21.379,
    0.0
  ],
  [
    21.388,
    0.0
  ],
  [
    21.415,
    0.0
  ],
  [
    21.424,
    0.0
  ],
  [
    21.451,
    0.0
  ],
  [
    21.46,
    0.0
  ],
  [
    21.474,
    0.0
  ],
  [
    21.502,
    0.0
  ],
  [
    21.509,
    0.0
  ],
  [
    21.536,
    0.0
  ],
  [
    21.543,
    0.0
  ],
  [
    21.572,
    0.0
  ],
  [
    21.581,
    0.0
  ],
  [
    21.598,
    0.0
  ],
  [
    21.625,
    0.0
  ],
  [
    21.645,
    0.0
  ],
  [
    21.655,
    0.0
  ],
  [
    21.684,
    0.0
  ],
  [
    21.693,
    0.0
  ],
  [
    21.719,
    0.0
  ],
  [
    21.729,
    0.0
  ],
  [
    21.757,
    0.0
  ],
  [
    21.765,
    0.0
  ],
  [
    21.79,
    0.0
  ],
  [
    21.798,
    0.0
  ],
  [
    21.822,
    0.0
  ],
  [
    21.836,
    0.0
  ],
  [
    21.848,
    0.0
  ],
  [
    21.873,
    0.0
  ],
  [
    21.9,
    0.0
  ],
  [
    21.908,
    0.0
  ],
  [
    21.937,
    0.0
  ],
  [
    21.948,
    0.0
  ],
  [
    21.975,
    0.0
  ],
  [
    21.988,
    0.0
  ],
  [
    21.998,
    0.0
  ],
  [
    22.025,
    0.0
  ],
  [
    22.033,
    0.0
  ],
  [
    22.059,
    0.0
  ],
  [
    22.081,
    0.0
  ],
  [
    22.093,
    0.0
  ],
  [
    22.109,
    0.0
  ],
  [
    22.123,
    0.0
  ],
  [
    22.15,
    0.0
  ],
  [
    22.165,
    0.0
  ],
  [
    22.175,
    0.0
  ],
  [
    22.201,
    0.0
  ],
  [
    22.211,
    0.0
  ],
  [
    22.235,
    0.0
  ],
  [
    22.244,
    0.0
  ],
  [
    22.273,
    0.0
  ],
  [
    22.283,
    0.0
  ],
  [
    22.296,
    0.0
  ],
  [
    22.319,
    0.0
  ],
  [
    22.333,
    0.0
  ],
  [
    22.358,
    0.0
  ],
  [
    22.369,
    0.0
  ],
  [
    22.396,
    0.0
  ],
  [
    22.405,
    0.0
  ],
  [
    22.435,
    0.0
  ],
  [
    22.443,
    0.0
  ],
  [
    22.468,
    0.0
  ],
  [
    22.475,
    0.0
  ],
  [
    22.499,
    0.0
  ],
  [
    22.518,
    0.0
  ],
  [
    22.525,
    0.0
  ],
  [
    22.553,
    0.0
  ],
  [
    22.564,
    0.0
  ],
  [
    22.577,
    0.0
  ],
  [
    22.605,
    0.0
  ],
  [
    22.617,
    0.0
  ],
  [
    22.643,
    0.0
  ],
  [
    22.649,
    0.0
  ],
  [
    22.675,
    0.0
  ],
  [
    22.685,
    0.0
  ],
  [
    22.71,
    0.0
  ],
  [
    22.723,
    0.0
  ],
  [
    22.753,
    0.0
  ],
  [
    22.76,
    0.0
  ],
  [
    22.785,
    0.0
  ],
  [
    22.795,
    0.0
  ],
  [
    22.824,
    0.0
  ],
  [
    22.832,
    0.0
  ],
  [
    22.862,
    0.0
  ],
  [
    22.871,
    0.0
  ],
  [
    22.903,
    0.0
  ],
  [
    22.916,
    0.0
  ],
  [
    22.946,
    0.0
  ],
  [
    22.956,
    0.0
  ],
  [
    22.983,
    0.0
  ],
  [
    22.994,
    0.0
  ],
  [
    23.02,
    0.0
  ],
  [
    23.03,
    0.0
  ],
  [
    23.046,
    0.0
  ],
  [
    23.075,
    0.0
  ],
  [
    23.087,
    0.0
  ],
  [
    23.114,
    0.0
  ],
  [
    23.127,
    0.0
  ],
  [
    23.153,
    0.0
  ],
  [
    23.166,
    0.0
  ],
  [
    23.194,
    0.0
  ],
  [
    23.202,
    0.0
  ],
  [
    23.219,
    0.0
  ],
  [
    23.246,
    0.0
  ],
  [
    23.258,
    0.0
  ],
  [
    23.27,
    0.0
  ],
  [
    23.298,
    0.0
  ],
  [
    23.311,
    0.0
  ],
  [
    23.329,
    0.0
  ],
  [
    23.341,
    0.0
  ],
  [
    23.371,
    0.0
  ],
  [
    23.384,
    0.0
  ],
  [
    23.393,
    0.0
  ],
  [
    23.418,
    0.0
  ],
  [
    23.431,
    0.0
  ],
  [
    23.462,
    0.0
  ],
  [
    23.47,
    0.0
  ],
  [
    23.499,
    0.0
  ],
  [
    23.509,
    0.0
  ],
  [
    23.538,
    0.0
  ],
  [
    23.55,
    0.0
  ],
  [
    23.578,
    0.0
  ],
  [
    23.586,
    0.0
  ],
  [
    23.615,
    0.0
  ],
  [
    23.627,
    0.0
  ],
  [
    23.64,
    0.0
  ],
  [
    23.665,
    0.0
  ],
  [
    23.679,
    0.0
  ],
  [
    23.706,
    0.0
  ],
  [
    23.715,
    0.0
  ],
  [
    23.746,
    0.0
  ],
  [
    23.752,
    0.0
  ],
  [
    23.777,
    0.0
  ],
  [
    23.788,
    0.0
  ],
  [
    23.818,
    0.0
  ],
  [
    23.826,
    0.0
  ],
  [
    23.839,
    0.0
  ],
  [
    23.867,
    0.0
  ],
  [
    23.876,
    0.0
  ],
  [
    23.902,
    0.0
  ],
  [
    23.912,
    0.0
  ],
  [
    23.945,
    0.0
  ],
  [
    23.953,
    0.0
  ],
  [
    23.982,
    0.0
  ],
  [
    23.995,
    0.0
  ],
  [
    24.004,
    0.0
  ],
  [
    24.031,
    0.0
  ],
  [
    24.044,
    0.0
  ],
  [
    24.056,
    0.0
  ],
  [
    24.073,
    0.0
  ],
  [
    24.095,
    0.0
  ],
  [
    24.112,
    0.0
  ],
  [
    24.123,
    0.0
  ],
  [
    24.138,
    0.0
  ],
  [
    24.166,
    0.0
  ],
  [
    24.177,
    0.0
  ],
  [
    24.204,
    0.0
  ],
  [
    24.213,
    0.0
  ],
  [
    24.245,
    0.0
  ],
  [
    24.253,
    0.0
  ],
  [
    24.268,
    0.0
  ],
  [
    24.294,
    0.0
  ],
  [
    24.307,
    0.0
  ],
  [
    24.336,
    0.0
  ],
  [
    24.349,
    0.0
  ],
  [
    24.359,
    0.0
  ],
  [
    24.375,
    0.0
  ],
  [
    24.405,
    0.0
  ],
  [
    24.412,
    0.0
  ],
  [
    24.444,
    0.0
  ],
  [
    24.452,
    0.0
  ],
  [
    24.477,
    0.0
  ],
  [
    24.492,
    0.0
  ],
  [
    24.514,
    0.0
  ],
  [
    24.529,
    0.0
  ],
  [
    24.539,
    0.0
  ],
  [
    24.555,
    0.0
  ],
  [
    24.584,
    0.0
  ],
  [
    24.593,
    0.0
  ],
  [
    24.608,
    0.0
  ],
  [
    24.633,
    0.0
  ],
  [
    24.641,
    0.0
  ],
  [
    24.656,
    0.0
  ],
  [
    24.685,
    0.0
  ],
  [
    24.694,
    0.0
  ],
  [
    24.724,
    0.0
  ],
  [
    24.734,
    0.0
  ],
  [
    24.746,
    0.0
  ],
  [
    24.776,
    0.0
  ],
  [
    24.782,
    0.0
  ],
  [
    24.81,
    0.0
  ],
  [
    24.818,
    0.0
  ],
  [
    24.846,
    0.0
  ],
  [
    24.854,
    0.0
  ],
  [
    24.869,
    0.0
  ],
  [
    24.896,
    0.0
  ],
  [
    24.908,
    0.0
  ],
  [
    24.932,
    0.0
  ],
  [
    24.943,
    0.0
  ],
  [
    24.973,
    0.0
  ],
  [
    24.982,
    0.0
  ],
  [
    25.009,
    0.0
  ],
  [
    25.016,
    0.0
  ],
  [
    25.044,
    0.0
  ],
  [
    25.052,
    0.0
  ],
  [
    25.085,
    0.0
  ],
  [
    25.095,
    0.0
  ],
  [
    25.109,
    0.0
  ],
  [
    25.132,
    0.0
  ],
  [
    25.147,
    0.0
  ],
  [
    25.173,
    0.0
  ],
  [
    25.185,
    0.0
  ],
  [
    25.197,
    0.0
  ],
  [
    25.224,
    0.0
  ],
  [
    25.233,
    0.0
  ],
  [
    25.261,
    0.0
  ],
  [
    25.268,
    0.0
  ],
  [
    25.296,
    0.0
  ],
  [
    25.304,
    0.0
  ],
  [
    25.332,
    0.0
  ],
  [
    25.346,
    0.0
  ],
  [
    25.361,
    0.0
  ],
  [
    25.376,
    0.0
  ],
  [
    25.391,
    0.0
  ],
  [
    25.419,
    0.0
  ],
  [
    25.427,
    0.0
  ],
  [
    25.458,
    0.0
  ],
  [
    25.466,
    0.0
  ],
  [
    25.492,
    0.0
  ],
  [
    25.505,
    0.0
  ],
  [
    25.519,
    0.0
  ],
  [
    25.547,
    0.0
  ],
  [
    25.558,
    0.0
  ],
  [
    25.574,
    0.0
  ],
  [
    25.599,
    0.0
  ],
  [
    25.606,
    0.0
  ],
  [
    25.635,
    0.0
  ],
  [
    25.65,
    0.0
  ],
  [
    25.664,
    0.0
  ],
  [
    25.684,
    0.0
  ],
  [
    25.697,
    0.0
  ],
  [
    25.712,
    0.0
  ],
  [
    25.744,
    0.0
  ],
  [
    25.752,
    0.0
  ],
  [
    25.781,
    0.0
  ],
  [
    25.792,
    0.0
  ],
  [
    25.818,
    0.0
  ],
  [
    25.828,
    0.0
  ],
  [
    25.843,
    0.0
  ],
  [
    25.869,
    0.0
  ],
  [
    25.88,
    0.0
  ],
  [
    25.897,
    0.0
  ],
  [
    25.927,
    0.0
  ],
  [
    25.94,
    0.0
  ],
  [
    25.955,
    0.0
  ],
  [
    25.982,
    0.0
  ],
  [
    25.995,
    0.0
  ],
  [
    26.009,
    0.0
  ],
  [
    26.039,
    0.0
  ],
  [
    26.051,
    0.0
  ],
  [
    26.077,
    0.0
  ],
  [
    26.091,
    0.0
  ],
  [
    26.107,
    0.0
  ],
  [
    26.138,
    0.0
  ],
  [
    26.151,
    0.0
  ],
  [
    26.167,
    0.0
  ],
  [
    26.196,
    0.0
  ],
  [
    26.208,
    0.0
  ],
  [
    26.221,
    0.0
  ],
  [
    26.249,
    0.0
  ],
  [
    26.258,
    0.0
  ],
  [
    26.273,
    0.0
  ],
  [
    26.302,
    0.0
  ],
  [
    26.312,
    0.0
  ],
  [
    26.339,
    0.0
  ],
  [
    26.348,
    0.0
  ],
  [
    26.361,
    0.0
  ],
  [
    26.39,
    0.0
  ],
  [
    26.401,
    0.0
  ],
  [
    26.415,
    0.0
  ],
  [
    26.44,
    0.0
  ],
  [
    26.454,
    0.0
  ],
  [
    26.48,
    0.0
  ],
  [
    26.488,
    0.0
  ],
  [
    26.504,
    0.0
  ],
  [
    26.531,
    0.0
  ],
  [
    26.545,
    0.0
  ],
  [
    26.568,
    0.0
  ],
  [
    26.581,
    0.0
  ],
  [
    26.612,
    0.0
  ],
  [
    26.621,
    0.0
  ],
  [
    26.644,
    0.0
  ],
  [
    26.66,
    0.0
  ],
  [
    26.67,
    0.0
  ],
  [
    26.699,
    0.0
  ],
  [
    26.712,
    0.0
  ],
  [
    26.739,
    0.0
  ],
  [
    26.755,
    0.0
  ],
  [
    26.766,
    0.0
  ],
  [
    26.789,
    0.0
  ],
  [
    26.798,
    0.0
  ],
  [
    26.818,
    0.0
  ],
  [
    26.846,
    0.0
  ],
  [
    26.86,
    0.0
  ],
  [
    26.878,
    0.0
  ],
  [
    26.893,
    0.0
  ],
  [
    26.911,
    0.0
  ],
  [
    26.925,
    0.0
  ],
  [
    26.957,
    0.0
  ],
  [
    26.966,
    0.0
  ],
  [
    26.997,
    0.0
  ],
  [
    27.014,
    0.0
  ],
  [
    27.026,
    0.0
  ],
  [
    27.041,
    0.0
  ],
  [
    27.057,
    0.0
  ],
  [
    27.087,
    0.0
  ],
  [
    27.101,
    0.0
  ],
  [
    27.115,
    0.0
  ],
  [
    27.144,
    0.0
  ],
  [
    27.173,
    0.0
  ],
  [
    27.182,
    0.0
  ],
  [
    27.195,
    0.0
  ],
  [
    27.226,
    0.0
  ],
  [
    27.238,
    0.0
  ],
  [
    27.252,
    0.0
  ],
  [
    27.267,
    0.0
  ],
  [
    27.284,
    0.0
  ],
  [
    27.303,
    0.0
  ],
  [
    27.317,
    0.0
  ],
  [
    27.347,
    0.0
  ],
  [
    27.361,
    0.0
  ],
  [
    27.369,
    0.0
  ],
  [
    27.398,
    0.0
  ],
  [
    27.406,
    0.0
  ],
  [
    27.422,
    0.0
  ],
  [
    27.453,
    0.0
  ],
  [
    27.46,
    0.0
  ],
  [
    27.487,
    0.0
  ],
  [
    27.496,
    0.0
  ],
  [
    27.523,
    0.0
  ],
  [
    27.531,
    0.0
  ],
  [
    27.551,
    0.0
  ],
  [
    27.578,
    0.0
  ],
  [
    27.598,
    0.0
  ],
  [
    27.611,
    0.0
  ],
  [
    27.629,
    0.0
  ],
  [
    27.644,
    0.0
  ],
  [
    27.657,
    0.0
  ],
  [
    27.689,
    0.0
  ],
  [
    27.705,
    0.0
  ],
  [
    27.714,
    0.0
  ],
  [
    27.742,
    0.0
  ],
  [
    27.751,
    0.0
  ],
  [
    27.764,
    0.0
  ],
  [
    27.793,
    0.0
  ],
  [
    27.807,
    0.0
  ],
  [
    27.824,
    0.0
  ],
  [
    27.852,
    0.0
  ],
  [
    27.864,
    0.0
  ],
  [
    27.889,
    0.0
  ],
  [
    27.899,
    0.0
  ],
  [
    27.914,
    0.0
  ],
  [
    27.942,
    0.0
  ],
  [
    27.951,
    0.0
  ],
  [
    27.974,
    0.0
  ],
  [
    27.981,
    0.0
  ],
  [
    28.006,
    0.0
  ],
  [
    28.017,
    0.0
  ]
]