# Steering Wheel Angle Log (Actual Physical Angle)
# Start time : 2026-06-14 22:15:31
# End time   : 2026-06-14 22:16:04
# Total time : 32.35 seconds
# Points     : 1777
# Format     : [[elapsed_seconds, wheel_angle_degrees], ...]
[
  [
    0.211,
    0.0
  ],
  [
    0.222,
    0.0
  ],
  [
    0.251,
    0.0
  ],
  [
    0.258,
    0.0
  ],
  [
    0.283,
    0.0
  ],
  [
    0.296,
    0.0
  ],
  [
    0.308,
    0.0
  ],
  [
    0.345,
    0.0
  ],
  [
    0.356,
    0.0
  ],
  [
    0.368,
    0.0
  ],
  [
    0.392,
    0.0
  ],
  [
    0.407,
    0.0
  ],
  [
    0.436,
    0.0
  ],
  [
    0.445,
    0.0
  ],
  [
    0.479,
    0.0
  ],
  [
    0.486,
    0.0
  ],
  [
    0.518,
    0.0
  ],
  [
    0.526,
    0.0
  ],
  [
    0.556,
    0.0
  ],
  [
    0.575,
    0.0
  ],
  [
    0.591,
    0.0
  ],
  [
    0.604,
    0.0
  ],
  [
    0.619,
    0.0
  ],
  [
    0.633,
    0.0
  ],
  [
    0.648,
    0.0
  ],
  [
    0.679,
    0.0
  ],
  [
    0.69,
    0.0
  ],
  [
    0.707,
    0.0
  ],
  [
    0.723,
    0.0
  ],
  [
    0.739,
    0.0
  ],
  [
    0.767,
    0.0
  ],
  [
    0.777,
    0.0
  ],
  [
    0.805,
    0.0
  ],
  [
    0.814,
    0.0
  ],
  [
    0.828,
    0.0
  ],
  [
    0.855,
    0.0
  ],
  [
    0.866,
    0.0
  ],
  [
    0.879,
    0.0
  ],
  [
    0.904,
    0.0
  ],
  [
    0.914,
    0.0
  ],
  [
    0.942,
    0.0
  ],
  [
    0.95,
    0.0
  ],
  [
    0.98,
    0.0
  ],
  [
    0.986,
    0.0
  ],
  [
    1.015,
    0.0
  ],
  [
    1.024,
    0.0
  ],
  [
    1.053,
    0.0
  ],
  [
    1.064,
    0.0
  ],
  [
    1.079,
    0.0
  ],
  [
    1.108,
    0.0
  ],
  [
    1.119,
    0.0
  ],
  [
    1.146,
    0.0
  ],
  [
    1.165,
    0.0
  ],
  [
    1.175,
    0.0
  ],
  [
    1.187,
    0.0
  ],
  [
    1.219,
    0.0
  ],
  [
    1.227,
    0.0
  ],
  [
    1.245,
    0.0
  ],
  [
    1.257,
    0.0
  ],
  [
    1.286,
    0.0
  ],
  [
    1.297,
    0.0
  ],
  [
    1.313,
    0.0
  ],
  [
    1.343,
    0.0
  ],
  [
    1.355,
    0.0
  ],
  [
    1.369,
    0.0
  ],
  [
    1.395,
    0.0
  ],
  [
    1.409,
    0.0
  ],
  [
    1.437,
    0.0
  ],
  [
    1.446,
    0.0
  ],
  [
    1.477,
    0.0
  ],
  [
    1.487,
    0.0
  ],
  [
    1.517,
    0.0
  ],
  [
    1.526,
    0.0
  ],
  [
    1.539,
    0.0
  ],
  [
    1.57,
    0.0
  ],
  [
    1.579,
    0.0
  ],
  [
    1.592,
    0.0
  ],
  [
    1.622,
    0.0
  ],
  [
    1.637,
    0.0
  ],
  [
    1.664,
    0.0
  ],
  [
    1.679,
    0.0
  ],
  [
    1.689,
    0.0
  ],
  [
    1.721,
    0.0
  ],
  [
    1.731,
    0.0
  ],
  [
    1.746,
    0.0
  ],
  [
    1.759,
    0.0
  ],
  [
    1.792,
    0.0
  ],
  [
    1.8,
    0.0
  ],
  [
    1.83,
    0.0
  ],
  [
    1.847,
    0.0
  ],
  [
    1.86,
    0.0
  ],
  [
    1.875,
    0.0
  ],
  [
    1.907,
    0.0
  ],
  [
    1.916,
    0.0
  ],
  [
    1.948,
    0.0
  ],
  [
    1.959,
    0.0
  ],
  [
    1.987,
    0.0
  ],
  [
    2.007,
    0.0
  ],
  [
    2.015,
    0.0
  ],
  [
    2.043,
    0.0
  ],
  [
    2.05,
    0.0
  ],
  [
    2.079,
    0.0
  ],
  [
    2.089,
    0.0
  ],
  [
    2.116,
    0.0
  ],
  [
    2.126,
    0.0
  ],
  [
    2.141,
    0.0
  ],
  [
    2.17,
    0.0
  ],
  [
    2.181,
    0.0
  ],
  [
    2.197,
    0.0
  ],
  [
    2.227,
    0.0
  ],
  [
    2.239,
    0.0
  ],
  [
    2.255,
    0.0
  ],
  [
    2.285,
    0.0
  ],
  [
    2.291,
    0.0
  ],
  [
    2.319,
    0.0
  ],
  [
    2.329,
    0.0
  ],
  [
    2.341,
    0.0
  ],
  [
    2.358,
    0.0
  ],
  [
    2.386,
    0.0
  ],
  [
    2.395,
    0.0
  ],
  [
    2.411,
    0.0
  ],
  [
    2.425,
    0.0
  ],
  [
    2.453,
    0.0
  ],
  [
    2.461,
    0.0
  ],
  [
    2.489,
    0.0
  ],
  [
    2.498,
    0.0
  ],
  [
    2.529,
    0.0
  ],
  [
    2.539,
    0.0
  ],
  [
    2.556,
    0.0
  ],
  [
    2.583,
    0.0
  ],
  [
    2.59,
    0.0
  ],
  [
    2.618,
    0.0
  ],
  [
    2.626,
    0.0
  ],
  [
    2.659,
    0.0
  ],
  [
    2.666,
    0.0
  ],
  [
    2.681,
    0.0
  ],
  [
    2.711,
    0.0
  ],
  [
    2.718,
    0.0
  ],
  [
    2.735,
    0.0
  ],
  [
    2.768,
    0.0
  ],
  [
    2.778,
    0.0
  ],
  [
    2.806,
    0.0
  ],
  [
    2.821,
    0.0
  ],
  [
    2.833,
    0.0
  ],
  [
    2.848,
    0.0
  ],
  [
    2.881,
    0.0
  ],
  [
    2.888,
    0.0
  ],
  [
    2.903,
    0.0
  ],
  [
    2.928,
    0.0
  ],
  [
    2.939,
    0.0
  ],
  [
    2.97,
    0.0
  ],
  [
    2.984,
    0.0
  ],
  [
    2.997,
    0.0
  ],
  [
    3.026,
    0.0
  ],
  [
    3.038,
    0.0
  ],
  [
    3.069,
    0.0
  ],
  [
    3.085,
    0.0
  ],
  [
    3.096,
    0.0
  ],
  [
    3.125,
    0.0
  ],
  [
    3.133,
    0.0
  ],
  [
    3.164,
    0.0
  ],
  [
    3.175,
    0.0
  ],
  [
    3.203,
    0.0
  ],
  [
    3.215,
    0.0
  ],
  [
    3.242,
    0.0
  ],
  [
    3.252,
    0.0
  ],
  [
    3.284,
    0.0
  ],
  [
    3.292,
    0.0
  ],
  [
    3.321,
    0.0
  ],
  [
    3.329,
    0.0
  ],
  [
    3.357,
    0.0
  ],
  [
    3.368,
    0.0
  ],
  [
    3.383,
    0.0
  ],
  [
    3.414,
    0.0
  ],
  [
    3.424,
    0.0
  ],
  [
    3.452,
    0.0
  ],
  [
    3.46,
    0.0
  ],
  [
    3.476,
    0.0
  ],
  [
    3.505,
    0.0
  ],
  [
    3.514,
    0.0
  ],
  [
    3.543,
    0.0
  ],
  [
    3.555,
    0.0
  ],
  [
    3.583,
    0.0
  ],
  [
    3.592,
    0.0
  ],
  [
    3.62,
    0.0
  ],
  [
    3.629,
    0.0
  ],
  [
    3.642,
    0.0
  ],
  [
    3.673,
    0.0
  ],
  [
    3.681,
    0.0
  ],
  [
    3.698,
    0.0
  ],
  [
    3.724,
    0.0
  ],
  [
    3.732,
    0.0
  ],
  [
    3.748,
    0.0
  ],
  [
    3.775,
    0.0
  ],
  [
    3.787,
    0.0
  ],
  [
    3.8,
    0.0
  ],
  [
    3.829,
    0.0
  ],
  [
    3.839,
    0.0
  ],
  [
    3.858,
    0.0
  ],
  [
    3.881,
    0.0
  ],
  [
    3.892,
    0.0
  ],
  [
    3.923,
    0.0
  ],
  [
    3.936,
    0.0
  ],
  [
    3.945,
    0.0
  ],
  [
    3.975,
    0.0
  ],
  [
    3.984,
    0.0
  ],
  [
    4.0,
    0.0
  ],
  [
    4.029,
    0.0
  ],
  [
    4.039,
    0.0
  ],
  [
    4.066,
    0.0
  ],
  [
    4.08,
    0.0
  ],
  [
    4.088,
    0.0
  ],
  [
    4.104,
    0.0
  ],
  [
    4.132,
    0.0
  ],
  [
    4.141,
    0.0
  ],
  [
    4.168,
    0.0
  ],
  [
    4.181,
    0.0
  ],
  [
    4.197,
    0.0
  ],
  [
    4.21,
    0.0
  ],
  [
    4.236,
    0.0
  ],
  [
    4.261,
    0.0
  ],
  [
    4.272,
    0.0
  ],
  [
    4.305,
    0.0
  ],
  [
    4.315,
    0.0
  ],
  [
    4.344,
    0.0
  ],
  [
    4.354,
    0.0
  ],
  [
    4.37,
    0.0
  ],
  [
    4.401,
    0.0
  ],
  [
    4.412,
    0.0
  ],
  [
    4.441,
    0.0
  ],
  [
    4.449,
    0.0
  ],
  [
    4.477,
    0.0
  ],
  [
    4.488,
    0.0
  ],
  [
    4.517,
    0.0
  ],
  [
    4.524,
    0.0
  ],
  [
    4.54,
    0.0
  ],
  [
    4.57,
    0.0
  ],
  [
    4.579,
    0.0
  ],
  [
    4.609,
    0.0
  ],
  [
    4.618,
    0.0
  ],
  [
    4.648,
    0.0
  ],
  [
    4.662,
    0.0
  ],
  [
    4.687,
    0.0
  ],
  [
    4.696,
    0.0
  ],
  [
    4.725,
    0.0
  ],
  [
    4.733,
    0.0
  ],
  [
    4.765,
    0.0
  ],
  [
    4.774,
    0.0
  ],
  [
    4.802,
    0.0
  ],
  [
    4.81,
    0.0
  ],
  [
    4.84,
    0.0
  ],
  [
    4.85,
    0.0
  ],
  [
    4.877,
    0.0
  ],
  [
    4.89,
    0.0
  ],
  [
    4.902,
    0.0
  ],
  [
    4.931,
    0.0
  ],
  [
    4.939,
    0.0
  ],
  [
    4.966,
    0.0
  ],
  [
    4.975,
    0.0
  ],
  [
    5.006,
    0.0
  ],
  [
    5.015,
    0.0
  ],
  [
    5.045,
    0.0
  ],
  [
    5.053,
    0.0
  ],
  [
    5.082,
    0.0
  ],
  [
    5.096,
    0.0
  ],
  [
    5.108,
    0.0
  ],
  [
    5.138,
    0.0
  ],
  [
    5.148,
    0.0
  ],
  [
    5.176,
    0.0
  ],
  [
    5.188,
    0.0
  ],
  [
    5.204,
    0.0
  ],
  [
    5.22,
    0.0
  ],
  [
    5.249,
    0.0
  ],
  [
    5.256,
    0.0
  ],
  [
    5.284,
    0.0
  ],
  [
    5.293,
    0.0
  ],
  [
    5.322,
    0.0
  ],
  [
    5.331,
    0.0
  ],
  [
    5.36,
    0.0
  ],
  [
    5.371,
    0.0
  ],
  [
    5.384,
    0.0
  ],
  [
    5.409,
    0.0
  ],
  [
    5.418,
    0.0
  ],
  [
    5.434,
    0.0
  ],
  [
    5.462,
    0.0
  ],
  [
    5.471,
    0.0
  ],
  [
    5.498,
    0.0
  ],
  [
    5.508,
    0.0
  ],
  [
    5.536,
    0.0
  ],
  [
    5.545,
    0.0
  ],
  [
    5.56,
    0.0
  ],
  [
    5.575,
    0.0
  ],
  [
    5.603,
    0.0
  ],
  [
    5.612,
    0.0
  ],
  [
    5.64,
    0.0
  ],
  [
    5.648,
    0.0
  ],
  [
    5.677,
    0.0
  ],
  [
    5.685,
    0.0
  ],
  [
    5.712,
    0.0
  ],
  [
    5.721,
    0.0
  ],
  [
    5.736,
    0.0
  ],
  [
    5.768,
    0.0
  ],
  [
    5.779,
    0.0
  ],
  [
    5.794,
    0.0
  ],
  [
    5.818,
    0.0
  ],
  [
    5.83,
    0.0
  ],
  [
    5.86,
    0.0
  ],
  [
    5.874,
    0.0
  ],
  [
    5.884,
    0.0
  ],
  [
    5.912,
    0.0
  ],
  [
    5.925,
    0.0
  ],
  [
    5.938,
    0.0
  ],
  [
    5.963,
    0.0
  ],
  [
    5.981,
    0.0
  ],
  [
    5.996,
    0.0
  ],
  [
    6.008,
    0.0
  ],
  [
    6.022,
    0.0
  ],
  [
    6.038,
    0.0
  ],
  [
    6.066,
    0.0
  ],
  [
    6.075,
    0.0
  ],
  [
    6.102,
    0.0
  ],
  [
    6.112,
    0.0
  ],
  [
    6.142,
    0.0
  ],
  [
    6.151,
    0.0
  ],
  [
    6.182,
    0.0
  ],
  [
    6.192,
    0.0
  ],
  [
    6.206,
    0.0
  ],
  [
    6.235,
    0.0
  ],
  [
    6.266,
    0.0
  ],
  [
    6.274,
    0.0
  ],
  [
    6.288,
    0.0
  ],
  [
    6.306,
    0.0
  ],
  [
    6.321,
    0.0
  ],
  [
    6.337,
    0.0
  ],
  [
    6.353,
    0.0
  ],
  [
    6.384,
    0.0
  ],
  [
    6.393,
    0.0
  ],
  [
    6.408,
    0.0
  ],
  [
    6.43,
    0.0
  ],
  [
    6.448,
    0.0
  ],
  [
    6.473,
    0.0
  ],
  [
    6.48,
    0.0
  ],
  [
    6.508,
    0.0
  ],
  [
    6.516,
    0.0
  ],
  [
    6.545,
    0.0
  ],
  [
    6.554,
    0.0
  ],
  [
    6.568,
    0.0
  ],
  [
    6.594,
    0.0
  ],
  [
    6.605,
    0.0
  ],
  [
    6.63,
    0.0
  ],
  [
    6.64,
    0.0
  ],
  [
    6.671,
    0.0
  ],
  [
    6.68,
    0.0
  ],
  [
    6.71,
    0.0
  ],
  [
    6.717,
    0.0
  ],
  [
    6.744,
    0.0
  ],
  [
    6.756,
    0.0
  ],
  [
    6.781,
    0.0
  ],
  [
    6.793,
    0.0
  ],
  [
    6.818,
    0.0
  ],
  [
    6.827,
    0.0
  ],
  [
    6.853,
    0.0
  ],
  [
    6.862,
    0.0
  ],
  [
    6.888,
    0.0
  ],
  [
    6.896,
    0.0
  ],
  [
    6.925,
    0.0
  ],
  [
    6.935,
    0.0
  ],
  [
    6.948,
    0.0
  ],
  [
    6.977,
    0.0
  ],
  [
    6.984,
    0.0
  ],
  [
    7.009,
    0.0
  ],
  [
    7.021,
    0.0
  ],
  [
    7.048,
    0.0
  ],
  [
    7.056,
    0.0
  ],
  [
    7.084,
    0.0
  ],
  [
    7.092,
    0.0
  ],
  [
    7.118,
    0.0
  ],
  [
    7.125,
    0.0
  ],
  [
    7.14,
    0.0
  ],
  [
    7.169,
    0.0
  ],
  [
    7.178,
    0.0
  ],
  [
    7.207,
    0.0
  ],
  [
    7.217,
    0.0
  ],
  [
    7.245,
    0.0
  ],
  [
    7.253,
    0.0
  ],
  [
    7.282,
    0.0
  ],
  [
    7.29,
    0.0
  ],
  [
    7.317,
    0.0
  ],
  [
    7.324,
    0.0
  ],
  [
    7.353,
    0.0
  ],
  [
    7.367,
    0.0
  ],
  [
    7.378,
    0.0
  ],
  [
    7.394,
    0.0
  ],
  [
    7.419,
    0.0
  ],
  [
    7.427,
    0.0
  ],
  [
    7.455,
    0.0
  ],
  [
    7.468,
    0.0
  ],
  [
    7.479,
    0.0
  ],
  [
    7.506,
    0.0
  ],
  [
    7.514,
    0.0
  ],
  [
    7.542,
    0.0
  ],
  [
    7.551,
    0.0
  ],
  [
    7.567,
    0.0
  ],
  [
    7.597,
    0.0
  ],
  [
    7.609,
    0.0
  ],
  [
    7.633,
    0.0
  ],
  [
    7.64,
    0.0
  ],
  [
    7.668,
    0.0
  ],
  [
    7.675,
    0.0
  ],
  [
    7.704,
    0.0
  ],
  [
    7.713,
    0.0
  ],
  [
    7.742,
    0.0
  ],
  [
    7.751,
    0.0
  ],
  [
    7.78,
    0.0
  ],
  [
    7.787,
    0.0
  ],
  [
    7.802,
    0.0
  ],
  [
    7.828,
    0.0
  ],
  [
    7.836,
    0.0
  ],
  [
    7.863,
    0.0
  ],
  [
    7.878,
    0.0
  ],
  [
    7.888,
    0.0
  ],
  [
    7.917,
    0.0
  ],
  [
    7.93,
    0.0
  ],
  [
    7.942,
    0.0
  ],
  [
    7.968,
    0.0
  ],
  [
    7.986,
    0.0
  ],
  [
    7.997,
    0.0
  ],
  [
    8.024,
    0.0
  ],
  [
    8.035,
    0.0
  ],
  [
    8.063,
    0.0
  ],
  [
    8.071,
    0.0
  ],
  [
    8.085,
    0.0
  ],
  [
    8.112,
    0.0
  ],
  [
    8.121,
    0.0
  ],
  [
    8.147,
    0.0
  ],
  [
    8.156,
    0.0
  ],
  [
    8.169,
    0.0
  ],
  [
    8.192,
    0.0
  ],
  [
    8.202,
    0.0
  ],
  [
    8.225,
    0.0
  ],
  [
    8.251,
    0.0
  ],
  [
    8.259,
    0.0
  ],
  [
    8.288,
    0.0
  ],
  [
    8.299,
    0.0
  ],
  [
    8.326,
    0.0
  ],
  [
    8.336,
    0.0
  ],
  [
    8.362,
    0.0
  ],
  [
    8.375,
    0.0
  ],
  [
    8.4,
    0.0
  ],
  [
    8.409,
    0.0
  ],
  [
    8.437,
    0.0
  ],
  [
    8.446,
    0.0
  ],
  [
    8.473,
    0.0
  ],
  [
    8.481,
    0.0
  ],
  [
    8.496,
    0.0
  ],
  [
    8.522,
    0.0
  ],
  [
    8.532,
    0.0
  ],
  [
    8.55,
    0.0
  ],
  [
    8.58,
    0.0
  ],
  [
    8.589,
    0.0
  ],
  [
    8.615,
    0.0
  ],
  [
    8.626,
    0.0
  ],
  [
    8.641,
    0.0
  ],
  [
    8.667,
    0.0
  ],
  [
    8.678,
    0.0
  ],
  [
    8.706,
    0.0
  ],
  [
    8.714,
    0.0
  ],
  [
    8.738,
    0.0
  ],
  [
    8.748,
    0.0
  ],
  [
    8.774,
    0.0
  ],
  [
    8.785,
    0.0
  ],
  [
    8.801,
    0.0
  ],
  [
    8.828,
    0.0
  ],
  [
    8.835,
    0.0
  ],
  [
    8.863,
    0.0
  ],
  [
    8.871,
    0.0
  ],
  [
    8.896,
    0.0
  ],
  [
    8.907,
    0.0
  ],
  [
    8.936,
    0.0
  ],
  [
    8.944,
    0.0
  ],
  [
    8.972,
    0.0
  ],
  [
    8.981,
    0.0
  ],
  [
    9.009,
    0.0
  ],
  [
    9.018,
    0.0
  ],
  [
    9.047,
    0.0
  ],
  [
    9.06,
    0.0
  ],
  [
    9.074,
    0.0
  ],
  [
    9.083,
    0.0
  ],
  [
    9.109,
    0.0
  ],
  [
    9.118,
    0.0
  ],
  [
    9.131,
    0.0
  ],
  [
    9.155,
    0.0
  ],
  [
    9.169,
    0.0
  ],
  [
    9.196,
    0.0
  ],
  [
    9.205,
    0.0
  ],
  [
    9.219,
    0.0
  ],
  [
    9.247,
    0.0
  ],
  [
    9.257,
    0.0
  ],
  [
    9.284,
    0.0
  ],
  [
    9.292,
    0.0
  ],
  [
    9.32,
    0.0
  ],
  [
    9.327,
    0.0
  ],
  [
    9.352,
    0.0
  ],
  [
    9.363,
    0.0
  ],
  [
    9.392,
    0.0
  ],
  [
    9.404,
    0.0
  ],
  [
    9.415,
    0.0
  ],
  [
    9.444,
    0.0
  ],
  [
    9.451,
    0.0
  ],
  [
    9.476,
    0.0
  ],
  [
    9.497,
    0.0
  ],
  [
    9.509,
    0.0
  ],
  [
    9.537,
    0.0
  ],
  [
    9.545,
    0.0
  ],
  [
    9.569,
    0.0
  ],
  [
    9.577,
    0.0
  ],
  [
    9.602,
    0.0
  ],
  [
    9.615,
    0.0
  ],
  [
    9.642,
    0.0
  ],
  [
    9.653,
    0.0
  ],
  [
    9.666,
    0.0
  ],
  [
    9.686,
    0.0
  ],
  [
    9.701,
    0.0
  ],
  [
    9.715,
    0.0
  ],
  [
    9.734,
    0.0
  ],
  [
    9.749,
    0.0
  ],
  [
    9.762,
    0.0
  ],
  [
    9.785,
    0.0
  ],
  [
    9.799,
    0.0
  ],
  [
    9.826,
    0.0
  ],
  [
    9.835,
    0.0
  ],
  [
    9.862,
    0.0
  ],
  [
    9.869,
    0.0
  ],
  [
    9.895,
    0.0
  ],
  [
    9.905,
    0.0
  ],
  [
    9.934,
    0.0
  ],
  [
    9.944,
    0.0
  ],
  [
    9.967,
    0.0
  ],
  [
    9.994,
    0.0
  ],
  [
    10.003,
    0.0
  ],
  [
    10.022,
    0.0
  ],
  [
    10.045,
    0.0
  ],
  [
    10.057,
    0.0
  ],
  [
    10.081,
    0.0
  ],
  [
    10.093,
    0.0
  ],
  [
    10.12,
    0.0
  ],
  [
    10.127,
    0.0
  ],
  [
    10.153,
    0.0
  ],
  [
    10.16,
    0.0
  ],
  [
    10.185,
    0.0
  ],
  [
    10.195,
    0.0
  ],
  [
    10.221,
    0.0
  ],
  [
    10.233,
    0.0
  ],
  [
    10.247,
    0.0
  ],
  [
    10.273,
    0.0
  ],
  [
    10.306,
    0.0
  ],
  [
    10.323,
    0.0
  ],
  [
    10.335,
    -1.2449
  ],
  [
    10.348,
    -2.6127
  ],
  [
    10.378,
    -4.9889
  ],
  [
    10.387,
    -6.0674
  ],
  [
    10.414,
    -8.1423
  ],
  [
    10.426,
    -9.2108
  ],
  [
    10.439,
    -10.4686
  ],
  [
    10.465,
    -12.7595
  ],
  [
    10.473,
    -13.7646
  ],
  [
    10.497,
    -15.6087
  ],
  [
    10.514,
    -16.6915
  ],
  [
    10.523,
    -17.9461
  ],
  [
    10.537,
    -19.0634
  ],
  [
    10.565,
    -21.5522
  ],
  [
    10.574,
    -22.4632
  ],
  [
    10.588,
    -23.5389
  ],
  [
    10.615,
    -25.9409
  ],
  [
    10.622,
    -26.7686
  ],
  [
    10.637,
    -27.7289
  ],
  [
    10.663,
    -30.2319
  ],
  [
    10.676,
    -31.2812
  ],
  [
    10.691,
    -32.4865
  ],
  [
    10.719,
    -34.8766
  ],
  [
    10.728,
    -34.9711
  ],
  [
    10.742,
    -34.971
  ],
  [
    10.763,
    -34.9707
  ],
  [
    10.784,
    -34.9454
  ],
  [
    10.794,
    -34.9449
  ],
  [
    10.823,
    -34.8926
  ],
  [
    10.831,
    -34.8757
  ],
  [
    10.859,
    -34.8464
  ],
  [
    10.871,
    -34.85
  ],
  [
    10.897,
    -34.8465
  ],
  [
    10.912,
    -34.845
  ],
  [
    10.925,
    -34.8437
  ],
  [
    10.937,
    -34.8326
  ],
  [
    10.96,
    -34.8349
  ],
  [
    10.985,
    -34.7732
  ],
  [
    10.997,
    -34.7484
  ],
  [
    11.024,
    -34.7162
  ],
  [
    11.034,
    -34.7143
  ],
  [
    11.057,
    -34.7185
  ],
  [
    11.067,
    -34.7184
  ],
  [
    11.093,
    -34.7223
  ],
  [
    11.101,
    -34.7133
  ],
  [
    11.133,
    -34.6567
  ],
  [
    11.141,
    -34.6654
  ],
  [
    11.169,
    -34.6685
  ],
  [
    11.177,
    -34.6676
  ],
  [
    11.206,
    -34.6663
  ],
  [
    11.216,
    -34.669
  ],
  [
    11.246,
    -34.6719
  ],
  [
    11.255,
    -34.6735
  ],
  [
    11.27,
    -34.675
  ],
  [
    11.297,
    -34.6765
  ],
  [
    11.308,
    -34.6586
  ],
  [
    11.321,
    -34.6346
  ],
  [
    11.337,
    -34.6379
  ],
  [
    11.357,
    -34.5947
  ],
  [
    11.371,
    -34.5767
  ],
  [
    11.398,
    -34.5885
  ],
  [
    11.408,
    -34.5883
  ],
  [
    11.423,
    -34.5807
  ],
  [
    11.448,
    -34.5847
  ],
  [
    11.46,
    -34.579
  ],
  [
    11.474,
    -34.572
  ],
  [
    11.499,
    -34.5762
  ],
  [
    11.508,
    -34.5716
  ],
  [
    11.534,
    -34.5576
  ],
  [
    11.546,
    -34.5538
  ],
  [
    11.574,
    -34.5508
  ],
  [
    11.584,
    -34.5481
  ],
  [
    11.61,
    -34.5418
  ],
  [
    11.62,
    -34.5352
  ],
  [
    11.634,
    -34.5248
  ],
  [
    11.66,
    -34.5277
  ],
  [
    11.674,
    -34.5318
  ],
  [
    11.683,
    -34.521
  ],
  [
    11.71,
    -34.4649
  ],
  [
    11.721,
    -34.4557
  ],
  [
    11.748,
    -34.4584
  ],
  [
    11.757,
    -34.4605
  ],
  [
    11.785,
    -34.4683
  ],
  [
    11.795,
    -34.4665
  ],
  [
    11.821,
    -34.4628
  ],
  [
    11.836,
    -34.4598
  ],
  [
    11.845,
    -34.4449
  ],
  [
    11.876,
    -34.4405
  ],
  [
    11.886,
    -34.442
  ],
  [
    11.912,
    -34.4407
  ],
  [
    11.933,
    -34.4197
  ],
  [
    11.943,
    -34.4139
  ],
  [
    11.968,
    -34.4203
  ],
  [
    11.978,
    -34.413
  ],
  [
    12.002,
    -34.3969
  ],
  [
    12.012,
    -34.3916
  ],
  [
    12.042,
    -34.3991
  ],
  [
    12.052,
    -34.3991
  ],
  [
    12.066,
    -34.396
  ],
  [
    12.091,
    -34.3994
  ],
  [
    12.099,
    -34.3912
  ],
  [
    12.129,
    -34.3655
  ],
  [
    12.138,
    -34.3652
  ],
  [
    12.166,
    -34.3676
  ],
  [
    12.172,
    -34.3641
  ],
  [
    12.202,
    -34.3573
  ],
  [
    12.213,
    -34.3544
  ],
  [
    12.226,
    -34.3582
  ],
  [
    12.256,
    -34.3628
  ],
  [
    12.268,
    -34.3644
  ],
  [
    12.28,
    -34.361
  ],
  [
    12.306,
    -34.3612
  ],
  [
    12.318,
    -34.3568
  ],
  [
    12.328,
    -34.3486
  ],
  [
    12.356,
    -34.3322
  ],
  [
    12.363,
    -34.3308
  ],
  [
    12.394,
    -34.3356
  ],
  [
    12.409,
    -34.3386
  ],
  [
    12.416,
    -34.3394
  ],
  [
    12.447,
    -34.3329
  ],
  [
    12.457,
    -34.3348
  ],
  [
    12.483,
    -34.3209
  ],
  [
    12.492,
    -34.3197
  ],
  [
    12.519,
    -34.3201
  ],
  [
    12.526,
    -34.3105
  ],
  [
    12.555,
    -34.2949
  ],
  [
    12.566,
    -34.2984
  ],
  [
    12.594,
    -34.2966
  ],
  [
    12.607,
    -34.2912
  ],
  [
    12.618,
    -34.2847
  ],
  [
    12.647,
    -34.2888
  ],
  [
    12.655,
    -34.2885
  ],
  [
    12.681,
    -34.2744
  ],
  [
    12.693,
    -34.2632
  ],
  [
    12.706,
    -34.258
  ],
  [
    12.735,
    -34.2675
  ],
  [
    12.746,
    -34.2653
  ],
  [
    12.759,
    -34.2619
  ],
  [
    12.774,
    -34.2647
  ],
  [
    12.804,
    -34.2751
  ],
  [
    12.812,
    -34.2677
  ],
  [
    12.827,
    -34.2587
  ],
  [
    12.855,
    -34.2686
  ],
  [
    12.865,
    -34.2643
  ],
  [
    12.877,
    -34.2578
  ],
  [
    12.907,
    -34.2513
  ],
  [
    12.915,
    -34.247
  ],
  [
    12.942,
    -34.2484
  ],
  [
    12.949,
    -34.2431
  ],
  [
    12.965,
    -34.2369
  ],
  [
    12.993,
    -34.2527
  ],
  [
    13.002,
    -34.2496
  ],
  [
    13.017,
    -34.2391
  ],
  [
    13.031,
    -34.2375
  ],
  [
    13.057,
    -34.2463
  ],
  [
    13.064,
    -34.248
  ],
  [
    13.094,
    -34.262
  ],
  [
    13.105,
    -34.2599
  ],
  [
    13.135,
    -34.2526
  ],
  [
    13.146,
    -34.2479
  ],
  [
    13.176,
    -34.2536
  ],
  [
    13.185,
    -34.2523
  ],
  [
    13.215,
    -34.2472
  ],
  [
    13.222,
    -34.2443
  ],
  [
    13.248,
    -34.2319
  ],
  [
    13.258,
    -34.2256
  ],
  [
    13.274,
    -34.215
  ],
  [
    13.3,
    -34.2226
  ],
  [
    13.311,
    -34.2194
  ],
  [
    13.341,
    -34.2159
  ],
  [
    13.348,
    -34.2126
  ],
  [
    13.377,
    -34.2029
  ],
  [
    13.385,
    -34.2005
  ],
  [
    13.412,
    -34.197
  ],
  [
    13.421,
    -34.1964
  ],
  [
    13.434,
    -34.1873
  ],
  [
    13.461,
    -34.1854
  ],
  [
    13.467,
    -34.1829
  ],
  [
    13.496,
    -34.1856
  ],
  [
    13.504,
    -34.1855
  ],
  [
    13.533,
    -34.1827
  ],
  [
    13.542,
    -34.1828
  ],
  [
    13.574,
    -34.1819
  ],
  [
    13.582,
    -34.1869
  ],
  [
    13.612,
    -34.1853
  ],
  [
    13.62,
    -34.1858
  ],
  [
    13.65,
    -34.1812
  ],
  [
    13.656,
    -34.1843
  ],
  [
    13.684,
    -34.1848
  ],
  [
    13.693,
    -34.1786
  ],
  [
    13.722,
    -34.1808
  ],
  [
    13.748,
    0.0
  ],
  [
    13.76,
    -1.2006
  ],
  [
    13.779,
    -2.571
  ],
  [
    13.808,
    -5.3463
  ],
  [
    13.819,
    -6.4464
  ],
  [
    13.846,
    -8.801
  ],
  [
    13.863,
    -9.9926
  ],
  [
    13.876,
    -11.2417
  ],
  [
    13.902,
    -13.7116
  ],
  [
    13.909,
    -14.7239
  ],
  [
    13.936,
    -16.5841
  ],
  [
    13.946,
    -17.5522
  ],
  [
    13.959,
    -18.8039
  ],
  [
    13.988,
    -21.2179
  ],
  [
    13.998,
    -22.2279
  ],
  [
    14.012,
    -23.3704
  ],
  [
    14.035,
    -25.7146
  ],
  [
    14.046,
    -26.599
  ],
  [
    14.075,
    -28.8293
  ],
  [
    14.085,
    -29.8581
  ],
  [
    14.112,
    -32.1613
  ],
  [
    14.119,
    -33.1142
  ],
  [
    14.148,
    -35.0
  ],
  [
    14.154,
    -35.0
  ],
  [
    14.185,
    -35.0
  ],
  [
    14.198,
    -35.0
  ],
  [
    14.21,
    -35.0
  ],
  [
    14.239,
    -35.0
  ],
  [
    14.248,
    -35.0
  ],
  [
    14.263,
    -35.0
  ],
  [
    14.295,
    -35.0
  ],
  [
    14.306,
    -35.0
  ],
  [
    14.319,
    -35.0
  ],
  [
    14.347,
    -35.0
  ],
  [
    14.357,
    -35.0
  ],
  [
    14.379,
    -35.0
  ],
  [
    14.395,
    -35.0
  ],
  [
    14.41,
    -35.0
  ],
  [
    14.423,
    -35.0
  ],
  [
    14.452,
    -35.0
  ],
  [
    14.459,
    -35.0
  ],
  [
    14.489,
    -35.0
  ],
  [
    14.499,
    -35.0
  ],
  [
    14.516,
    -35.0
  ],
  [
    14.53,
    -35.0
  ],
  [
    14.561,
    -35.0
  ],
  [
    14.572,
    -35.0
  ],
  [
    14.602,
    -35.0
  ],
  [
    14.611,
    -35.0
  ],
  [
    14.639,
    -35.0
  ],
  [
    14.648,
    -35.0
  ],
  [
    14.675,
    -35.0
  ],
  [
    14.687,
    -35.0
  ],
  [
    14.699,
    -35.0
  ],
  [
    14.728,
    -35.0
  ],
  [
    14.741,
    -35.0
  ],
  [
    14.768,
    -35.0
  ],
  [
    14.778,
    -35.0
  ],
  [
    14.806,
    -33.25
  ],
  [
    14.817,
    -31.5
  ],
  [
    14.846,
    -29.75
  ],
  [
    14.855,
    -28.0
  ],
  [
    14.87,
    -26.25
  ],
  [
    14.89,
    -24.5
  ],
  [
    14.919,
    -22.75
  ],
  [
    14.929,
    -21.0
  ],
  [
    14.955,
    -19.25
  ],
  [
    14.969,
    -17.5
  ],
  [
    14.979,
    -15.75
  ],
  [
    15.009,
    -14.0
  ],
  [
    15.019,
    -12.25
  ],
  [
    15.043,
    -10.5
  ],
  [
    15.051,
    -8.75
  ],
  [
    15.078,
    -7.0
  ],
  [
    15.089,
    -5.25
  ],
  [
    15.114,
    -3.5
  ],
  [
    15.125,
    -1.75
  ],
  [
    15.153,
    0.0
  ],
  [
    15.162,
    0.8493
  ],
  [
    15.177,
    1.9286
  ],
  [
    15.207,
    4.2178
  ],
  [
    15.218,
    5.317
  ],
  [
    15.229,
    6.344
  ],
  [
    15.247,
    7.3072
  ],
  [
    15.272,
    9.4202
  ],
  [
    15.281,
    10.1927
  ],
  [
    15.297,
    11.059
  ],
  [
    15.324,
    13.1506
  ],
  [
    15.336,
    13.852
  ],
  [
    15.346,
    14.6222
  ],
  [
    15.374,
    16.2583
  ],
  [
    15.381,
    16.8919
  ],
  [
    15.414,
    18.519
  ],
  [
    15.423,
    19.4038
  ],
  [
    15.45,
    20.921
  ],
  [
    15.458,
    21.5639
  ],
  [
    15.487,
    23.0094
  ],
  [
    15.499,
    23.6513
  ],
  [
    15.513,
    24.4466
  ],
  [
    15.542,
    26.0359
  ],
  [
    15.555,
    26.6874
  ],
  [
    15.583,
    26.7447
  ],
  [
    15.592,
    26.7446
  ],
  [
    15.609,
    26.735
  ],
  [
    15.623,
    26.7299
  ],
  [
    15.65,
    26.6971
  ],
  [
    15.659,
    26.6702
  ],
  [
    15.674,
    26.6652
  ],
  [
    15.688,
    26.6481
  ],
  [
    15.717,
    26.6283
  ],
  [
    15.729,
    26.6314
  ],
  [
    15.742,
    26.6303
  ],
  [
    15.77,
    26.633
  ],
  [
    15.781,
    26.6355
  ],
  [
    15.807,
    26.6374
  ],
  [
    15.824,
    26.6347
  ],
  [
    15.835,
    26.6362
  ],
  [
    15.867,
    26.6162
  ],
  [
    15.877,
    26.6132
  ],
  [
    15.893,
    26.6142
  ],
  [
    15.923,
    26.6005
  ],
  [
    15.93,
    26.5867
  ],
  [
    15.962,
    26.5851
  ],
  [
    15.974,
    26.5892
  ],
  [
    15.988,
    26.5903
  ],
  [
    16.021,
    26.5937
  ],
  [
    16.029,
    26.5938
  ],
  [
    16.044,
    26.5903
  ],
  [
    16.074,
    26.5893
  ],
  [
    16.085,
    26.5884
  ],
  [
    16.101,
    26.5875
  ],
  [
    16.116,
    26.5861
  ],
  [
    16.147,
    26.589
  ],
  [
    16.155,
    26.5891
  ],
  [
    16.185,
    26.539
  ],
  [
    16.196,
    26.5355
  ],
  [
    16.21,
    26.5332
  ],
  [
    16.238,
    26.5361
  ],
  [
    16.248,
    26.5363
  ],
  [
    16.275,
    26.5332
  ],
  [
    16.281,
    26.5299
  ],
  [
    16.314,
    26.5224
  ],
  [
    16.329,
    26.5219
  ],
  [
    16.338,
    26.5229
  ],
  [
    16.367,
    26.5182
  ],
  [
    16.377,
    26.5161
  ],
  [
    16.394,
    26.5157
  ],
  [
    16.409,
    26.5169
  ],
  [
    16.421,
    26.5186
  ],
  [
    16.45,
    26.5162
  ],
  [
    16.46,
    26.5076
  ],
  [
    16.473,
    26.4959
  ],
  [
    16.502,
    26.4832
  ],
  [
    16.515,
    26.4815
  ],
  [
    16.527,
    26.4776
  ],
  [
    16.542,
    26.4744
  ],
  [
    16.573,
    26.4782
  ],
  [
    16.581,
    26.4765
  ],
  [
    16.596,
    26.4726
  ],
  [
    16.624,
    26.4685
  ],
  [
    16.633,
    26.4632
  ],
  [
    16.646,
    26.457
  ],
  [
    16.66,
    26.4555
  ],
  [
    16.688,
    26.4551
  ],
  [
    16.696,
    26.4514
  ],
  [
    16.727,
    26.4371
  ],
  [
    16.734,
    26.4379
  ],
  [
    16.759,
    26.425
  ],
  [
    16.772,
    26.42
  ],
  [
    16.786,
    26.4178
  ],
  [
    16.813,
    26.4188
  ],
  [
    16.822,
    26.4147
  ],
  [
    16.839,
    26.4098
  ],
  [
    16.867,
    26.4139
  ],
  [
    16.885,
    26.4124
  ],
  [
    16.895,
    26.4086
  ],
  [
    16.926,
    26.4122
  ],
  [
    16.935,
    26.4123
  ],
  [
    16.959,
    26.4062
  ],
  [
    16.99,
    26.3974
  ],
  [
    17.0,
    26.3977
  ],
  [
    17.014,
    26.3946
  ],
  [
    17.029,
    26.3925
  ],
  [
    17.056,
    26.394
  ],
  [
    17.062,
    26.3885
  ],
  [
    17.092,
    26.3814
  ],
  [
    17.099,
    26.3801
  ],
  [
    17.127,
    26.3644
  ],
  [
    17.137,
    26.3618
  ],
  [
    17.166,
    26.36
  ],
  [
    17.175,
    26.356
  ],
  [
    17.19,
    26.3512
  ],
  [
    17.221,
    26.3562
  ],
  [
    17.23,
    26.3526
  ],
  [
    17.244,
    26.3486
  ],
  [
    17.273,
    26.3534
  ],
  [
    17.282,
    26.3507
  ],
  [
    17.297,
    26.3453
  ],
  [
    17.319,
    26.3431
  ],
  [
    17.335,
    26.3367
  ],
  [
    17.348,
    26.3332
  ],
  [
    17.364,
    26.3369
  ],
  [
    17.391,
    26.341
  ],
  [
    17.402,
    26.3358
  ],
  [
    17.43,
    26.3322
  ],
  [
    17.443,
    26.3322
  ],
  [
    17.457,
    26.3329
  ],
  [
    17.471,
    26.3322
  ],
  [
    17.498,
    26.3324
  ],
  [
    17.505,
    26.3257
  ],
  [
    17.534,
    26.3152
  ],
  [
    17.543,
    26.3118
  ],
  [
    17.556,
    26.3099
  ],
  [
    17.585,
    26.3117
  ],
  [
    17.594,
    26.3103
  ],
  [
    17.606,
    26.3064
  ],
  [
    17.636,
    26.3015
  ],
  [
    17.646,
    26.3007
  ],
  [
    17.677,
    26.3042
  ],
  [
    17.683,
    26.3039
  ],
  [
    17.712,
    26.2926
  ],
  [
    17.718,
    26.291
  ],
  [
    17.745,
    26.2914
  ],
  [
    17.758,
    26.288
  ],
  [
    17.771,
    26.2873
  ],
  [
    17.784,
    26.29
  ],
  [
    17.813,
    26.2917
  ],
  [
    17.822,
    26.2902
  ],
  [
    17.849,
    26.2868
  ],
  [
    17.86,
    26.285
  ],
  [
    17.891,
    26.2844
  ],
  [
    17.901,
    26.2845
  ],
  [
    17.913,
    26.2811
  ],
  [
    17.943,
    26.2808
  ],
  [
    17.954,
    26.2828
  ],
  [
    17.98,
    26.2878
  ],
  [
    17.991,
    26.2865
  ],
  [
    18.019,
    26.2971
  ],
  [
    18.028,
    26.3002
  ],
  [
    18.046,
    26.3011
  ],
  [
    18.074,
    26.3151
  ],
  [
    18.086,
    26.3205
  ],
  [
    18.103,
    26.3267
  ],
  [
    18.115,
    26.3358
  ],
  [
    18.148,
    26.35
  ],
  [
    18.156,
    26.3583
  ],
  [
    18.182,
    26.3678
  ],
  [
    18.194,
    26.3728
  ],
  [
    18.208,
    26.3772
  ],
  [
    18.23,
    26.3918
  ],
  [
    18.257,
    26.3996
  ],
  [
    18.267,
    26.4064
  ],
  [
    18.281,
    26.4123
  ],
  [
    18.308,
    26.4249
  ],
  [
    18.318,
    26.431
  ],
  [
    18.349,
    26.444
  ],
  [
    18.361,
    26.4509
  ],
  [
    18.376,
    26.4573
  ],
  [
    18.389,
    26.4642
  ],
  [
    18.416,
    26.4771
  ],
  [
    18.424,
    26.4829
  ],
  [
    18.455,
    26.4939
  ],
  [
    18.467,
    26.4991
  ],
  [
    18.476,
    26.5048
  ],
  [
    18.505,
    26.5158
  ],
  [
    18.514,
    26.521
  ],
  [
    18.543,
    26.5309
  ],
  [
    18.554,
    26.5359
  ],
  [
    18.568,
    26.5408
  ],
  [
    18.593,
    26.5509
  ],
  [
    18.603,
    26.5531
  ],
  [
    18.617,
    26.5577
  ],
  [
    18.643,
    26.5676
  ],
  [
    18.654,
    26.5716
  ],
  [
    18.681,
    26.5804
  ],
  [
    18.691,
    26.5841
  ],
  [
    18.718,
    26.5925
  ],
  [
    18.727,
    26.5958
  ],
  [
    18.742,
    26.5993
  ],
  [
    18.768,
    26.6075
  ],
  [
    18.777,
    25.4855
  ],
  [
    18.807,
    22.75
  ],
  [
    18.816,
    21.2914
  ],
  [
    18.832,
    19.7293
  ],
  [
    18.848,
    17.7503
  ],
  [
    18.874,
    14.0023
  ],
  [
    18.884,
    12.4916
  ],
  [
    18.914,
    8.9404
  ],
  [
    18.924,
    7.3072
  ],
  [
    18.939,
    5.0029
  ],
  [
    18.969,
    0.2263
  ],
  [
    18.978,
    0.0
  ],
  [
    19.003,
    0.0
  ],
  [
    19.012,
    0.0
  ],
  [
    19.042,
    0.0
  ],
  [
    19.049,
    0.0
  ],
  [
    19.064,
    0.0
  ],
  [
    19.09,
    0.0
  ],
  [
    19.098,
    0.0
  ],
  [
    19.127,
    0.0
  ],
  [
    19.137,
    0.0
  ],
  [
    19.166,
    0.0
  ],
  [
    19.175,
    0.0
  ],
  [
    19.2,
    0.0
  ],
  [
    19.209,
    0.0
  ],
  [
    19.235,
    0.0
  ],
  [
    19.247,
    0.0
  ],
  [
    19.276,
    0.0
  ],
  [
    19.3,
    0.0
  ],
  [
    19.307,
    0.0
  ],
  [
    19.336,
    0.0
  ],
  [
    19.346,
    0.0
  ],
  [
    19.36,
    0.0
  ],
  [
    19.387,
    0.0
  ],
  [
    19.393,
    0.0
  ],
  [
    19.421,
    0.0
  ],
  [
    19.437,
    0.0
  ],
  [
    19.448,
    0.0
  ],
  [
    19.475,
    0.0
  ],
  [
    19.484,
    0.0
  ],
  [
    19.511,
    0.0
  ],
  [
    19.52,
    0.0
  ],
  [
    19.532,
    0.0
  ],
  [
    19.562,
    0.0
  ],
  [
    19.569,
    0.0
  ],
  [
    19.598,
    0.0
  ],
  [
    19.608,
    0.0
  ],
  [
    19.637,
    0.0
  ],
  [
    19.648,
    0.0
  ],
  [
    19.66,
    0.0
  ],
  [
    19.674,
    0.0
  ],
  [
    19.701,
    0.0
  ],
  [
    19.712,
    0.0
  ],
  [
    19.725,
    0.0
  ],
  [
    19.755,
    0.0
  ],
  [
    19.764,
    0.0
  ],
  [
    19.79,
    0.0
  ],
  [
    19.801,
    0.0
  ],
  [
    19.827,
    0.0
  ],
  [
    19.835,
    0.0
  ],
  [
    19.848,
    0.0
  ],
  [
    19.877,
    0.0
  ],
  [
    19.888,
    0.0
  ],
  [
    19.898,
    0.0
  ],
  [
    19.926,
    0.0
  ],
  [
    19.937,
    0.0
  ],
  [
    19.965,
    0.0
  ],
  [
    19.974,
    0.0
  ],
  [
    20.003,
    0.0
  ],
  [
    20.01,
    0.0
  ],
  [
    20.04,
    0.0
  ],
  [
    20.047,
    0.0
  ],
  [
    20.064,
    0.0
  ],
  [
    20.091,
    0.0
  ],
  [
    20.103,
    0.0
  ],
  [
    20.113,
    0.0
  ],
  [
    20.139,
    0.0
  ],
  [
    20.149,
    0.0
  ],
  [
    20.175,
    0.0
  ],
  [
    20.184,
    0.0
  ],
  [
    20.212,
    0.0
  ],
  [
    20.218,
    0.0
  ],
  [
    20.24,
    0.0
  ],
  [
    20.254,
    0.0
  ],
  [
    20.268,
    0.0
  ],
  [
    20.294,
    0.0
  ],
  [
    20.3,
    0.0
  ],
  [
    20.327,
    0.0
  ],
  [
    20.337,
    0.0
  ],
  [
    20.35,
    0.0
  ],
  [
    20.382,
    0.0
  ],
  [
    20.389,
    0.0
  ],
  [
    20.403,
    0.0
  ],
  [
    20.435,
    0.0
  ],
  [
    20.441,
    0.0
  ],
  [
    20.457,
    0.0
  ],
  [
    20.485,
    0.0
  ],
  [
    20.496,
    0.0
  ],
  [
    20.507,
    0.0
  ],
  [
    20.531,
    0.0
  ],
  [
    20.543,
    0.0
  ],
  [
    20.575,
    0.0
  ],
  [
    20.584,
    0.0
  ],
  [
    20.598,
    0.0
  ],
  [
    20.624,
    0.0
  ],
  [
    20.635,
    0.0
  ],
  [
    20.649,
    0.0
  ],
  [
    20.679,
    0.0
  ],
  [
    20.689,
    0.0
  ],
  [
    20.716,
    0.0
  ],
  [
    20.722,
    0.0
  ],
  [
    20.751,
    0.0
  ],
  [
    20.763,
    0.0
  ],
  [
    20.772,
    0.0
  ],
  [
    20.8,
    0.0
  ],
  [
    20.814,
    0.0
  ],
  [
    20.835,
    0.0
  ],
  [
    20.844,
    0.0
  ],
  [
    20.859,
    0.0
  ],
  [
    20.886,
    0.0
  ],
  [
    20.902,
    0.0
  ],
  [
    20.91,
    0.0
  ],
  [
    20.941,
    0.0
  ],
  [
    20.949,
    0.0
  ],
  [
    20.966,
    0.0
  ],
  [
    20.978,
    0.0
  ],
  [
    21.005,
    0.0
  ],
  [
    21.015,
    0.0
  ],
  [
    21.029,
    0.0
  ],
  [
    21.054,
    0.0
  ],
  [
    21.064,
    0.0
  ],
  [
    21.09,
    0.0
  ],
  [
    21.101,
    0.0
  ],
  [
    21.112,
    0.0
  ],
  [
    21.14,
    0.0
  ],
  [
    21.151,
    0.0
  ],
  [
    21.162,
    0.0
  ],
  [
    21.19,
    0.0
  ],
  [
    21.202,
    0.0
  ],
  [
    21.215,
    0.0
  ],
  [
    21.243,
    0.0
  ],
  [
    21.255,
    0.0
  ],
  [
    21.269,
    0.0
  ],
  [
    21.299,
    0.0
  ],
  [
    21.305,
    0.0
  ],
  [
    21.335,
    0.0
  ],
  [
    21.344,
    0.0
  ],
  [
    21.357,
    0.0
  ],
  [
    21.373,
    0.0
  ],
  [
    21.388,
    0.0
  ],
  [
    21.415,
    0.0
  ],
  [
    21.423,
    0.0
  ],
  [
    21.452,
    0.0
  ],
  [
    21.46,
    0.0
  ],
  [
    21.475,
    0.0
  ],
  [
    21.503,
    0.0
  ],
  [
    21.514,
    0.0
  ],
  [
    21.541,
    0.0
  ],
  [
    21.548,
    0.0
  ],
  [
    21.562,
    0.0
  ],
  [
    21.584,
    0.0
  ],
  [
    21.599,
    0.0
  ],
  [
    21.618,
    0.0
  ],
  [
    21.636,
    0.0
  ],
  [
    21.661,
    0.0
  ],
  [
    21.68,
    0.0
  ],
  [
    21.696,
    0.0
  ],
  [
    21.723,
    0.0
  ],
  [
    21.739,
    0.0
  ],
  [
    21.759,
    0.0
  ],
  [
    21.79,
    0.0
  ],
  [
    21.813,
    0.0
  ],
  [
    21.829,
    0.0
  ],
  [
    21.849,
    0.0
  ],
  [
    21.86,
    0.0
  ],
  [
    21.879,
    0.0
  ],
  [
    21.899,
    0.0
  ],
  [
    21.922,
    0.0
  ],
  [
    21.944,
    0.0
  ],
  [
    21.96,
    0.0
  ],
  [
    21.978,
    0.0
  ],
  [
    22.003,
    0.0
  ],
  [
    22.018,
    0.0
  ],
  [
    22.043,
    0.0
  ],
  [
    22.055,
    0.0
  ],
  [
    22.077,
    0.0
  ],
  [
    22.087,
    0.0
  ],
  [
    22.103,
    0.0
  ],
  [
    22.117,
    0.0
  ],
  [
    22.143,
    0.0
  ],
  [
    22.15,
    0.0
  ],
  [
    22.184,
    0.0
  ],
  [
    22.204,
    0.0
  ],
  [
    22.213,
    0.0
  ],
  [
    22.239,
    0.0
  ],
  [
    22.249,
    0.0
  ],
  [
    22.275,
    0.0
  ],
  [
    22.286,
    0.0
  ],
  [
    22.3,
    0.0
  ],
  [
    22.326,
    0.0
  ],
  [
    22.338,
    0.0
  ],
  [
    22.363,
    0.0
  ],
  [
    22.381,
    0.0
  ],
  [
    22.398,
    0.0
  ],
  [
    22.415,
    0.0
  ],
  [
    22.427,
    0.0
  ],
  [
    22.439,
    0.0
  ],
  [
    22.456,
    0.0
  ],
  [
    22.476,
    0.0
  ],
  [
    22.496,
    0.0
  ],
  [
    22.511,
    0.0
  ],
  [
    22.528,
    0.0
  ],
  [
    22.542,
    0.0
  ],
  [
    22.558,
    0.0
  ],
  [
    22.58,
    0.0
  ],
  [
    22.608,
    0.0
  ],
  [
    22.62,
    0.0
  ],
  [
    22.638,
    0.0
  ],
  [
    22.653,
    0.0
  ],
  [
    22.672,
    0.0
  ],
  [
    22.692,
    0.0
  ],
  [
    22.717,
    0.0
  ],
  [
    22.728,
    0.0
  ],
  [
    22.743,
    0.0
  ],
  [
    22.757,
    0.0
  ],
  [
    22.773,
    0.0
  ],
  [
    22.793,
    0.0
  ],
  [
    22.807,
    0.0
  ],
  [
    22.824,
    0.0
  ],
  [
    22.855,
    0.0
  ],
  [
    22.866,
    0.0
  ],
  [
    22.882,
    0.0
  ],
  [
    22.897,
    0.0
  ],
  [
    22.925,
    0.0
  ],
  [
    22.935,
    0.0
  ],
  [
    22.961,
    0.0
  ],
  [
    22.974,
    0.0
  ],
  [
    22.984,
    0.0
  ],
  [
    23.014,
    0.0
  ],
  [
    23.02,
    0.0
  ],
  [
    23.047,
    0.0
  ],
  [
    23.058,
    0.0
  ],
  [
    23.087,
    0.0
  ],
  [
    23.095,
    0.0
  ],
  [
    23.121,
    0.0
  ],
  [
    23.13,
    0.0
  ],
  [
    23.146,
    0.0
  ],
  [
    23.16,
    0.0
  ],
  [
    23.192,
    0.0
  ],
  [
    23.202,
    0.0
  ],
  [
    23.216,
    0.0
  ],
  [
    23.245,
    0.0
  ],
  [
    23.255,
    0.0
  ],
  [
    23.282,
    0.0
  ],
  [
    23.295,
    0.0
  ],
  [
    23.308,
    0.0
  ],
  [
    23.334,
    0.0
  ],
  [
    23.347,
    0.0
  ],
  [
    23.36,
    0.0
  ],
  [
    23.377,
    0.0
  ],
  [
    23.407,
    0.0
  ],
  [
    23.417,
    0.0
  ],
  [
    23.428,
    0.0
  ],
  [
    23.456,
    0.0
  ],
  [
    23.465,
    0.0
  ],
  [
    23.492,
    0.0
  ],
  [
    23.5,
    0.0
  ],
  [
    23.527,
    0.0
  ],
  [
    23.536,
    0.0
  ],
  [
    23.566,
    0.0
  ],
  [
    23.575,
    0.0
  ],
  [
    23.6,
    0.0
  ],
  [
    23.609,
    0.0
  ],
  [
    23.636,
    0.0
  ],
  [
    23.647,
    0.0
  ],
  [
    23.662,
    0.0
  ],
  [
    23.689,
    0.0
  ],
  [
    23.708,
    0.0
  ],
  [
    23.726,
    0.0
  ],
  [
    23.745,
    0.0
  ],
  [
    23.761,
    0.0
  ],
  [
    23.788,
    0.0
  ],
  [
    23.802,
    0.0
  ],
  [
    23.821,
    0.0
  ],
  [
    23.848,
    0.0
  ],
  [
    23.861,
    0.0
  ],
  [
    23.876,
    0.0
  ],
  [
    23.891,
    0.0
  ],
  [
    23.923,
    0.0
  ],
  [
    23.934,
    0.0
  ],
  [
    23.96,
    0.0
  ],
  [
    23.984,
    0.0
  ],
  [
    23.997,
    0.0
  ],
  [
    24.009,
    0.0
  ],
  [
    24.038,
    0.0
  ],
  [
    24.048,
    0.0
  ],
  [
    24.076,
    0.0
  ],
  [
    24.086,
    0.0
  ],
  [
    24.101,
    0.0
  ],
  [
    24.14,
    0.0
  ],
  [
    24.154,
    0.0
  ],
  [
    24.166,
    0.0
  ],
  [
    24.179,
    0.0
  ],
  [
    24.197,
    0.0
  ],
  [
    24.225,
    0.0
  ],
  [
    24.241,
    0.0
  ],
  [
    24.25,
    0.0
  ],
  [
    24.281,
    0.0
  ],
  [
    24.291,
    0.0
  ],
  [
    24.306,
    0.0
  ],
  [
    24.324,
    0.0
  ],
  [
    24.337,
    0.0
  ],
  [
    24.37,
    0.0
  ],
  [
    24.382,
    0.0
  ],
  [
    24.395,
    0.0
  ],
  [
    24.412,
    0.0
  ],
  [
    24.429,
    0.0
  ],
  [
    24.443,
    0.0
  ],
  [
    24.474,
    0.0
  ],
  [
    24.487,
    0.0
  ],
  [
    24.497,
    0.0
  ],
  [
    24.529,
    0.0
  ],
  [
    24.545,
    0.0
  ],
  [
    24.562,
    0.0
  ],
  [
    24.593,
    0.0
  ],
  [
    24.609,
    0.0
  ],
  [
    24.626,
    0.0
  ],
  [
    24.641,
    0.0
  ],
  [
    24.653,
    0.0
  ],
  [
    24.67,
    0.0
  ],
  [
    24.698,
    0.0
  ],
  [
    24.711,
    0.0
  ],
  [
    24.728,
    0.0
  ],
  [
    24.742,
    0.0
  ],
  [
    24.781,
    0.0
  ],
  [
    24.791,
    0.0
  ],
  [
    24.805,
    0.0
  ],
  [
    24.822,
    0.0
  ],
  [
    24.846,
    0.0
  ],
  [
    24.86,
    0.0
  ],
  [
    24.876,
    0.0
  ],
  [
    24.893,
    0.0
  ],
  [
    24.908,
    0.0
  ],
  [
    24.926,
    0.0
  ],
  [
    24.957,
    0.0
  ],
  [
    24.982,
    0.0
  ],
  [
    24.992,
    0.0
  ],
  [
    25.005,
    0.0
  ],
  [
    25.035,
    0.0
  ],
  [
    25.047,
    0.0
  ],
  [
    25.076,
    0.0
  ],
  [
    25.087,
    0.0
  ],
  [
    25.103,
    0.0
  ],
  [
    25.134,
    0.0
  ],
  [
    25.148,
    0.0
  ],
  [
    25.184,
    0.0
  ],
  [
    25.197,
    0.0
  ],
  [
    25.21,
    0.0
  ],
  [
    25.228,
    0.0
  ],
  [
    25.245,
    0.0
  ],
  [
    25.267,
    0.0
  ],
  [
    25.282,
    0.0
  ],
  [
    25.297,
    0.0
  ],
  [
    25.314,
    0.0
  ],
  [
    25.328,
    0.0
  ],
  [
    25.346,
    0.0
  ],
  [
    25.362,
    0.0
  ],
  [
    25.39,
    0.0
  ],
  [
    25.406,
    0.0
  ],
  [
    25.423,
    0.0
  ],
  [
    25.439,
    0.0
  ],
  [
    25.451,
    0.0
  ],
  [
    25.471,
    0.0
  ],
  [
    25.486,
    0.0
  ],
  [
    25.502,
    0.0
  ],
  [
    25.534,
    0.0
  ],
  [
    25.546,
    0.0
  ],
  [
    25.578,
    0.0
  ],
  [
    25.589,
    0.0
  ],
  [
    25.606,
    0.0
  ],
  [
    25.638,
    0.0
  ],
  [
    25.651,
    0.0
  ],
  [
    25.664,
    0.0
  ],
  [
    25.678,
    0.0
  ],
  [
    25.715,
    0.0
  ],
  [
    25.724,
    0.0
  ],
  [
    25.741,
    0.0
  ],
  [
    25.771,
    0.0
  ],
  [
    25.791,
    0.0
  ],
  [
    25.805,
    0.0
  ],
  [
    25.818,
    0.0
  ],
  [
    25.851,
    0.0
  ],
  [
    25.869,
    0.0
  ],
  [
    25.876,
    0.0
  ],
  [
    25.893,
    0.0
  ],
  [
    25.908,
    0.0
  ],
  [
    25.939,
    0.0
  ],
  [
    25.955,
    0.0
  ],
  [
    25.965,
    0.0
  ],
  [
    25.989,
    0.0
  ],
  [
    26.006,
    0.0
  ],
  [
    26.035,
    0.0
  ],
  [
    26.046,
    0.0
  ],
  [
    26.078,
    0.0
  ],
  [
    26.089,
    0.0
  ],
  [
    26.104,
    0.0
  ],
  [
    26.135,
    0.0
  ],
  [
    26.144,
    0.0
  ],
  [
    26.165,
    0.0
  ],
  [
    26.186,
    0.0
  ],
  [
    26.199,
    0.0
  ],
  [
    26.23,
    0.0
  ],
  [
    26.242,
    0.0
  ],
  [
    26.259,
    0.0
  ],
  [
    26.273,
    0.0
  ],
  [
    26.315,
    0.0
  ],
  [
    26.321,
    0.0
  ],
  [
    26.349,
    0.0
  ],
  [
    26.361,
    0.0
  ],
  [
    26.382,
    0.0
  ],
  [
    26.396,
    0.0
  ],
  [
    26.412,
    0.0
  ],
  [
    26.43,
    0.0
  ],
  [
    26.446,
    0.0
  ],
  [
    26.463,
    0.0
  ],
  [
    26.476,
    0.0
  ],
  [
    26.492,
    0.0
  ],
  [
    26.52,
    0.0
  ],
  [
    26.532,
    0.0
  ],
  [
    26.547,
    0.0
  ],
  [
    26.577,
    0.0
  ],
  [
    26.589,
    0.0
  ],
  [
    26.604,
    0.0
  ],
  [
    26.619,
    0.0
  ],
  [
    26.636,
    0.0
  ],
  [
    26.651,
    0.0
  ],
  [
    26.667,
    0.0
  ],
  [
    26.696,
    0.0
  ],
  [
    26.708,
    0.0
  ],
  [
    26.723,
    0.0
  ],
  [
    26.741,
    0.0
  ],
  [
    26.772,
    0.0
  ],
  [
    26.789,
    0.0
  ],
  [
    26.802,
    0.0
  ],
  [
    26.817,
    0.0
  ],
  [
    26.832,
    0.0
  ],
  [
    26.848,
    0.0
  ],
  [
    26.868,
    0.0
  ],
  [
    26.882,
    0.0
  ],
  [
    26.911,
    0.0
  ],
  [
    26.928,
    0.0
  ],
  [
    26.939,
    0.0
  ],
  [
    26.971,
    0.0
  ],
  [
    26.989,
    0.0
  ],
  [
    27.0,
    0.0
  ],
  [
    27.014,
    0.0
  ],
  [
    27.041,
    0.0
  ],
  [
    27.052,
    0.0
  ],
  [
    27.07,
    0.0
  ],
  [
    27.1,
    0.0
  ],
  [
    27.112,
    0.0
  ],
  [
    27.143,
    0.0
  ],
  [
    27.153,
    0.0
  ],
  [
    27.168,
    0.0
  ],
  [
    27.186,
    0.0
  ],
  [
    27.199,
    0.0
  ],
  [
    27.226,
    0.0
  ],
  [
    27.237,
    0.0
  ],
  [
    27.25,
    0.0
  ],
  [
    27.283,
    0.0
  ],
  [
    27.302,
    0.0
  ],
  [
    27.317,
    0.0
  ],
  [
    27.333,
    0.0
  ],
  [
    27.353,
    0.0
  ],
  [
    27.382,
    0.0
  ],
  [
    27.402,
    0.0
  ],
  [
    27.414,
    0.0
  ],
  [
    27.431,
    0.0
  ],
  [
    27.447,
    0.0
  ],
  [
    27.46,
    0.0
  ],
  [
    27.474,
    0.0
  ],
  [
    27.505,
    0.0
  ],
  [
    27.519,
    0.0
  ],
  [
    27.529,
    0.0
  ],
  [
    27.544,
    0.0
  ],
  [
    27.559,
    0.0
  ],
  [
    27.58,
    0.0
  ],
  [
    27.593,
    0.0
  ],
  [
    27.621,
    0.0
  ],
  [
    27.631,
    0.0
  ],
  [
    27.659,
    0.0
  ],
  [
    27.671,
    0.0
  ],
  [
    27.706,
    0.0
  ],
  [
    27.717,
    0.0
  ],
  [
    27.747,
    0.0
  ],
  [
    27.757,
    0.0
  ],
  [
    27.775,
    0.0
  ],
  [
    27.79,
    0.0
  ],
  [
    27.804,
    0.0
  ],
  [
    27.83,
    0.0
  ],
  [
    27.846,
    0.0
  ],
  [
    27.86,
    0.0
  ],
  [
    27.876,
    0.0
  ],
  [
    27.892,
    0.0
  ],
  [
    27.919,
    0.0
  ],
  [
    27.936,
    0.0
  ],
  [
    27.947,
    0.0
  ],
  [
    27.961,
    0.0
  ],
  [
    27.981,
    0.0
  ],
  [
    27.996,
    0.0
  ],
  [
    28.01,
    0.0
  ],
  [
    28.038,
    0.0
  ],
  [
    28.047,
    0.0
  ],
  [
    28.062,
    0.0
  ],
  [
    28.09,
    0.0
  ],
  [
    28.104,
    0.0
  ],
  [
    28.116,
    0.0
  ],
  [
    28.131,
    0.0
  ],
  [
    28.162,
    0.0
  ],
  [
    28.179,
    0.0
  ],
  [
    28.193,
    0.0
  ],
  [
    28.218,
    0.0
  ],
  [
    28.227,
    0.0
  ],
  [
    28.254,
    0.0
  ],
  [
    28.269,
    0.0
  ],
  [
    28.284,
    0.0
  ],
  [
    28.299,
    0.0
  ],
  [
    28.317,
    0.0
  ],
  [
    28.337,
    0.0
  ],
  [
    28.354,
    0.0
  ],
  [
    28.368,
    0.0
  ],
  [
    28.385,
    0.0
  ],
  [
    28.403,
    0.0
  ],
  [
    28.421,
    0.0
  ],
  [
    28.436,
    0.0
  ],
  [
    28.453,
    0.0
  ],
  [
    28.471,
    0.0
  ],
  [
    28.49,
    0.0
  ],
  [
    28.509,
    0.0
  ],
  [
    28.524,
    0.0
  ],
  [
    28.54,
    0.0
  ],
  [
    28.557,
    0.0
  ],
  [
    28.576,
    0.0
  ],
  [
    28.592,
    0.0
  ],
  [
    28.612,
    0.0
  ],
  [
    28.622,
    0.0
  ],
  [
    28.639,
    0.0
  ],
  [
    28.654,
    0.0
  ],
  [
    28.67,
    0.0
  ],
  [
    28.687,
    0.0
  ],
  [
    28.705,
    0.0
  ],
  [
    28.722,
    0.0
  ],
  [
    28.739,
    0.0
  ],
  [
    28.755,
    0.0
  ],
  [
    28.782,
    0.0
  ],
  [
    28.802,
    0.0
  ],
  [
    28.82,
    0.0
  ],
  [
    28.837,
    0.0
  ],
  [
    28.853,
    0.0
  ],
  [
    28.869,
    0.0
  ],
  [
    28.889,
    0.0
  ],
  [
    28.908,
    0.0
  ],
  [
    28.924,
    0.0
  ],
  [
    28.94,
    0.0
  ],
  [
    28.958,
    0.0
  ],
  [
    28.976,
    0.0
  ],
  [
    28.992,
    0.0
  ],
  [
    29.014,
    0.0
  ],
  [
    29.036,
    0.0
  ],
  [
    29.052,
    0.0
  ],
  [
    29.069,
    0.0
  ],
  [
    29.086,
    0.0
  ],
  [
    29.1,
    0.0
  ],
  [
    29.115,
    0.0
  ],
  [
    29.131,
    0.0
  ],
  [
    29.147,
    0.0
  ],
  [
    29.161,
    0.0
  ],
  [
    29.193,
    0.0
  ],
  [
    29.208,
    0.0
  ],
  [
    29.223,
    0.0
  ],
  [
    29.238,
    0.0
  ],
  [
    29.268,
    0.0
  ],
  [
    29.28,
    0.0
  ],
  [
    29.305,
    0.0
  ],
  [
    29.314,
    0.0
  ],
  [
    29.335,
    0.0
  ],
  [
    29.348,
    0.0
  ],
  [
    29.364,
    0.0
  ],
  [
    29.394,
    0.0
  ],
  [
    29.409,
    0.0
  ],
  [
    29.422,
    0.0
  ],
  [
    29.436,
    0.0
  ],
  [
    29.451,
    0.0
  ],
  [
    29.481,
    0.0
  ],
  [
    29.494,
    0.0
  ],
  [
    29.51,
    0.0
  ],
  [
    29.525,
    0.0
  ],
  [
    29.54,
    0.0
  ],
  [
    29.568,
    0.0
  ],
  [
    29.585,
    0.0
  ],
  [
    29.598,
    0.0
  ],
  [
    29.613,
    0.0
  ],
  [
    29.629,
    0.0
  ],
  [
    29.643,
    0.0
  ],
  [
    29.673,
    0.0
  ],
  [
    29.683,
    0.0
  ],
  [
    29.699,
    0.0
  ],
  [
    29.715,
    0.0
  ],
  [
    29.727,
    0.0
  ],
  [
    29.755,
    0.0
  ],
  [
    29.765,
    0.0
  ],
  [
    29.78,
    0.0
  ],
  [
    29.808,
    0.0
  ],
  [
    29.824,
    0.0
  ],
  [
    29.837,
    0.0
  ],
  [
    29.863,
    0.0
  ],
  [
    29.871,
    0.0
  ],
  [
    29.903,
    0.0
  ],
  [
    29.915,
    0.0
  ],
  [
    29.947,
    0.0
  ],
  [
    29.962,
    0.0
  ],
  [
    29.975,
    0.0
  ],
  [
    29.991,
    0.0
  ],
  [
    30.006,
    0.0
  ],
  [
    30.035,
    0.0
  ],
  [
    30.044,
    0.0
  ],
  [
    30.058,
    0.0
  ],
  [
    30.11,
    0.0
  ],
  [
    30.123,
    0.0
  ],
  [
    30.155,
    0.0
  ],
  [
    30.164,
    0.0
  ],
  [
    30.193,
    0.0
  ],
  [
    30.208,
    0.0
  ],
  [
    30.217,
    0.0
  ],
  [
    30.231,
    0.0
  ],
  [
    30.257,
    0.0
  ],
  [
    30.271,
    0.0
  ],
  [
    30.298,
    0.0
  ],
  [
    30.307,
    0.0
  ],
  [
    30.322,
    0.0
  ],
  [
    30.352,
    0.0
  ],
  [
    30.361,
    0.0
  ],
  [
    30.376,
    0.0
  ],
  [
    30.405,
    0.0
  ],
  [
    30.415,
    0.0
  ],
  [
    30.447,
    0.0
  ],
  [
    30.459,
    0.0
  ],
  [
    30.485,
    0.0
  ],
  [
    30.499,
    0.0
  ],
  [
    30.51,
    0.0
  ],
  [
    30.529,
    0.0
  ],
  [
    30.542,
    0.0
  ],
  [
    30.572,
    0.0
  ],
  [
    30.581,
    0.0
  ],
  [
    30.612,
    0.0
  ],
  [
    30.621,
    0.0
  ],
  [
    30.636,
    0.0
  ],
  [
    30.663,
    0.0
  ],
  [
    30.675,
    0.0
  ],
  [
    30.703,
    0.0
  ],
  [
    30.716,
    0.0
  ],
  [
    30.73,
    0.0
  ],
  [
    30.747,
    0.0
  ],
  [
    30.777,
    0.0
  ],
  [
    30.788,
    0.0
  ],
  [
    30.804,
    0.0
  ],
  [
    30.834,
    0.0
  ],
  [
    30.842,
    0.0
  ],
  [
    30.858,
    0.0
  ],
  [
    30.888,
    0.0
  ],
  [
    30.898,
    0.0
  ],
  [
    30.913,
    0.0
  ],
  [
    30.929,
    0.0
  ],
  [
    30.947,
    0.0
  ],
  [
    30.963,
    0.0
  ],
  [
    30.98,
    0.0
  ],
  [
    31.007,
    0.0
  ],
  [
    31.019,
    0.0
  ],
  [
    31.03,
    0.0
  ],
  [
    31.045,
    0.0
  ],
  [
    31.078,
    0.0
  ],
  [
    31.087,
    0.0
  ],
  [
    31.116,
    0.0
  ],
  [
    31.123,
    0.0
  ],
  [
    31.149,
    0.0
  ],
  [
    31.159,
    0.0
  ],
  [
    31.188,
    0.0
  ],
  [
    31.205,
    0.0
  ],
  [
    31.226,
    0.0
  ],
  [
    31.243,
    0.0
  ],
  [
    31.255,
    0.0
  ],
  [
    31.269,
    0.0
  ],
  [
    31.304,
    0.0
  ],
  [
    31.316,
    0.0
  ],
  [
    31.329,
    0.0
  ],
  [
    31.344,
    0.0
  ],
  [
    31.358,
    0.0
  ],
  [
    31.385,
    0.0
  ],
  [
    31.4,
    0.0
  ],
  [
    31.415,
    0.0
  ],
  [
    31.443,
    0.0
  ],
  [
    31.462,
    0.0
  ],
  [
    31.472,
    0.0
  ],
  [
    31.499,
    0.0
  ],
  [
    31.509,
    0.0
  ],
  [
    31.522,
    0.0
  ],
  [
    31.551,
    0.0
  ],
  [
    31.561,
    0.0
  ],
  [
    31.59,
    0.0
  ],
  [
    31.597,
    0.0
  ],
  [
    31.622,
    0.0
  ],
  [
    31.63,
    0.0
  ],
  [
    31.654,
    0.0
  ],
  [
    31.678,
    0.0
  ],
  [
    31.685,
    0.0
  ],
  [
    31.713,
    0.0
  ],
  [
    31.719,
    0.0
  ],
  [
    31.749,
    0.0
  ],
  [
    31.76,
    0.0
  ],
  [
    31.786,
    0.0
  ],
  [
    31.803,
    0.0
  ],
  [
    31.812,
    0.0
  ],
  [
    31.827,
    0.0
  ],
  [
    31.855,
    0.0
  ],
  [
    31.863,
    0.0
  ],
  [
    31.876,
    0.0
  ],
  [
    31.898,
    0.0
  ],
  [
    31.911,
    0.0
  ],
  [
    31.934,
    0.0
  ],
  [
    31.944,
    0.0
  ],
  [
    31.972,
    0.0
  ],
  [
    31.979,
    0.0
  ],
  [
    32.008,
    0.0
  ],
  [
    32.015,
    0.0
  ],
  [
    32.037,
    0.0
  ],
  [
    32.049,
    0.0
  ],
  [
    32.073,
    0.0
  ],
  [
    32.083,
    0.0
  ],
  [
    32.111,
    0.0
  ],
  [
    32.122,
    0.0
  ],
  [
    32.136,
    0.0
  ],
  [
    32.165,
    0.0
  ],
  [
    32.176,
    0.0
  ],
  [
    32.19,
    0.0
  ],
  [
    32.208,
    0.0
  ],
  [
    32.225,
    0.0
  ],
  [
    32.24,
    0.0
  ],
  [
    32.279,
    0.0
  ],
  [
    32.291,
    0.0
  ]
]