# Steering Wheel Angle Log (Actual Physical Angle)
# Start time : 2026-06-14 21:38:10
# End time   : 2026-06-14 21:38:45
# Total time : 34.8 seconds
# Points     : 1839
# Format     : [[elapsed_seconds, wheel_angle_degrees], ...]
[
  [
    0.242,
    0.0
  ],
  [
    0.262,
    0.0
  ],
  [
    0.274,
    0.0
  ],
  [
    0.287,
    0.0
  ],
  [
    0.31,
    0.0
  ],
  [
    0.322,
    0.0
  ],
  [
    0.35,
    0.0
  ],
  [
    0.358,
    0.0
  ],
  [
    0.385,
    0.0
  ],
  [
    0.396,
    0.0
  ],
  [
    0.411,
    0.0
  ],
  [
    0.443,
    0.0
  ],
  [
    0.453,
    0.0
  ],
  [
    0.469,
    0.0
  ],
  [
    0.486,
    0.0
  ],
  [
    0.501,
    0.0
  ],
  [
    0.531,
    0.0
  ],
  [
    0.551,
    0.0
  ],
  [
    0.566,
    0.0
  ],
  [
    0.58,
    0.0
  ],
  [
    0.61,
    0.0
  ],
  [
    0.625,
    0.0
  ],
  [
    0.638,
    0.0
  ],
  [
    0.652,
    0.0
  ],
  [
    0.668,
    0.0
  ],
  [
    0.691,
    0.0
  ],
  [
    0.715,
    0.0
  ],
  [
    0.73,
    0.0
  ],
  [
    0.743,
    0.0
  ],
  [
    0.756,
    0.0
  ],
  [
    0.789,
    0.0
  ],
  [
    0.796,
    0.0
  ],
  [
    0.818,
    0.0
  ],
  [
    0.838,
    0.0
  ],
  [
    0.847,
    0.0
  ],
  [
    0.877,
    0.0
  ],
  [
    0.893,
    0.0
  ],
  [
    0.901,
    0.0
  ],
  [
    0.932,
    0.0
  ],
  [
    0.939,
    0.0
  ],
  [
    0.972,
    0.0
  ],
  [
    0.986,
    0.0
  ],
  [
    1.016,
    0.0
  ],
  [
    1.027,
    0.0
  ],
  [
    1.048,
    0.0
  ],
  [
    1.06,
    0.0
  ],
  [
    1.076,
    0.0
  ],
  [
    1.107,
    0.0
  ],
  [
    1.12,
    0.0
  ],
  [
    1.132,
    0.0
  ],
  [
    1.161,
    0.0
  ],
  [
    1.176,
    0.0
  ],
  [
    1.19,
    0.0
  ],
  [
    1.22,
    0.0
  ],
  [
    1.232,
    0.0
  ],
  [
    1.246,
    0.0
  ],
  [
    1.278,
    0.0
  ],
  [
    1.293,
    0.0
  ],
  [
    1.303,
    0.0
  ],
  [
    1.317,
    0.0
  ],
  [
    1.351,
    0.0
  ],
  [
    1.372,
    0.0
  ],
  [
    1.39,
    0.0
  ],
  [
    1.401,
    0.0
  ],
  [
    1.434,
    0.0
  ],
  [
    1.445,
    0.0
  ],
  [
    1.458,
    0.0
  ],
  [
    1.477,
    0.0
  ],
  [
    1.49,
    0.0
  ],
  [
    1.51,
    0.0
  ],
  [
    1.526,
    0.0
  ],
  [
    1.543,
    0.0
  ],
  [
    1.558,
    0.0
  ],
  [
    1.579,
    0.0
  ],
  [
    1.596,
    0.0
  ],
  [
    1.613,
    0.0
  ],
  [
    1.638,
    0.0
  ],
  [
    1.648,
    0.0
  ],
  [
    1.689,
    0.0
  ],
  [
    1.704,
    0.0
  ],
  [
    1.722,
    0.0
  ],
  [
    1.74,
    0.0
  ],
  [
    1.756,
    0.0
  ],
  [
    1.771,
    0.0
  ],
  [
    1.787,
    0.0
  ],
  [
    1.807,
    0.0
  ],
  [
    1.826,
    0.0
  ],
  [
    1.841,
    0.0
  ],
  [
    1.858,
    0.0
  ],
  [
    1.881,
    0.0
  ],
  [
    1.893,
    0.0
  ],
  [
    1.909,
    0.0
  ],
  [
    1.925,
    0.0
  ],
  [
    1.941,
    0.0
  ],
  [
    1.957,
    0.0
  ],
  [
    1.973,
    0.0
  ],
  [
    1.99,
    0.0
  ],
  [
    2.008,
    0.0
  ],
  [
    2.025,
    0.0
  ],
  [
    2.04,
    0.0
  ],
  [
    2.057,
    0.0
  ],
  [
    2.075,
    0.0
  ],
  [
    2.092,
    0.0
  ],
  [
    2.108,
    0.0
  ],
  [
    2.125,
    0.0
  ],
  [
    2.14,
    0.0
  ],
  [
    2.156,
    0.0
  ],
  [
    2.175,
    0.0
  ],
  [
    2.191,
    0.0
  ],
  [
    2.207,
    0.0
  ],
  [
    2.221,
    0.0
  ],
  [
    2.239,
    0.0
  ],
  [
    2.257,
    0.0
  ],
  [
    2.275,
    0.0
  ],
  [
    2.294,
    0.0
  ],
  [
    2.312,
    0.0
  ],
  [
    2.326,
    0.0
  ],
  [
    2.345,
    0.0
  ],
  [
    2.358,
    0.0
  ],
  [
    2.374,
    0.0
  ],
  [
    2.404,
    0.0
  ],
  [
    2.412,
    0.0
  ],
  [
    2.428,
    0.0
  ],
  [
    2.457,
    0.0
  ],
  [
    2.479,
    0.0
  ],
  [
    2.492,
    0.0
  ],
  [
    2.508,
    0.0
  ],
  [
    2.539,
    0.0
  ],
  [
    2.552,
    0.0
  ],
  [
    2.582,
    0.0
  ],
  [
    2.596,
    0.0
  ],
  [
    2.628,
    0.0
  ],
  [
    2.638,
    0.0
  ],
  [
    2.653,
    0.0
  ],
  [
    2.668,
    0.0
  ],
  [
    2.685,
    0.0
  ],
  [
    2.713,
    0.0
  ],
  [
    2.726,
    0.0
  ],
  [
    2.765,
    0.0
  ],
  [
    2.781,
    0.0
  ],
  [
    2.791,
    0.0
  ],
  [
    2.822,
    0.0
  ],
  [
    2.83,
    0.0
  ],
  [
    2.845,
    0.0
  ],
  [
    2.876,
    0.0
  ],
  [
    2.886,
    0.0
  ],
  [
    2.914,
    0.0
  ],
  [
    2.933,
    0.0
  ],
  [
    2.942,
    0.0
  ],
  [
    2.97,
    0.0
  ],
  [
    2.981,
    0.0
  ],
  [
    3.015,
    0.0
  ],
  [
    3.025,
    0.0
  ],
  [
    3.041,
    0.0
  ],
  [
    3.054,
    0.0
  ],
  [
    3.086,
    0.0
  ],
  [
    3.094,
    0.0
  ],
  [
    3.11,
    0.0
  ],
  [
    3.141,
    0.0
  ],
  [
    3.15,
    0.0
  ],
  [
    3.183,
    0.0
  ],
  [
    3.192,
    0.0
  ],
  [
    3.224,
    0.0
  ],
  [
    3.232,
    0.0
  ],
  [
    3.262,
    0.0
  ],
  [
    3.275,
    0.0
  ],
  [
    3.286,
    0.0
  ],
  [
    3.304,
    0.0
  ],
  [
    3.336,
    0.0
  ],
  [
    3.346,
    0.0
  ],
  [
    3.378,
    0.0
  ],
  [
    3.389,
    0.0
  ],
  [
    3.405,
    0.0
  ],
  [
    3.421,
    0.0
  ],
  [
    3.452,
    0.0
  ],
  [
    3.462,
    0.0
  ],
  [
    3.494,
    0.0
  ],
  [
    3.505,
    0.0
  ],
  [
    3.519,
    0.0
  ],
  [
    3.551,
    0.0
  ],
  [
    3.564,
    0.0
  ],
  [
    3.578,
    0.0
  ],
  [
    3.596,
    0.0
  ],
  [
    3.612,
    0.0
  ],
  [
    3.646,
    0.0
  ],
  [
    3.656,
    0.0
  ],
  [
    3.689,
    0.0
  ],
  [
    3.706,
    0.0
  ],
  [
    3.718,
    0.0
  ],
  [
    3.734,
    0.0
  ],
  [
    3.753,
    0.0
  ],
  [
    3.77,
    0.0
  ],
  [
    3.784,
    0.0
  ],
  [
    3.798,
    0.0
  ],
  [
    3.816,
    0.0
  ],
  [
    3.832,
    0.0
  ],
  [
    3.863,
    0.0
  ],
  [
    3.87,
    0.0
  ],
  [
    3.884,
    0.0
  ],
  [
    3.916,
    0.0
  ],
  [
    3.928,
    0.0
  ],
  [
    3.948,
    0.0
  ],
  [
    3.966,
    0.0
  ],
  [
    3.98,
    0.0
  ],
  [
    3.996,
    0.0
  ],
  [
    4.026,
    0.0
  ],
  [
    4.045,
    0.0
  ],
  [
    4.055,
    0.0
  ],
  [
    4.087,
    0.0
  ],
  [
    4.096,
    0.0
  ],
  [
    4.127,
    0.0
  ],
  [
    4.142,
    0.0
  ],
  [
    4.152,
    0.0
  ],
  [
    4.168,
    0.0
  ],
  [
    4.186,
    0.0
  ],
  [
    4.217,
    0.0
  ],
  [
    4.231,
    0.0
  ],
  [
    4.247,
    0.0
  ],
  [
    4.257,
    0.0
  ],
  [
    4.272,
    0.0
  ],
  [
    4.306,
    0.0
  ],
  [
    4.324,
    0.0
  ],
  [
    4.334,
    0.0
  ],
  [
    4.349,
    0.0
  ],
  [
    4.38,
    0.0
  ],
  [
    4.387,
    0.0
  ],
  [
    4.402,
    0.0
  ],
  [
    4.432,
    0.0
  ],
  [
    4.447,
    0.0
  ],
  [
    4.457,
    0.0
  ],
  [
    4.474,
    0.0
  ],
  [
    4.503,
    0.0
  ],
  [
    4.517,
    0.0
  ],
  [
    4.53,
    0.0
  ],
  [
    4.546,
    0.0
  ],
  [
    4.58,
    0.0
  ],
  [
    4.604,
    0.0
  ],
  [
    4.614,
    0.0
  ],
  [
    4.632,
    0.0
  ],
  [
    4.649,
    0.0
  ],
  [
    4.661,
    0.0
  ],
  [
    4.694,
    0.0
  ],
  [
    4.701,
    0.0
  ],
  [
    4.715,
    0.0
  ],
  [
    4.751,
    0.0
  ],
  [
    4.764,
    0.0
  ],
  [
    4.774,
    0.0
  ],
  [
    4.804,
    0.0
  ],
  [
    4.818,
    0.0
  ],
  [
    4.854,
    0.0
  ],
  [
    4.871,
    0.0
  ],
  [
    4.886,
    0.0
  ],
  [
    4.902,
    0.0
  ],
  [
    4.919,
    0.0
  ],
  [
    4.938,
    0.0
  ],
  [
    4.966,
    0.0
  ],
  [
    4.98,
    0.0
  ],
  [
    5.003,
    0.0
  ],
  [
    5.025,
    0.0
  ],
  [
    5.045,
    0.0
  ],
  [
    5.071,
    0.0
  ],
  [
    5.083,
    0.0
  ],
  [
    5.103,
    0.0
  ],
  [
    5.126,
    0.0
  ],
  [
    5.151,
    0.0
  ],
  [
    5.181,
    0.0
  ],
  [
    5.194,
    0.0
  ],
  [
    5.217,
    0.0
  ],
  [
    5.252,
    0.0
  ],
  [
    5.287,
    0.0
  ],
  [
    5.295,
    0.0
  ],
  [
    5.321,
    0.0
  ],
  [
    5.335,
    0.0
  ],
  [
    5.366,
    0.0
  ],
  [
    5.38,
    0.0
  ],
  [
    5.396,
    0.0
  ],
  [
    5.427,
    0.0
  ],
  [
    5.44,
    0.0
  ],
  [
    5.452,
    0.0
  ],
  [
    5.489,
    0.0
  ],
  [
    5.496,
    0.0
  ],
  [
    5.522,
    0.0
  ],
  [
    5.538,
    0.0
  ],
  [
    5.556,
    0.0
  ],
  [
    5.58,
    0.0
  ],
  [
    5.608,
    0.0
  ],
  [
    5.616,
    0.0
  ],
  [
    5.654,
    0.0
  ],
  [
    5.659,
    0.0
  ],
  [
    5.692,
    0.0
  ],
  [
    5.707,
    0.0
  ],
  [
    5.718,
    0.0
  ],
  [
    5.748,
    0.0
  ],
  [
    5.775,
    0.0
  ],
  [
    5.787,
    0.0
  ],
  [
    5.815,
    0.0
  ],
  [
    5.821,
    0.0
  ],
  [
    5.857,
    0.0
  ],
  [
    5.87,
    0.0
  ],
  [
    5.881,
    0.0
  ],
  [
    5.897,
    0.0
  ],
  [
    5.924,
    0.0
  ],
  [
    5.934,
    0.0
  ],
  [
    5.956,
    0.0
  ],
  [
    5.965,
    0.0
  ],
  [
    5.984,
    0.0
  ],
  [
    6.014,
    0.0
  ],
  [
    6.026,
    0.0
  ],
  [
    6.056,
    0.0
  ],
  [
    6.065,
    0.0
  ],
  [
    6.096,
    0.0
  ],
  [
    6.118,
    0.0
  ],
  [
    6.129,
    0.0
  ],
  [
    6.145,
    0.0
  ],
  [
    6.171,
    0.0
  ],
  [
    6.186,
    0.0
  ],
  [
    6.196,
    0.0
  ],
  [
    6.226,
    0.0
  ],
  [
    6.248,
    0.0
  ],
  [
    6.259,
    0.0
  ],
  [
    6.286,
    0.0
  ],
  [
    6.312,
    0.0
  ],
  [
    6.322,
    0.0
  ],
  [
    6.336,
    0.0
  ],
  [
    6.36,
    0.0
  ],
  [
    6.38,
    0.0
  ],
  [
    6.391,
    0.0
  ],
  [
    6.421,
    0.0
  ],
  [
    6.452,
    0.0
  ],
  [
    6.465,
    0.0
  ],
  [
    6.475,
    0.0
  ],
  [
    6.504,
    0.0
  ],
  [
    6.517,
    0.0
  ],
  [
    6.545,
    0.0
  ],
  [
    6.556,
    0.0
  ],
  [
    6.588,
    0.0
  ],
  [
    6.596,
    0.0
  ],
  [
    6.622,
    0.0
  ],
  [
    6.637,
    0.0
  ],
  [
    6.649,
    0.0
  ],
  [
    6.678,
    0.0
  ],
  [
    6.685,
    0.0
  ],
  [
    6.716,
    0.0
  ],
  [
    6.721,
    0.0
  ],
  [
    6.748,
    0.0
  ],
  [
    6.764,
    0.0
  ],
  [
    6.779,
    0.0
  ],
  [
    6.809,
    0.0
  ],
  [
    6.817,
    0.0
  ],
  [
    6.832,
    0.0
  ],
  [
    6.867,
    0.0
  ],
  [
    6.874,
    0.0
  ],
  [
    6.889,
    0.0
  ],
  [
    6.92,
    0.0
  ],
  [
    6.929,
    0.0
  ],
  [
    6.945,
    0.0
  ],
  [
    6.965,
    0.0
  ],
  [
    6.99,
    0.0
  ],
  [
    6.999,
    0.0
  ],
  [
    7.031,
    0.0
  ],
  [
    7.04,
    0.0
  ],
  [
    7.065,
    0.0
  ],
  [
    7.079,
    0.0
  ],
  [
    7.107,
    0.0
  ],
  [
    7.116,
    0.0
  ],
  [
    7.147,
    0.0
  ],
  [
    7.155,
    0.0
  ],
  [
    7.188,
    0.0
  ],
  [
    7.196,
    0.0
  ],
  [
    7.223,
    0.0
  ],
  [
    7.232,
    0.0
  ],
  [
    7.251,
    0.0
  ],
  [
    7.269,
    0.0
  ],
  [
    7.283,
    0.0
  ],
  [
    7.309,
    0.0
  ],
  [
    7.32,
    0.0
  ],
  [
    7.352,
    0.0
  ],
  [
    7.364,
    0.0
  ],
  [
    7.376,
    0.0
  ],
  [
    7.404,
    0.0
  ],
  [
    7.413,
    0.0
  ],
  [
    7.455,
    0.0
  ],
  [
    7.477,
    0.0
  ],
  [
    7.488,
    0.0
  ],
  [
    7.516,
    0.0
  ],
  [
    7.526,
    0.0
  ],
  [
    7.542,
    0.0
  ],
  [
    7.556,
    0.0
  ],
  [
    7.572,
    0.0
  ],
  [
    7.59,
    0.0
  ],
  [
    7.606,
    0.0
  ],
  [
    7.637,
    0.0
  ],
  [
    7.645,
    0.0
  ],
  [
    7.672,
    0.0
  ],
  [
    7.688,
    0.0
  ],
  [
    7.704,
    0.0
  ],
  [
    7.732,
    0.0
  ],
  [
    7.746,
    0.0
  ],
  [
    7.775,
    0.0
  ],
  [
    7.79,
    0.0
  ],
  [
    7.812,
    0.0
  ],
  [
    7.836,
    0.0
  ],
  [
    7.857,
    0.0
  ],
  [
    7.871,
    0.0
  ],
  [
    7.893,
    0.0
  ],
  [
    7.907,
    0.0
  ],
  [
    7.919,
    0.0
  ],
  [
    7.939,
    0.0
  ],
  [
    7.964,
    0.0
  ],
  [
    7.982,
    0.0
  ],
  [
    7.991,
    0.0
  ],
  [
    8.017,
    0.0
  ],
  [
    8.042,
    0.0
  ],
  [
    8.052,
    0.0
  ],
  [
    8.08,
    0.0
  ],
  [
    8.101,
    0.0
  ],
  [
    8.106,
    0.0
  ],
  [
    8.133,
    0.0
  ],
  [
    8.144,
    0.0
  ],
  [
    8.17,
    0.0
  ],
  [
    8.179,
    0.0
  ],
  [
    8.195,
    0.0
  ],
  [
    8.223,
    0.0
  ],
  [
    8.247,
    0.0
  ],
  [
    8.254,
    0.0
  ],
  [
    8.284,
    0.0
  ],
  [
    8.295,
    0.0
  ],
  [
    8.312,
    0.0
  ],
  [
    8.341,
    0.0
  ],
  [
    8.351,
    0.0
  ],
  [
    8.375,
    0.0
  ],
  [
    8.387,
    0.0
  ],
  [
    8.416,
    0.0
  ],
  [
    8.424,
    0.0
  ],
  [
    8.44,
    0.0
  ],
  [
    8.469,
    0.0
  ],
  [
    8.477,
    0.0
  ],
  [
    8.49,
    0.0
  ],
  [
    8.517,
    0.0
  ],
  [
    8.537,
    0.0
  ],
  [
    8.547,
    0.0
  ],
  [
    8.56,
    0.0
  ],
  [
    8.593,
    0.0
  ],
  [
    8.599,
    0.0
  ],
  [
    8.62,
    0.0
  ],
  [
    8.632,
    0.0
  ],
  [
    8.658,
    0.0
  ],
  [
    8.68,
    0.0
  ],
  [
    8.688,
    0.0
  ],
  [
    8.72,
    0.0
  ],
  [
    8.727,
    0.0
  ],
  [
    8.746,
    0.0
  ],
  [
    8.772,
    0.0
  ],
  [
    8.78,
    0.0
  ],
  [
    8.811,
    0.0
  ],
  [
    8.824,
    0.0
  ],
  [
    8.844,
    0.0
  ],
  [
    8.856,
    0.0
  ],
  [
    8.881,
    0.0
  ],
  [
    8.891,
    0.0
  ],
  [
    8.92,
    0.0
  ],
  [
    8.927,
    0.0
  ],
  [
    8.956,
    0.0
  ],
  [
    8.98,
    0.0
  ],
  [
    9.001,
    0.0
  ],
  [
    9.013,
    0.0
  ],
  [
    9.039,
    0.0
  ],
  [
    9.05,
    0.0
  ],
  [
    9.071,
    0.0
  ],
  [
    9.099,
    0.0
  ],
  [
    9.107,
    0.0
  ],
  [
    9.134,
    0.0
  ],
  [
    9.142,
    0.0
  ],
  [
    9.17,
    0.0
  ],
  [
    9.179,
    0.0
  ],
  [
    9.205,
    0.0
  ],
  [
    9.212,
    0.0
  ],
  [
    9.244,
    0.0
  ],
  [
    9.251,
    0.0
  ],
  [
    9.28,
    0.0
  ],
  [
    9.287,
    0.0
  ],
  [
    9.316,
    0.0
  ],
  [
    9.326,
    0.0
  ],
  [
    9.356,
    0.0
  ],
  [
    9.378,
    0.0
  ],
  [
    9.387,
    0.0
  ],
  [
    9.415,
    0.0
  ],
  [
    9.424,
    0.0
  ],
  [
    9.454,
    0.0
  ],
  [
    9.461,
    0.0
  ],
  [
    9.488,
    0.0
  ],
  [
    9.502,
    0.0
  ],
  [
    9.52,
    0.0
  ],
  [
    9.528,
    0.0
  ],
  [
    9.556,
    0.0
  ],
  [
    9.562,
    0.0
  ],
  [
    9.584,
    0.0
  ],
  [
    9.609,
    0.0
  ],
  [
    9.618,
    0.0
  ],
  [
    9.645,
    0.0
  ],
  [
    9.652,
    0.0
  ],
  [
    9.678,
    0.0
  ],
  [
    9.687,
    0.0
  ],
  [
    9.717,
    0.0
  ],
  [
    9.739,
    0.0
  ],
  [
    9.747,
    0.0
  ],
  [
    9.776,
    0.0
  ],
  [
    9.783,
    0.0
  ],
  [
    9.813,
    0.0
  ],
  [
    9.827,
    0.0
  ],
  [
    9.836,
    0.0
  ],
  [
    9.863,
    0.0
  ],
  [
    9.872,
    0.0
  ],
  [
    9.892,
    0.0
  ],
  [
    9.921,
    0.0
  ],
  [
    9.945,
    0.0
  ],
  [
    9.969,
    0.0
  ],
  [
    9.976,
    0.0
  ],
  [
    10.004,
    0.0
  ],
  [
    10.027,
    0.0
  ],
  [
    10.034,
    0.0
  ],
  [
    10.06,
    0.0
  ],
  [
    10.068,
    0.0
  ],
  [
    10.098,
    0.0
  ],
  [
    10.108,
    0.0
  ],
  [
    10.134,
    0.0
  ],
  [
    10.144,
    0.0
  ],
  [
    10.159,
    0.0
  ],
  [
    10.184,
    0.0
  ],
  [
    10.193,
    0.0
  ],
  [
    10.22,
    0.0
  ],
  [
    10.238,
    0.0
  ],
  [
    10.247,
    0.0
  ],
  [
    10.271,
    0.0
  ],
  [
    10.297,
    0.0
  ],
  [
    10.304,
    0.0
  ],
  [
    10.331,
    0.0
  ],
  [
    10.341,
    0.0
  ],
  [
    10.369,
    0.0
  ],
  [
    10.377,
    0.0
  ],
  [
    10.405,
    0.0
  ],
  [
    10.417,
    0.0
  ],
  [
    10.437,
    0.0
  ],
  [
    10.447,
    0.0
  ],
  [
    10.472,
    0.0
  ],
  [
    10.481,
    0.0
  ],
  [
    10.504,
    0.0
  ],
  [
    10.533,
    0.0
  ],
  [
    10.542,
    0.0
  ],
  [
    10.567,
    0.0
  ],
  [
    10.577,
    0.0
  ],
  [
    10.602,
    0.0
  ],
  [
    10.625,
    0.0
  ],
  [
    10.639,
    0.0
  ],
  [
    10.649,
    0.0
  ],
  [
    10.663,
    0.0
  ],
  [
    10.692,
    0.0
  ],
  [
    10.698,
    0.0
  ],
  [
    10.723,
    0.0
  ],
  [
    10.745,
    0.0
  ],
  [
    10.757,
    0.0
  ],
  [
    10.78,
    0.0
  ],
  [
    10.787,
    0.0
  ],
  [
    10.817,
    0.0
  ],
  [
    10.824,
    0.0
  ],
  [
    10.853,
    0.0
  ],
  [
    10.86,
    0.0
  ],
  [
    10.889,
    0.0
  ],
  [
    10.897,
    0.0
  ],
  [
    10.926,
    0.0
  ],
  [
    10.932,
    0.0
  ],
  [
    10.956,
    0.0
  ],
  [
    10.966,
    0.0
  ],
  [
    10.993,
    0.0
  ],
  [
    11.012,
    0.0
  ],
  [
    11.024,
    0.0
  ],
  [
    11.053,
    0.0
  ],
  [
    11.061,
    0.0
  ],
  [
    11.089,
    0.0
  ],
  [
    11.098,
    0.0
  ],
  [
    11.124,
    0.0
  ],
  [
    11.131,
    0.0
  ],
  [
    11.154,
    0.0
  ],
  [
    11.167,
    0.0
  ],
  [
    11.194,
    0.0
  ],
  [
    11.199,
    0.0
  ],
  [
    11.226,
    0.0
  ],
  [
    11.249,
    0.0
  ],
  [
    11.259,
    0.0
  ],
  [
    11.284,
    0.0
  ],
  [
    11.294,
    0.0
  ],
  [
    11.321,
    0.0
  ],
  [
    11.326,
    0.0
  ],
  [
    11.354,
    0.0
  ],
  [
    11.363,
    0.0
  ],
  [
    11.39,
    0.0
  ],
  [
    11.413,
    0.0
  ],
  [
    11.42,
    0.0
  ],
  [
    11.449,
    0.0
  ],
  [
    11.46,
    0.0
  ],
  [
    11.486,
    0.0
  ],
  [
    11.494,
    0.0
  ],
  [
    11.518,
    0.0
  ],
  [
    11.544,
    0.0
  ],
  [
    11.555,
    0.0
  ],
  [
    11.586,
    0.0
  ],
  [
    11.595,
    0.0
  ],
  [
    11.609,
    0.0
  ],
  [
    11.629,
    0.0
  ],
  [
    11.654,
    0.0
  ],
  [
    11.664,
    0.0
  ],
  [
    11.692,
    0.0
  ],
  [
    11.699,
    0.0
  ],
  [
    11.726,
    0.0
  ],
  [
    11.736,
    0.0
  ],
  [
    11.75,
    0.0
  ],
  [
    11.779,
    0.0
  ],
  [
    11.788,
    0.0
  ],
  [
    11.813,
    0.0
  ],
  [
    11.822,
    0.0
  ],
  [
    11.854,
    0.0
  ],
  [
    11.86,
    0.0
  ],
  [
    11.888,
    0.0
  ],
  [
    11.896,
    0.0
  ],
  [
    11.923,
    0.0
  ],
  [
    11.932,
    0.0
  ],
  [
    11.96,
    0.0
  ],
  [
    11.967,
    0.0
  ],
  [
    11.988,
    0.0
  ],
  [
    12.002,
    0.0
  ],
  [
    12.027,
    0.0
  ],
  [
    12.047,
    0.0
  ],
  [
    12.057,
    0.0
  ],
  [
    12.086,
    0.0
  ],
  [
    12.093,
    0.0
  ],
  [
    12.119,
    0.0
  ],
  [
    12.127,
    0.0
  ],
  [
    12.155,
    0.0
  ],
  [
    12.164,
    0.0
  ],
  [
    12.19,
    0.0
  ],
  [
    12.214,
    0.0
  ],
  [
    12.222,
    0.0
  ],
  [
    12.249,
    0.0
  ],
  [
    12.258,
    0.0
  ],
  [
    12.279,
    0.0
  ],
  [
    12.291,
    0.0
  ],
  [
    12.307,
    0.0
  ],
  [
    12.328,
    0.0
  ],
  [
    12.357,
    0.0
  ],
  [
    12.381,
    0.0
  ],
  [
    12.405,
    0.0
  ],
  [
    12.413,
    0.0
  ],
  [
    12.433,
    0.0
  ],
  [
    12.455,
    0.0
  ],
  [
    12.468,
    0.0
  ],
  [
    12.494,
    0.0
  ],
  [
    12.5,
    0.0
  ],
  [
    12.523,
    0.0
  ],
  [
    12.548,
    0.0
  ],
  [
    12.557,
    0.0
  ],
  [
    12.58,
    0.0
  ],
  [
    12.593,
    0.0
  ],
  [
    12.618,
    0.0
  ],
  [
    12.628,
    0.0
  ],
  [
    12.657,
    0.0
  ],
  [
    12.679,
    0.0
  ],
  [
    12.688,
    0.0
  ],
  [
    12.717,
    0.0
  ],
  [
    12.726,
    0.0
  ],
  [
    12.755,
    0.0
  ],
  [
    12.764,
    0.0
  ],
  [
    12.792,
    0.0
  ],
  [
    12.8,
    0.0
  ],
  [
    12.819,
    -0.9626
  ],
  [
    12.835,
    -2.247
  ],
  [
    12.848,
    -3.4064
  ],
  [
    12.879,
    -5.4156
  ],
  [
    12.886,
    -6.3338
  ],
  [
    12.918,
    -8.1379
  ],
  [
    12.943,
    -10.0467
  ],
  [
    12.952,
    -10.8617
  ],
  [
    12.981,
    -12.9225
  ],
  [
    12.99,
    -13.7873
  ],
  [
    13.016,
    -15.5386
  ],
  [
    13.025,
    -16.2408
  ],
  [
    13.047,
    -18.039
  ],
  [
    13.06,
    -18.7996
  ],
  [
    13.074,
    -19.7794
  ],
  [
    13.095,
    -21.6225
  ],
  [
    13.121,
    -23.1926
  ],
  [
    13.13,
    -23.8729
  ],
  [
    13.162,
    -25.757
  ],
  [
    13.168,
    -26.5638
  ],
  [
    13.195,
    -28.4733
  ],
  [
    13.202,
    -28.9295
  ],
  [
    13.228,
    -28.9074
  ],
  [
    13.236,
    -28.9046
  ],
  [
    13.263,
    -28.9107
  ],
  [
    13.273,
    -28.9103
  ],
  [
    13.305,
    -28.8759
  ],
  [
    13.331,
    -28.8416
  ],
  [
    13.341,
    -28.8243
  ],
  [
    13.368,
    -28.8333
  ],
  [
    13.379,
    -28.8331
  ],
  [
    13.394,
    -28.8359
  ],
  [
    13.423,
    -28.824
  ],
  [
    13.43,
    -28.8178
  ],
  [
    13.446,
    -28.8195
  ],
  [
    13.476,
    -28.8257
  ],
  [
    13.485,
    -28.8061
  ],
  [
    13.515,
    -28.8094
  ],
  [
    13.525,
    -28.8015
  ],
  [
    13.557,
    -28.8064
  ],
  [
    13.564,
    -28.8054
  ],
  [
    13.58,
    -28.796
  ],
  [
    13.608,
    -28.7914
  ],
  [
    13.619,
    -28.7321
  ],
  [
    13.655,
    -28.7238
  ],
  [
    13.669,
    -28.7271
  ],
  [
    13.686,
    -28.728
  ],
  [
    13.715,
    -28.7336
  ],
  [
    13.724,
    -28.707
  ],
  [
    13.754,
    -28.7081
  ],
  [
    13.766,
    -28.7079
  ],
  [
    13.779,
    -28.7093
  ],
  [
    13.808,
    -28.7111
  ],
  [
    13.82,
    -28.7092
  ],
  [
    13.835,
    -28.7014
  ],
  [
    13.849,
    -28.703
  ],
  [
    13.877,
    -28.7052
  ],
  [
    13.888,
    -28.7058
  ],
  [
    13.901,
    -28.6975
  ],
  [
    13.934,
    -28.6514
  ],
  [
    13.946,
    -28.6419
  ],
  [
    13.971,
    -28.6419
  ],
  [
    13.985,
    -28.6399
  ],
  [
    14.014,
    -28.6373
  ],
  [
    14.032,
    -28.6327
  ],
  [
    14.043,
    -28.631
  ],
  [
    14.056,
    -28.6336
  ],
  [
    14.087,
    -28.6378
  ],
  [
    14.096,
    -28.6387
  ],
  [
    14.128,
    -28.63
  ],
  [
    14.137,
    -28.6285
  ],
  [
    14.165,
    -28.6223
  ],
  [
    14.176,
    -28.6177
  ],
  [
    14.206,
    -28.6126
  ],
  [
    14.214,
    -28.6056
  ],
  [
    14.237,
    -28.5976
  ],
  [
    14.261,
    -28.595
  ],
  [
    14.285,
    -28.5449
  ],
  [
    14.291,
    -28.5376
  ],
  [
    14.323,
    -28.5338
  ],
  [
    14.334,
    -28.5359
  ],
  [
    14.348,
    -28.5333
  ],
  [
    14.377,
    -28.5397
  ],
  [
    14.387,
    -28.5376
  ],
  [
    14.401,
    -28.5314
  ],
  [
    14.442,
    -28.5352
  ],
  [
    14.45,
    -28.5377
  ],
  [
    14.468,
    -28.539
  ],
  [
    14.488,
    -28.5425
  ],
  [
    14.502,
    -28.5474
  ],
  [
    14.532,
    -28.5474
  ],
  [
    14.557,
    -28.5346
  ],
  [
    14.577,
    -28.5181
  ],
  [
    14.584,
    -28.5118
  ],
  [
    14.613,
    -28.5065
  ],
  [
    14.645,
    -28.5012
  ],
  [
    14.656,
    -28.4995
  ],
  [
    14.694,
    -28.4996
  ],
  [
    14.718,
    -28.5079
  ],
  [
    14.736,
    -28.5079
  ],
  [
    14.752,
    -28.5015
  ],
  [
    14.777,
    -28.5062
  ],
  [
    14.786,
    -28.498
  ],
  [
    14.806,
    -28.4881
  ],
  [
    14.838,
    -28.4805
  ],
  [
    14.849,
    -28.4783
  ],
  [
    14.863,
    -28.482
  ],
  [
    14.892,
    -28.4785
  ],
  [
    14.914,
    -28.4602
  ],
  [
    14.923,
    -28.4526
  ],
  [
    14.935,
    -28.4464
  ],
  [
    14.965,
    -28.4396
  ],
  [
    14.975,
    -28.4328
  ],
  [
    14.988,
    -28.4243
  ],
  [
    15.014,
    -28.4251
  ],
  [
    15.036,
    -28.4228
  ],
  [
    15.046,
    -28.4237
  ],
  [
    15.074,
    -28.4292
  ],
  [
    15.084,
    -28.4225
  ],
  [
    15.116,
    -28.4227
  ],
  [
    15.127,
    -28.4231
  ],
  [
    15.141,
    -28.4206
  ],
  [
    15.173,
    -28.4252
  ],
  [
    15.181,
    -28.4252
  ],
  [
    15.21,
    -28.4181
  ],
  [
    15.219,
    -28.4116
  ],
  [
    15.233,
    -28.4038
  ],
  [
    15.261,
    -28.4033
  ],
  [
    15.28,
    -28.4079
  ],
  [
    15.295,
    -28.4124
  ],
  [
    15.322,
    -28.4065
  ],
  [
    15.348,
    -28.3921
  ],
  [
    15.355,
    -28.3889
  ],
  [
    15.387,
    -28.3829
  ],
  [
    15.412,
    -28.3714
  ],
  [
    15.421,
    -28.374
  ],
  [
    15.436,
    -28.3721
  ],
  [
    15.464,
    -28.3789
  ],
  [
    15.488,
    -28.3811
  ],
  [
    15.498,
    -28.3704
  ],
  [
    15.514,
    -28.3676
  ],
  [
    15.542,
    -28.3745
  ],
  [
    15.553,
    -28.3772
  ],
  [
    15.585,
    -28.3868
  ],
  [
    15.595,
    -28.3866
  ],
  [
    15.623,
    -28.3808
  ],
  [
    15.632,
    -28.3726
  ],
  [
    15.661,
    -28.3706
  ],
  [
    15.668,
    -28.3637
  ],
  [
    15.694,
    -28.3417
  ],
  [
    15.706,
    -28.3398
  ],
  [
    15.734,
    -28.3375
  ],
  [
    15.746,
    -28.3355
  ],
  [
    15.76,
    -28.336
  ],
  [
    15.789,
    -28.3394
  ],
  [
    15.798,
    -28.3359
  ],
  [
    15.826,
    -28.3348
  ],
  [
    15.836,
    -28.3337
  ],
  [
    15.866,
    -28.3279
  ],
  [
    15.877,
    -28.3273
  ],
  [
    15.906,
    -28.3286
  ],
  [
    15.913,
    -28.3213
  ],
  [
    15.944,
    -28.3185
  ],
  [
    15.95,
    -28.3181
  ],
  [
    15.983,
    -28.3144
  ],
  [
    15.991,
    -28.3128
  ],
  [
    16.023,
    -28.3112
  ],
  [
    16.032,
    -28.3112
  ],
  [
    16.06,
    -28.3195
  ],
  [
    16.068,
    -28.3183
  ],
  [
    16.081,
    -28.3125
  ],
  [
    16.112,
    -28.309
  ],
  [
    16.118,
    -28.308
  ],
  [
    16.152,
    -28.3033
  ],
  [
    16.175,
    -28.3042
  ],
  [
    16.183,
    -28.2994
  ],
  [
    16.214,
    -28.3009
  ],
  [
    16.224,
    -28.3032
  ],
  [
    16.238,
    -28.3039
  ],
  [
    16.254,
    -28.3057
  ],
  [
    16.282,
    -28.3152
  ],
  [
    16.289,
    -28.3094
  ],
  [
    16.322,
    -28.3027
  ],
  [
    16.331,
    -28.3028
  ],
  [
    16.362,
    -28.3066
  ],
  [
    16.369,
    -28.3036
  ],
  [
    16.384,
    -28.2989
  ],
  [
    16.406,
    -28.3008
  ],
  [
    16.419,
    -28.2936
  ],
  [
    16.435,
    -28.2884
  ],
  [
    16.449,
    -28.2931
  ],
  [
    16.476,
    -28.3026
  ],
  [
    16.489,
    -28.3021
  ],
  [
    16.518,
    -28.301
  ],
  [
    16.53,
    -28.3016
  ],
  [
    16.558,
    -28.3041
  ],
  [
    16.565,
    -28.3028
  ],
  [
    16.594,
    -28.3005
  ],
  [
    16.602,
    -28.2976
  ],
  [
    16.632,
    -28.2932
  ],
  [
    16.64,
    -28.2942
  ],
  [
    16.655,
    -28.2899
  ],
  [
    16.683,
    -28.2879
  ],
  [
    16.691,
    -28.2851
  ],
  [
    16.709,
    -28.2862
  ],
  [
    16.724,
    -28.2877
  ],
  [
    16.757,
    -28.2987
  ],
  [
    16.768,
    -28.3026
  ],
  [
    16.799,
    -28.3131
  ],
  [
    16.806,
    -28.3114
  ],
  [
    16.84,
    -28.2999
  ],
  [
    16.865,
    -28.3057
  ],
  [
    16.876,
    -28.3004
  ],
  [
    16.909,
    -28.3016
  ],
  [
    16.932,
    -28.3001
  ],
  [
    16.944,
    -28.3021
  ],
  [
    16.973,
    -28.3002
  ],
  [
    16.983,
    -28.2987
  ],
  [
    16.995,
    -28.2924
  ],
  [
    17.026,
    -28.2932
  ],
  [
    17.035,
    -28.2898
  ],
  [
    17.052,
    -28.2838
  ],
  [
    17.075,
    -28.2965
  ],
  [
    17.101,
    -28.2832
  ],
  [
    17.109,
    -28.2789
  ],
  [
    17.125,
    -28.2719
  ],
  [
    17.141,
    -28.2732
  ],
  [
    17.156,
    -28.2808
  ],
  [
    17.185,
    -28.2942
  ],
  [
    17.194,
    -28.2909
  ],
  [
    17.235,
    0.0
  ],
  [
    17.25,
    -1.1489
  ],
  [
    17.267,
    -2.5539
  ],
  [
    17.278,
    -3.9344
  ],
  [
    17.292,
    -5.4274
  ],
  [
    17.323,
    -7.7498
  ],
  [
    17.333,
    -8.931
  ],
  [
    17.349,
    -10.2353
  ],
  [
    17.382,
    -12.9717
  ],
  [
    17.39,
    -14.1335
  ],
  [
    17.421,
    -16.4053
  ],
  [
    17.428,
    -17.5237
  ],
  [
    17.473,
    -20.9977
  ],
  [
    17.482,
    -22.0456
  ],
  [
    17.512,
    -24.3865
  ],
  [
    17.522,
    -25.4848
  ],
  [
    17.551,
    -27.8836
  ],
  [
    17.56,
    -29.0235
  ],
  [
    17.575,
    -30.1142
  ],
  [
    17.605,
    -32.4323
  ],
  [
    17.614,
    -33.5165
  ],
  [
    17.647,
    -35.0
  ],
  [
    17.655,
    -35.0
  ],
  [
    17.685,
    -35.0
  ],
  [
    17.694,
    -35.0
  ],
  [
    17.707,
    -35.0
  ],
  [
    17.74,
    -35.0
  ],
  [
    17.751,
    -35.0
  ],
  [
    17.775,
    -35.0
  ],
  [
    17.787,
    -35.0
  ],
  [
    17.801,
    -35.0
  ],
  [
    17.831,
    -35.0
  ],
  [
    17.847,
    -35.0
  ],
  [
    17.861,
    -35.0
  ],
  [
    17.875,
    -35.0
  ],
  [
    17.892,
    -35.0
  ],
  [
    17.907,
    -35.0
  ],
  [
    17.934,
    -35.0
  ],
  [
    17.949,
    -35.0
  ],
  [
    17.981,
    -35.0
  ],
  [
    17.989,
    -35.0
  ],
  [
    18.021,
    -35.0
  ],
  [
    18.031,
    -35.0
  ],
  [
    18.048,
    -35.0
  ],
  [
    18.061,
    -35.0
  ],
  [
    18.077,
    -35.0
  ],
  [
    18.094,
    -35.0
  ],
  [
    18.109,
    -35.0
  ],
  [
    18.141,
    -35.0
  ],
  [
    18.153,
    -35.0
  ],
  [
    18.183,
    -35.0
  ],
  [
    18.2,
    -35.0
  ],
  [
    18.21,
    -35.0
  ],
  [
    18.238,
    -35.0
  ],
  [
    18.253,
    -35.0
  ],
  [
    18.269,
    -33.25
  ],
  [
    18.301,
    -31.5
  ],
  [
    18.312,
    -29.75
  ],
  [
    18.346,
    -28.0
  ],
  [
    18.351,
    -26.25
  ],
  [
    18.384,
    -24.5
  ],
  [
    18.394,
    -22.75
  ],
  [
    18.424,
    -21.0
  ],
  [
    18.438,
    -19.25
  ],
  [
    18.457,
    -17.5
  ],
  [
    18.466,
    -15.75
  ],
  [
    18.482,
    -14.0
  ],
  [
    18.515,
    -12.25
  ],
  [
    18.525,
    -10.5
  ],
  [
    18.54,
    -8.75
  ],
  [
    18.557,
    -7.0
  ],
  [
    18.573,
    -5.25
  ],
  [
    18.602,
    -3.5
  ],
  [
    18.613,
    -1.75
  ],
  [
    18.637,
    0.0
  ],
  [
    18.651,
    0.9817
  ],
  [
    18.681,
    3.3207
  ],
  [
    18.691,
    4.3117
  ],
  [
    18.719,
    6.4373
  ],
  [
    18.735,
    7.3742
  ],
  [
    18.745,
    8.4671
  ],
  [
    18.776,
    10.5038
  ],
  [
    18.783,
    11.3438
  ],
  [
    18.815,
    13.1163
  ],
  [
    18.825,
    14.0898
  ],
  [
    18.857,
    15.8384
  ],
  [
    18.866,
    16.7222
  ],
  [
    18.879,
    17.5368
  ],
  [
    18.911,
    19.3339
  ],
  [
    18.92,
    20.0226
  ],
  [
    18.936,
    20.8541
  ],
  [
    18.952,
    21.7605
  ],
  [
    18.983,
    23.3713
  ],
  [
    18.992,
    24.1659
  ],
  [
    19.005,
    24.8944
  ],
  [
    19.033,
    26.4342
  ],
  [
    19.047,
    26.748
  ],
  [
    19.057,
    26.7475
  ],
  [
    19.073,
    26.7331
  ],
  [
    19.089,
    26.733
  ],
  [
    19.102,
    26.7344
  ],
  [
    19.135,
    26.7165
  ],
  [
    19.158,
    26.6865
  ],
  [
    19.169,
    26.6765
  ],
  [
    19.183,
    26.6777
  ],
  [
    19.207,
    26.6729
  ],
  [
    19.239,
    26.6762
  ],
  [
    19.248,
    26.6656
  ],
  [
    19.264,
    26.6498
  ],
  [
    19.278,
    26.6305
  ],
  [
    19.308,
    26.629
  ],
  [
    19.317,
    26.6304
  ],
  [
    19.33,
    26.6289
  ],
  [
    19.364,
    26.6277
  ],
  [
    19.378,
    26.6251
  ],
  [
    19.385,
    26.6236
  ],
  [
    19.418,
    26.6187
  ],
  [
    19.443,
    26.6194
  ],
  [
    19.454,
    26.6235
  ],
  [
    19.469,
    26.6197
  ],
  [
    19.485,
    26.6195
  ],
  [
    19.515,
    26.6031
  ],
  [
    19.522,
    26.5809
  ],
  [
    19.553,
    26.5411
  ],
  [
    19.562,
    26.5429
  ],
  [
    19.592,
    26.5431
  ],
  [
    19.6,
    26.5443
  ],
  [
    19.635,
    26.5467
  ],
  [
    19.641,
    26.5474
  ],
  [
    19.674,
    26.5534
  ],
  [
    19.684,
    26.5265
  ],
  [
    19.712,
    26.5267
  ],
  [
    19.726,
    26.5203
  ],
  [
    19.735,
    26.5173
  ],
  [
    19.752,
    26.517
  ],
  [
    19.785,
    26.5227
  ],
  [
    19.793,
    26.5242
  ],
  [
    19.822,
    26.5222
  ],
  [
    19.837,
    26.5155
  ],
  [
    19.848,
    26.4989
  ],
  [
    19.879,
    26.4888
  ],
  [
    19.903,
    26.4873
  ],
  [
    19.914,
    26.4869
  ],
  [
    19.926,
    26.4832
  ],
  [
    19.955,
    26.4829
  ],
  [
    19.961,
    26.4786
  ],
  [
    19.99,
    26.4673
  ],
  [
    19.999,
    26.4655
  ],
  [
    20.032,
    26.4616
  ],
  [
    20.039,
    26.4644
  ],
  [
    20.071,
    26.4534
  ],
  [
    20.081,
    26.4524
  ],
  [
    20.112,
    26.4516
  ],
  [
    20.118,
    26.4509
  ],
  [
    20.146,
    26.4453
  ],
  [
    20.153,
    26.4458
  ],
  [
    20.171,
    26.4424
  ],
  [
    20.198,
    26.4259
  ],
  [
    20.21,
    26.4233
  ],
  [
    20.239,
    26.4181
  ],
  [
    20.246,
    26.4163
  ],
  [
    20.282,
    26.4067
  ],
  [
    20.289,
    26.4085
  ],
  [
    20.318,
    26.411
  ],
  [
    20.327,
    26.4057
  ],
  [
    20.355,
    26.4038
  ],
  [
    20.365,
    26.4004
  ],
  [
    20.395,
    26.3938
  ],
  [
    20.406,
    26.3934
  ],
  [
    20.442,
    26.378
  ],
  [
    20.467,
    26.3825
  ],
  [
    20.481,
    26.3818
  ],
  [
    20.491,
    26.3819
  ],
  [
    20.522,
    26.3788
  ],
  [
    20.546,
    26.3736
  ],
  [
    20.551,
    26.3675
  ],
  [
    20.584,
    26.3575
  ],
  [
    20.593,
    26.3602
  ],
  [
    20.621,
    26.3613
  ],
  [
    20.639,
    26.358
  ],
  [
    20.651,
    26.3561
  ],
  [
    20.682,
    26.3536
  ],
  [
    20.689,
    26.352
  ],
  [
    20.718,
    26.3492
  ],
  [
    20.727,
    26.3439
  ],
  [
    20.757,
    26.3399
  ],
  [
    20.771,
    26.34
  ],
  [
    20.786,
    26.3409
  ],
  [
    20.814,
    26.3441
  ],
  [
    20.82,
    26.3414
  ],
  [
    20.837,
    26.3443
  ],
  [
    20.864,
    26.3484
  ],
  [
    20.871,
    26.3481
  ],
  [
    20.901,
    26.3152
  ],
  [
    20.918,
    26.3163
  ],
  [
    20.944,
    26.3221
  ],
  [
    20.953,
    26.3164
  ],
  [
    20.979,
    26.3166
  ],
  [
    20.993,
    26.3148
  ],
  [
    21.007,
    26.3169
  ],
  [
    21.037,
    26.3192
  ],
  [
    21.064,
    26.3195
  ],
  [
    21.073,
    26.3203
  ],
  [
    21.087,
    26.3188
  ],
  [
    21.115,
    26.319
  ],
  [
    21.125,
    26.3154
  ],
  [
    21.14,
    26.3104
  ],
  [
    21.169,
    26.3131
  ],
  [
    21.177,
    26.3088
  ],
  [
    21.207,
    26.3091
  ],
  [
    21.218,
    26.31
  ],
  [
    21.234,
    26.3086
  ],
  [
    21.265,
    26.3119
  ],
  [
    21.273,
    26.3112
  ],
  [
    21.287,
    26.3084
  ],
  [
    21.315,
    26.3082
  ],
  [
    21.324,
    26.3052
  ],
  [
    21.355,
    26.3014
  ],
  [
    21.362,
    26.2984
  ],
  [
    21.39,
    26.2935
  ],
  [
    21.398,
    26.2903
  ],
  [
    21.426,
    26.2845
  ],
  [
    21.434,
    26.2822
  ],
  [
    21.465,
    26.2783
  ],
  [
    21.479,
    26.2798
  ],
  [
    21.489,
    26.2797
  ],
  [
    21.52,
    26.2845
  ],
  [
    21.527,
    26.2862
  ],
  [
    21.558,
    26.2805
  ],
  [
    21.569,
    26.2828
  ],
  [
    21.6,
    26.2841
  ],
  [
    21.611,
    26.2835
  ],
  [
    21.636,
    26.289
  ],
  [
    21.648,
    26.2881
  ],
  [
    21.678,
    26.2842
  ],
  [
    21.686,
    26.2826
  ],
  [
    21.717,
    26.276
  ],
  [
    21.744,
    26.2761
  ],
  [
    21.751,
    26.2748
  ],
  [
    21.777,
    26.2727
  ],
  [
    21.793,
    26.2709
  ],
  [
    21.803,
    26.2691
  ],
  [
    21.833,
    26.2745
  ],
  [
    21.843,
    26.2721
  ],
  [
    21.872,
    26.27
  ],
  [
    21.879,
    26.2661
  ],
  [
    21.911,
    26.2644
  ],
  [
    21.92,
    26.2661
  ],
  [
    21.948,
    26.2729
  ],
  [
    21.959,
    26.2743
  ],
  [
    21.989,
    26.2759
  ],
  [
    21.997,
    26.2788
  ],
  [
    22.019,
    26.2796
  ],
  [
    22.032,
    26.2881
  ],
  [
    22.051,
    26.2948
  ],
  [
    22.066,
    26.3031
  ],
  [
    22.093,
    26.3208
  ],
  [
    22.1,
    26.3251
  ],
  [
    22.118,
    26.33
  ],
  [
    22.147,
    26.338
  ],
  [
    22.169,
    26.3477
  ],
  [
    22.177,
    26.3523
  ],
  [
    22.207,
    26.3622
  ],
  [
    22.218,
    26.3703
  ],
  [
    22.247,
    26.3865
  ],
  [
    22.258,
    26.394
  ],
  [
    22.282,
    26.4079
  ],
  [
    22.294,
    26.4134
  ],
  [
    22.324,
    26.4276
  ],
  [
    22.333,
    26.4343
  ],
  [
    22.361,
    26.448
  ],
  [
    22.387,
    26.4592
  ],
  [
    22.397,
    26.4664
  ],
  [
    22.425,
    26.4779
  ],
  [
    22.436,
    26.4836
  ],
  [
    22.449,
    26.4892
  ],
  [
    22.481,
    26.502
  ],
  [
    22.506,
    26.5137
  ],
  [
    22.515,
    26.5189
  ],
  [
    22.53,
    26.5239
  ],
  [
    22.559,
    26.5356
  ],
  [
    22.568,
    26.5398
  ],
  [
    22.584,
    26.5442
  ],
  [
    22.613,
    26.556
  ],
  [
    22.621,
    26.5602
  ],
  [
    22.654,
    26.5694
  ],
  [
    22.662,
    26.5745
  ],
  [
    22.689,
    26.5833
  ],
  [
    22.716,
    26.5909
  ],
  [
    22.74,
    26.5994
  ],
  [
    22.751,
    25.3686
  ],
  [
    22.775,
    22.3621
  ],
  [
    22.787,
    20.9869
  ],
  [
    22.805,
    19.5349
  ],
  [
    22.825,
    17.4084
  ],
  [
    22.841,
    14.8855
  ],
  [
    22.874,
    10.8283
  ],
  [
    22.883,
    9.188
  ],
  [
    22.917,
    4.0745
  ],
  [
    22.927,
    1.8371
  ],
  [
    22.942,
    0.0
  ],
  [
    22.969,
    0.0
  ],
  [
    22.983,
    0.0
  ],
  [
    22.992,
    0.0
  ],
  [
    23.022,
    0.0
  ],
  [
    23.031,
    0.0
  ],
  [
    23.048,
    0.0
  ],
  [
    23.078,
    0.0
  ],
  [
    23.087,
    0.0
  ],
  [
    23.116,
    0.0
  ],
  [
    23.128,
    0.0
  ],
  [
    23.155,
    0.0
  ],
  [
    23.165,
    0.0
  ],
  [
    23.197,
    0.0
  ],
  [
    23.205,
    0.0
  ],
  [
    23.222,
    0.0
  ],
  [
    23.252,
    0.0
  ],
  [
    23.262,
    0.0
  ],
  [
    23.288,
    0.0
  ],
  [
    23.299,
    0.0
  ],
  [
    23.316,
    0.0
  ],
  [
    23.331,
    0.0
  ],
  [
    23.363,
    0.0
  ],
  [
    23.372,
    0.0
  ],
  [
    23.405,
    0.0
  ],
  [
    23.413,
    0.0
  ],
  [
    23.448,
    0.0
  ],
  [
    23.458,
    0.0
  ],
  [
    23.489,
    0.0
  ],
  [
    23.517,
    0.0
  ],
  [
    23.526,
    0.0
  ],
  [
    23.544,
    0.0
  ],
  [
    23.574,
    0.0
  ],
  [
    23.586,
    0.0
  ],
  [
    23.6,
    0.0
  ],
  [
    23.616,
    0.0
  ],
  [
    23.632,
    0.0
  ],
  [
    23.648,
    0.0
  ],
  [
    23.675,
    0.0
  ],
  [
    23.689,
    0.0
  ],
  [
    23.72,
    0.0
  ],
  [
    23.73,
    0.0
  ],
  [
    23.749,
    0.0
  ],
  [
    23.764,
    0.0
  ],
  [
    23.778,
    0.0
  ],
  [
    23.81,
    0.0
  ],
  [
    23.82,
    0.0
  ],
  [
    23.835,
    0.0
  ],
  [
    23.85,
    0.0
  ],
  [
    23.884,
    0.0
  ],
  [
    23.892,
    0.0
  ],
  [
    23.925,
    0.0
  ],
  [
    23.935,
    0.0
  ],
  [
    23.951,
    0.0
  ],
  [
    23.965,
    0.0
  ],
  [
    23.995,
    0.0
  ],
  [
    24.002,
    0.0
  ],
  [
    24.033,
    0.0
  ],
  [
    24.045,
    0.0
  ],
  [
    24.059,
    0.0
  ],
  [
    24.073,
    0.0
  ],
  [
    24.106,
    0.0
  ],
  [
    24.115,
    0.0
  ],
  [
    24.147,
    0.0
  ],
  [
    24.156,
    0.0
  ],
  [
    24.188,
    0.0
  ],
  [
    24.196,
    0.0
  ],
  [
    24.211,
    0.0
  ],
  [
    24.244,
    0.0
  ],
  [
    24.252,
    0.0
  ],
  [
    24.287,
    0.0
  ],
  [
    24.295,
    0.0
  ],
  [
    24.321,
    0.0
  ],
  [
    24.333,
    0.0
  ],
  [
    24.362,
    0.0
  ],
  [
    24.371,
    0.0
  ],
  [
    24.399,
    0.0
  ],
  [
    24.406,
    0.0
  ],
  [
    24.436,
    0.0
  ],
  [
    24.447,
    0.0
  ],
  [
    24.459,
    0.0
  ],
  [
    24.489,
    0.0
  ],
  [
    24.496,
    0.0
  ],
  [
    24.526,
    0.0
  ],
  [
    24.535,
    0.0
  ],
  [
    24.566,
    0.0
  ],
  [
    24.582,
    0.0
  ],
  [
    24.605,
    0.0
  ],
  [
    24.617,
    0.0
  ],
  [
    24.628,
    0.0
  ],
  [
    24.644,
    0.0
  ],
  [
    24.669,
    0.0
  ],
  [
    24.681,
    0.0
  ],
  [
    24.696,
    0.0
  ],
  [
    24.724,
    0.0
  ],
  [
    24.736,
    0.0
  ],
  [
    24.748,
    0.0
  ],
  [
    24.762,
    0.0
  ],
  [
    24.793,
    0.0
  ],
  [
    24.799,
    0.0
  ],
  [
    24.827,
    0.0
  ],
  [
    24.84,
    0.0
  ],
  [
    24.874,
    0.0
  ],
  [
    24.884,
    0.0
  ],
  [
    24.913,
    0.0
  ],
  [
    24.921,
    0.0
  ],
  [
    24.934,
    0.0
  ],
  [
    24.967,
    0.0
  ],
  [
    24.976,
    0.0
  ],
  [
    25.006,
    0.0
  ],
  [
    25.013,
    0.0
  ],
  [
    25.043,
    0.0
  ],
  [
    25.054,
    0.0
  ],
  [
    25.067,
    0.0
  ],
  [
    25.097,
    0.0
  ],
  [
    25.107,
    0.0
  ],
  [
    25.121,
    0.0
  ],
  [
    25.136,
    0.0
  ],
  [
    25.166,
    0.0
  ],
  [
    25.18,
    0.0
  ],
  [
    25.202,
    0.0
  ],
  [
    25.229,
    0.0
  ],
  [
    25.238,
    0.0
  ],
  [
    25.267,
    0.0
  ],
  [
    25.275,
    0.0
  ],
  [
    25.293,
    0.0
  ],
  [
    25.322,
    0.0
  ],
  [
    25.33,
    0.0
  ],
  [
    25.359,
    0.0
  ],
  [
    25.37,
    0.0
  ],
  [
    25.383,
    0.0
  ],
  [
    25.413,
    0.0
  ],
  [
    25.42,
    0.0
  ],
  [
    25.45,
    0.0
  ],
  [
    25.458,
    0.0
  ],
  [
    25.473,
    0.0
  ],
  [
    25.502,
    0.0
  ],
  [
    25.513,
    0.0
  ],
  [
    25.526,
    0.0
  ],
  [
    25.552,
    0.0
  ],
  [
    25.565,
    0.0
  ],
  [
    25.58,
    0.0
  ],
  [
    25.611,
    0.0
  ],
  [
    25.62,
    0.0
  ],
  [
    25.637,
    0.0
  ],
  [
    25.65,
    0.0
  ],
  [
    25.682,
    0.0
  ],
  [
    25.689,
    0.0
  ],
  [
    25.723,
    0.0
  ],
  [
    25.743,
    0.0
  ],
  [
    25.755,
    0.0
  ],
  [
    25.774,
    0.0
  ],
  [
    25.787,
    0.0
  ],
  [
    25.814,
    0.0
  ],
  [
    25.823,
    0.0
  ],
  [
    25.837,
    0.0
  ],
  [
    25.865,
    0.0
  ],
  [
    25.875,
    0.0
  ],
  [
    25.905,
    0.0
  ],
  [
    25.921,
    0.0
  ],
  [
    25.934,
    0.0
  ],
  [
    25.964,
    0.0
  ],
  [
    25.993,
    0.0
  ],
  [
    26.0,
    0.0
  ],
  [
    26.038,
    0.0
  ],
  [
    26.065,
    0.0
  ],
  [
    26.079,
    0.0
  ],
  [
    26.088,
    0.0
  ],
  [
    26.119,
    0.0
  ],
  [
    26.127,
    0.0
  ],
  [
    26.157,
    0.0
  ],
  [
    26.165,
    0.0
  ],
  [
    26.183,
    0.0
  ],
  [
    26.212,
    0.0
  ],
  [
    26.233,
    0.0
  ],
  [
    26.243,
    0.0
  ],
  [
    26.278,
    0.0
  ],
  [
    26.3,
    0.0
  ],
  [
    26.317,
    0.0
  ],
  [
    26.329,
    0.0
  ],
  [
    26.35,
    0.0
  ],
  [
    26.37,
    0.0
  ],
  [
    26.394,
    0.0
  ],
  [
    26.411,
    0.0
  ],
  [
    26.418,
    0.0
  ],
  [
    26.434,
    0.0
  ],
  [
    26.461,
    0.0
  ],
  [
    26.471,
    0.0
  ],
  [
    26.485,
    0.0
  ],
  [
    26.52,
    0.0
  ],
  [
    26.529,
    0.0
  ],
  [
    26.559,
    0.0
  ],
  [
    26.569,
    0.0
  ],
  [
    26.585,
    0.0
  ],
  [
    26.613,
    0.0
  ],
  [
    26.638,
    0.0
  ],
  [
    26.649,
    0.0
  ],
  [
    26.678,
    0.0
  ],
  [
    26.688,
    0.0
  ],
  [
    26.716,
    0.0
  ],
  [
    26.725,
    0.0
  ],
  [
    26.757,
    0.0
  ],
  [
    26.764,
    0.0
  ],
  [
    26.794,
    0.0
  ],
  [
    26.803,
    0.0
  ],
  [
    26.819,
    0.0
  ],
  [
    26.852,
    0.0
  ],
  [
    26.86,
    0.0
  ],
  [
    26.894,
    0.0
  ],
  [
    26.917,
    0.0
  ],
  [
    26.928,
    0.0
  ],
  [
    26.94,
    0.0
  ],
  [
    26.972,
    0.0
  ],
  [
    26.983,
    0.0
  ],
  [
    27.002,
    0.0
  ],
  [
    27.018,
    0.0
  ],
  [
    27.048,
    0.0
  ],
  [
    27.072,
    0.0
  ],
  [
    27.088,
    0.0
  ],
  [
    27.107,
    0.0
  ],
  [
    27.121,
    0.0
  ],
  [
    27.135,
    0.0
  ],
  [
    27.154,
    0.0
  ],
  [
    27.182,
    0.0
  ],
  [
    27.19,
    0.0
  ],
  [
    27.207,
    0.0
  ],
  [
    27.237,
    0.0
  ],
  [
    27.249,
    0.0
  ],
  [
    27.278,
    0.0
  ],
  [
    27.288,
    0.0
  ],
  [
    27.304,
    0.0
  ],
  [
    27.319,
    0.0
  ],
  [
    27.334,
    0.0
  ],
  [
    27.366,
    0.0
  ],
  [
    27.377,
    0.0
  ],
  [
    27.404,
    0.0
  ],
  [
    27.417,
    0.0
  ],
  [
    27.432,
    0.0
  ],
  [
    27.465,
    0.0
  ],
  [
    27.482,
    0.0
  ],
  [
    27.49,
    0.0
  ],
  [
    27.505,
    0.0
  ],
  [
    27.536,
    0.0
  ],
  [
    27.553,
    0.0
  ],
  [
    27.561,
    0.0
  ],
  [
    27.592,
    0.0
  ],
  [
    27.607,
    0.0
  ],
  [
    27.618,
    0.0
  ],
  [
    27.637,
    0.0
  ],
  [
    27.648,
    0.0
  ],
  [
    27.664,
    0.0
  ],
  [
    27.694,
    0.0
  ],
  [
    27.705,
    0.0
  ],
  [
    27.721,
    0.0
  ],
  [
    27.736,
    0.0
  ],
  [
    27.767,
    0.0
  ],
  [
    27.779,
    0.0
  ],
  [
    27.809,
    0.0
  ],
  [
    27.818,
    0.0
  ],
  [
    27.836,
    0.0
  ],
  [
    27.867,
    0.0
  ],
  [
    27.877,
    0.0
  ],
  [
    27.908,
    0.0
  ],
  [
    27.92,
    0.0
  ],
  [
    27.948,
    0.0
  ],
  [
    27.967,
    0.0
  ],
  [
    27.984,
    0.0
  ],
  [
    28.004,
    0.0
  ],
  [
    28.012,
    0.0
  ],
  [
    28.045,
    0.0
  ],
  [
    28.054,
    0.0
  ],
  [
    28.069,
    0.0
  ],
  [
    28.098,
    0.0
  ],
  [
    28.104,
    0.0
  ],
  [
    28.136,
    0.0
  ],
  [
    28.147,
    0.0
  ],
  [
    28.175,
    0.0
  ],
  [
    28.184,
    0.0
  ],
  [
    28.214,
    0.0
  ],
  [
    28.222,
    0.0
  ],
  [
    28.241,
    0.0
  ],
  [
    28.254,
    0.0
  ],
  [
    28.285,
    0.0
  ],
  [
    28.295,
    0.0
  ],
  [
    28.308,
    0.0
  ],
  [
    28.345,
    0.0
  ],
  [
    28.351,
    0.0
  ],
  [
    28.383,
    0.0
  ],
  [
    28.404,
    0.0
  ],
  [
    28.416,
    0.0
  ],
  [
    28.441,
    0.0
  ],
  [
    28.453,
    0.0
  ],
  [
    28.482,
    0.0
  ],
  [
    28.489,
    0.0
  ],
  [
    28.52,
    0.0
  ],
  [
    28.532,
    0.0
  ],
  [
    28.561,
    0.0
  ],
  [
    28.57,
    0.0
  ],
  [
    28.602,
    0.0
  ],
  [
    28.617,
    0.0
  ],
  [
    28.648,
    0.0
  ],
  [
    28.656,
    0.0
  ],
  [
    28.685,
    0.0
  ],
  [
    28.696,
    0.0
  ],
  [
    28.711,
    0.0
  ],
  [
    28.738,
    0.0
  ],
  [
    28.754,
    0.0
  ],
  [
    28.77,
    0.0
  ],
  [
    28.8,
    0.0
  ],
  [
    28.81,
    0.0
  ],
  [
    28.842,
    0.0
  ],
  [
    28.849,
    0.0
  ],
  [
    28.878,
    0.0
  ],
  [
    28.886,
    0.0
  ],
  [
    28.917,
    0.0
  ],
  [
    28.925,
    0.0
  ],
  [
    28.955,
    0.0
  ],
  [
    28.965,
    0.0
  ],
  [
    28.981,
    0.0
  ],
  [
    29.012,
    0.0
  ],
  [
    29.022,
    0.0
  ],
  [
    29.047,
    0.0
  ],
  [
    29.06,
    0.0
  ],
  [
    29.077,
    0.0
  ],
  [
    29.096,
    0.0
  ],
  [
    29.114,
    0.0
  ],
  [
    29.138,
    0.0
  ],
  [
    29.162,
    0.0
  ],
  [
    29.189,
    0.0
  ],
  [
    29.214,
    0.0
  ],
  [
    29.238,
    0.0
  ],
  [
    29.261,
    0.0
  ],
  [
    29.276,
    0.0
  ],
  [
    29.294,
    0.0
  ],
  [
    29.312,
    0.0
  ],
  [
    29.326,
    0.0
  ],
  [
    29.342,
    0.0
  ],
  [
    29.361,
    0.0
  ],
  [
    29.377,
    0.0
  ],
  [
    29.39,
    0.0
  ],
  [
    29.406,
    0.0
  ],
  [
    29.434,
    0.0
  ],
  [
    29.457,
    0.0
  ],
  [
    29.468,
    0.0
  ],
  [
    29.48,
    0.0
  ],
  [
    29.512,
    0.0
  ],
  [
    29.527,
    0.0
  ],
  [
    29.538,
    0.0
  ],
  [
    29.557,
    0.0
  ],
  [
    29.575,
    0.0
  ],
  [
    29.591,
    0.0
  ],
  [
    29.608,
    0.0
  ],
  [
    29.623,
    0.0
  ],
  [
    29.64,
    0.0
  ],
  [
    29.661,
    0.0
  ],
  [
    29.68,
    0.0
  ],
  [
    29.693,
    0.0
  ],
  [
    29.71,
    0.0
  ],
  [
    29.726,
    0.0
  ],
  [
    29.737,
    0.0
  ],
  [
    29.753,
    0.0
  ],
  [
    29.779,
    0.0
  ],
  [
    29.795,
    0.0
  ],
  [
    29.809,
    0.0
  ],
  [
    29.835,
    0.0
  ],
  [
    29.846,
    0.0
  ],
  [
    29.864,
    0.0
  ],
  [
    29.877,
    0.0
  ],
  [
    29.889,
    0.0
  ],
  [
    29.921,
    0.0
  ],
  [
    29.928,
    0.0
  ],
  [
    29.956,
    0.0
  ],
  [
    29.967,
    0.0
  ],
  [
    29.981,
    0.0
  ],
  [
    30.01,
    0.0
  ],
  [
    30.027,
    0.0
  ],
  [
    30.036,
    0.0
  ],
  [
    30.051,
    0.0
  ],
  [
    30.08,
    0.0
  ],
  [
    30.091,
    0.0
  ],
  [
    30.105,
    0.0
  ],
  [
    30.133,
    0.0
  ],
  [
    30.145,
    0.0
  ],
  [
    30.156,
    0.0
  ],
  [
    30.172,
    0.0
  ],
  [
    30.188,
    0.0
  ],
  [
    30.218,
    0.0
  ],
  [
    30.227,
    0.0
  ],
  [
    30.242,
    0.0
  ],
  [
    30.272,
    0.0
  ],
  [
    30.282,
    0.0
  ],
  [
    30.296,
    0.0
  ],
  [
    30.324,
    0.0
  ],
  [
    30.333,
    0.0
  ],
  [
    30.358,
    0.0
  ],
  [
    30.371,
    0.0
  ],
  [
    30.385,
    0.0
  ],
  [
    30.41,
    0.0
  ],
  [
    30.418,
    0.0
  ],
  [
    30.444,
    0.0
  ],
  [
    30.455,
    0.0
  ],
  [
    30.467,
    0.0
  ],
  [
    30.495,
    0.0
  ],
  [
    30.502,
    0.0
  ],
  [
    30.53,
    0.0
  ],
  [
    30.542,
    0.0
  ],
  [
    30.551,
    0.0
  ],
  [
    30.584,
    0.0
  ],
  [
    30.594,
    0.0
  ],
  [
    30.62,
    0.0
  ],
  [
    30.629,
    0.0
  ],
  [
    30.658,
    0.0
  ],
  [
    30.669,
    0.0
  ],
  [
    30.696,
    0.0
  ],
  [
    30.705,
    0.0
  ],
  [
    30.73,
    0.0
  ],
  [
    30.738,
    0.0
  ],
  [
    30.752,
    0.0
  ],
  [
    30.775,
    0.0
  ],
  [
    30.787,
    0.0
  ],
  [
    30.813,
    0.0
  ],
  [
    30.821,
    0.0
  ],
  [
    30.85,
    0.0
  ],
  [
    30.861,
    0.0
  ],
  [
    30.887,
    0.0
  ],
  [
    30.898,
    0.0
  ],
  [
    30.924,
    0.0
  ],
  [
    30.934,
    0.0
  ],
  [
    30.96,
    0.0
  ],
  [
    30.972,
    0.0
  ],
  [
    30.999,
    0.0
  ],
  [
    31.011,
    0.0
  ],
  [
    31.038,
    0.0
  ],
  [
    31.045,
    0.0
  ],
  [
    31.06,
    0.0
  ],
  [
    31.09,
    0.0
  ],
  [
    31.097,
    0.0
  ],
  [
    31.124,
    0.0
  ],
  [
    31.132,
    0.0
  ],
  [
    31.158,
    0.0
  ],
  [
    31.166,
    0.0
  ],
  [
    31.195,
    0.0
  ],
  [
    31.204,
    0.0
  ],
  [
    31.231,
    0.0
  ],
  [
    31.239,
    0.0
  ],
  [
    31.266,
    0.0
  ],
  [
    31.276,
    0.0
  ],
  [
    31.301,
    0.0
  ],
  [
    31.313,
    0.0
  ],
  [
    31.337,
    0.0
  ],
  [
    31.347,
    0.0
  ],
  [
    31.36,
    0.0
  ],
  [
    31.39,
    0.0
  ],
  [
    31.397,
    0.0
  ],
  [
    31.414,
    0.0
  ],
  [
    31.441,
    0.0
  ],
  [
    31.456,
    0.0
  ],
  [
    31.477,
    0.0
  ],
  [
    31.488,
    0.0
  ],
  [
    31.5,
    0.0
  ],
  [
    31.528,
    0.0
  ],
  [
    31.537,
    0.0
  ],
  [
    31.552,
    0.0
  ],
  [
    31.579,
    0.0
  ],
  [
    31.594,
    0.0
  ],
  [
    31.617,
    0.0
  ],
  [
    31.627,
    0.0
  ],
  [
    31.655,
    0.0
  ],
  [
    31.662,
    0.0
  ],
  [
    31.691,
    0.0
  ],
  [
    31.7,
    0.0
  ],
  [
    31.713,
    0.0
  ],
  [
    31.741,
    0.0
  ],
  [
    31.75,
    0.0
  ],
  [
    31.777,
    0.0
  ],
  [
    31.785,
    0.0
  ],
  [
    31.8,
    0.0
  ],
  [
    31.824,
    0.0
  ],
  [
    31.838,
    0.0
  ],
  [
    31.862,
    0.0
  ],
  [
    31.871,
    0.0
  ],
  [
    31.898,
    0.0
  ],
  [
    31.905,
    0.0
  ],
  [
    31.93,
    0.0
  ],
  [
    31.937,
    0.0
  ],
  [
    31.963,
    0.0
  ],
  [
    31.977,
    0.0
  ],
  [
    32.006,
    0.0
  ],
  [
    32.026,
    0.0
  ],
  [
    32.041,
    0.0
  ],
  [
    32.064,
    0.0
  ],
  [
    32.074,
    0.0
  ],
  [
    32.108,
    0.0
  ],
  [
    32.115,
    0.0
  ],
  [
    32.146,
    0.0
  ],
  [
    32.155,
    0.0
  ],
  [
    32.185,
    0.0
  ],
  [
    32.201,
    0.0
  ],
  [
    32.211,
    0.0
  ],
  [
    32.243,
    0.0
  ],
  [
    32.253,
    0.0
  ],
  [
    32.266,
    0.0
  ],
  [
    32.3,
    0.0
  ],
  [
    32.311,
    0.0
  ],
  [
    32.345,
    0.0
  ],
  [
    32.353,
    0.0
  ],
  [
    32.368,
    0.0
  ],
  [
    32.383,
    0.0
  ],
  [
    32.415,
    0.0
  ],
  [
    32.428,
    0.0
  ],
  [
    32.442,
    0.0
  ],
  [
    32.458,
    0.0
  ],
  [
    32.474,
    0.0
  ],
  [
    32.487,
    0.0
  ],
  [
    32.519,
    0.0
  ],
  [
    32.53,
    0.0
  ],
  [
    32.559,
    0.0
  ],
  [
    32.57,
    0.0
  ],
  [
    32.587,
    0.0
  ],
  [
    32.602,
    0.0
  ],
  [
    32.618,
    0.0
  ],
  [
    32.645,
    0.0
  ],
  [
    32.662,
    0.0
  ],
  [
    32.686,
    0.0
  ],
  [
    32.702,
    0.0
  ],
  [
    32.711,
    0.0
  ],
  [
    32.743,
    0.0
  ],
  [
    32.752,
    0.0
  ],
  [
    32.783,
    0.0
  ],
  [
    32.792,
    0.0
  ],
  [
    32.806,
    0.0
  ],
  [
    32.836,
    0.0
  ],
  [
    32.846,
    0.0
  ],
  [
    32.878,
    0.0
  ],
  [
    32.885,
    0.0
  ],
  [
    32.916,
    0.0
  ],
  [
    32.929,
    0.0
  ],
  [
    32.955,
    0.0
  ],
  [
    32.966,
    0.0
  ],
  [
    32.996,
    0.0
  ],
  [
    33.01,
    0.0
  ],
  [
    33.02,
    0.0
  ],
  [
    33.037,
    0.0
  ],
  [
    33.064,
    0.0
  ],
  [
    33.077,
    0.0
  ],
  [
    33.104,
    0.0
  ],
  [
    33.116,
    0.0
  ],
  [
    33.133,
    0.0
  ],
  [
    33.146,
    0.0
  ],
  [
    33.173,
    0.0
  ],
  [
    33.185,
    0.0
  ],
  [
    33.201,
    0.0
  ],
  [
    33.232,
    0.0
  ],
  [
    33.244,
    0.0
  ],
  [
    33.257,
    0.0
  ],
  [
    33.271,
    0.0
  ],
  [
    33.286,
    0.0
  ],
  [
    33.31,
    0.0
  ],
  [
    33.324,
    0.0
  ],
  [
    33.339,
    0.0
  ],
  [
    33.356,
    0.0
  ],
  [
    33.384,
    0.0
  ],
  [
    33.396,
    0.0
  ],
  [
    33.409,
    0.0
  ],
  [
    33.442,
    0.0
  ],
  [
    33.455,
    0.0
  ],
  [
    33.47,
    0.0
  ],
  [
    33.484,
    0.0
  ],
  [
    33.512,
    0.0
  ],
  [
    33.525,
    0.0
  ],
  [
    33.539,
    0.0
  ],
  [
    33.57,
    0.0
  ],
  [
    33.579,
    0.0
  ],
  [
    33.611,
    0.0
  ],
  [
    33.62,
    0.0
  ],
  [
    33.635,
    0.0
  ],
  [
    33.663,
    0.0
  ],
  [
    33.68,
    0.0
  ],
  [
    33.692,
    0.0
  ],
  [
    33.711,
    0.0
  ],
  [
    33.727,
    0.0
  ],
  [
    33.741,
    0.0
  ],
  [
    33.755,
    0.0
  ],
  [
    33.786,
    0.0
  ],
  [
    33.801,
    0.0
  ],
  [
    33.811,
    0.0
  ],
  [
    33.826,
    0.0
  ],
  [
    33.843,
    0.0
  ],
  [
    33.871,
    0.0
  ],
  [
    33.88,
    0.0
  ],
  [
    33.91,
    0.0
  ],
  [
    33.917,
    0.0
  ],
  [
    33.945,
    0.0
  ],
  [
    33.954,
    0.0
  ],
  [
    33.99,
    0.0
  ],
  [
    34.019,
    0.0
  ],
  [
    34.028,
    0.0
  ],
  [
    34.046,
    0.0
  ],
  [
    34.064,
    0.0
  ],
  [
    34.078,
    0.0
  ],
  [
    34.095,
    0.0
  ],
  [
    34.11,
    0.0
  ],
  [
    34.137,
    0.0
  ],
  [
    34.15,
    0.0
  ],
  [
    34.179,
    0.0
  ],
  [
    34.191,
    0.0
  ],
  [
    34.22,
    0.0
  ],
  [
    34.231,
    0.0
  ],
  [
    34.244,
    0.0
  ],
  [
    34.272,
    0.0
  ],
  [
    34.284,
    0.0
  ],
  [
    34.309,
    0.0
  ],
  [
    34.323,
    0.0
  ],
  [
    34.337,
    0.0
  ],
  [
    34.366,
    0.0
  ],
  [
    34.373,
    0.0
  ],
  [
    34.397,
    0.0
  ],
  [
    34.407,
    0.0
  ],
  [
    34.436,
    0.0
  ],
  [
    34.445,
    0.0
  ],
  [
    34.465,
    0.0
  ],
  [
    34.477,
    0.0
  ],
  [
    34.498,
    0.0
  ],
  [
    34.522,
    0.0
  ],
  [
    34.529,
    0.0
  ],
  [
    34.553,
    0.0
  ],
  [
    34.562,
    0.0
  ],
  [
    34.588,
    0.0
  ],
  [
    34.598,
    0.0
  ],
  [
    34.623,
    0.0
  ],
  [
    34.632,
    0.0
  ],
  [
    34.658,
    0.0
  ],
  [
    34.664,
    0.0
  ],
  [
    34.69,
    0.0
  ],
  [
    34.698,
    0.0
  ],
  [
    34.719,
    0.0
  ]
]