# Steering Wheel Angle Log (Actual Physical Angle)
# Start time : 2026-05-27 03:31:39
# End time   : 2026-05-27 03:32:12
# Total time : 33.45 seconds
# Points     : 1809
# Format     : [[elapsed_seconds, wheel_angle_degrees], ...]
[
  [
    0.24,
    0.0
  ],
  [
    0.266,
    0.0
  ],
  [
    0.281,
    0.0
  ],
  [
    0.291,
    0.0
  ],
  [
    0.307,
    0.0
  ],
  [
    0.337,
    0.0
  ],
  [
    0.345,
    0.0
  ],
  [
    0.377,
    0.0
  ],
  [
    0.386,
    0.0
  ],
  [
    0.401,
    0.0
  ],
  [
    0.424,
    0.0
  ],
  [
    0.451,
    0.0
  ],
  [
    0.472,
    0.0
  ],
  [
    0.479,
    0.0
  ],
  [
    0.51,
    0.0
  ],
  [
    0.537,
    0.0
  ],
  [
    0.553,
    0.0
  ],
  [
    0.57,
    0.0
  ],
  [
    0.578,
    0.0
  ],
  [
    0.593,
    0.0
  ],
  [
    0.62,
    0.0
  ],
  [
    0.638,
    0.0
  ],
  [
    0.654,
    0.0
  ],
  [
    0.664,
    0.0
  ],
  [
    0.694,
    0.0
  ],
  [
    0.71,
    0.0
  ],
  [
    0.72,
    0.0
  ],
  [
    0.736,
    0.0
  ],
  [
    0.754,
    0.0
  ],
  [
    0.79,
    0.0
  ],
  [
    0.805,
    0.0
  ],
  [
    0.815,
    0.0
  ],
  [
    0.833,
    0.0
  ],
  [
    0.847,
    0.0
  ],
  [
    0.865,
    0.0
  ],
  [
    0.895,
    0.0
  ],
  [
    0.902,
    0.0
  ],
  [
    0.929,
    0.0
  ],
  [
    0.942,
    0.0
  ],
  [
    0.964,
    0.0
  ],
  [
    0.974,
    0.0
  ],
  [
    1.001,
    0.0
  ],
  [
    1.007,
    0.0
  ],
  [
    1.038,
    0.0
  ],
  [
    1.046,
    0.0
  ],
  [
    1.076,
    0.0
  ],
  [
    1.085,
    0.0
  ],
  [
    1.113,
    0.0
  ],
  [
    1.12,
    0.0
  ],
  [
    1.145,
    0.0
  ],
  [
    1.161,
    0.0
  ],
  [
    1.176,
    0.0
  ],
  [
    1.19,
    0.0
  ],
  [
    1.206,
    0.0
  ],
  [
    1.221,
    0.0
  ],
  [
    1.254,
    0.0
  ],
  [
    1.269,
    0.0
  ],
  [
    1.285,
    0.0
  ],
  [
    1.304,
    0.0
  ],
  [
    1.329,
    0.0
  ],
  [
    1.345,
    0.0
  ],
  [
    1.368,
    0.0
  ],
  [
    1.383,
    0.0
  ],
  [
    1.4,
    0.0
  ],
  [
    1.41,
    0.0
  ],
  [
    1.427,
    0.0
  ],
  [
    1.445,
    0.0
  ],
  [
    1.461,
    0.0
  ],
  [
    1.476,
    0.0
  ],
  [
    1.511,
    0.0
  ],
  [
    1.524,
    0.0
  ],
  [
    1.547,
    0.0
  ],
  [
    1.559,
    0.0
  ],
  [
    1.577,
    0.0
  ],
  [
    1.594,
    0.0
  ],
  [
    1.61,
    0.0
  ],
  [
    1.625,
    0.0
  ],
  [
    1.643,
    0.0
  ],
  [
    1.66,
    0.0
  ],
  [
    1.676,
    0.0
  ],
  [
    1.691,
    0.0
  ],
  [
    1.707,
    0.0
  ],
  [
    1.722,
    0.0
  ],
  [
    1.756,
    0.0
  ],
  [
    1.767,
    0.0
  ],
  [
    1.784,
    0.0
  ],
  [
    1.799,
    0.0
  ],
  [
    1.817,
    0.0
  ],
  [
    1.833,
    0.0
  ],
  [
    1.847,
    0.0
  ],
  [
    1.864,
    0.0
  ],
  [
    1.88,
    0.0
  ],
  [
    1.914,
    0.0
  ],
  [
    1.923,
    0.0
  ],
  [
    1.955,
    0.0
  ],
  [
    1.97,
    0.0
  ],
  [
    1.983,
    0.0
  ],
  [
    1.998,
    0.0
  ],
  [
    2.014,
    0.0
  ],
  [
    2.031,
    0.0
  ],
  [
    2.047,
    0.0
  ],
  [
    2.082,
    0.0
  ],
  [
    2.09,
    0.0
  ],
  [
    2.106,
    0.0
  ],
  [
    2.147,
    0.0
  ],
  [
    2.17,
    0.0
  ],
  [
    2.177,
    0.0
  ],
  [
    2.208,
    0.0
  ],
  [
    2.218,
    0.0
  ],
  [
    2.234,
    0.0
  ],
  [
    2.262,
    0.0
  ],
  [
    2.279,
    0.0
  ],
  [
    2.294,
    0.0
  ],
  [
    2.317,
    0.0
  ],
  [
    2.331,
    0.0
  ],
  [
    2.346,
    0.0
  ],
  [
    2.378,
    0.0
  ],
  [
    2.406,
    0.0
  ],
  [
    2.415,
    0.0
  ],
  [
    2.43,
    0.0
  ],
  [
    2.447,
    0.0
  ],
  [
    2.487,
    0.0
  ],
  [
    2.519,
    0.0
  ],
  [
    2.54,
    0.0
  ],
  [
    2.553,
    0.0
  ],
  [
    2.565,
    0.0
  ],
  [
    2.583,
    0.0
  ],
  [
    2.597,
    0.0
  ],
  [
    2.632,
    0.0
  ],
  [
    2.644,
    0.0
  ],
  [
    2.664,
    0.0
  ],
  [
    2.691,
    0.0
  ],
  [
    2.709,
    0.0
  ],
  [
    2.728,
    0.0
  ],
  [
    2.749,
    0.0
  ],
  [
    2.769,
    0.0
  ],
  [
    2.788,
    0.0
  ],
  [
    2.813,
    0.0
  ],
  [
    2.83,
    0.0
  ],
  [
    2.851,
    0.0
  ],
  [
    2.877,
    0.0
  ],
  [
    2.894,
    0.0
  ],
  [
    2.907,
    0.0
  ],
  [
    2.929,
    0.0
  ],
  [
    2.944,
    0.0
  ],
  [
    2.964,
    0.0
  ],
  [
    2.983,
    0.0
  ],
  [
    3.0,
    0.0
  ],
  [
    3.019,
    0.0
  ],
  [
    3.044,
    0.0
  ],
  [
    3.054,
    0.0
  ],
  [
    3.071,
    0.0
  ],
  [
    3.087,
    0.0
  ],
  [
    3.118,
    0.0
  ],
  [
    3.13,
    0.0
  ],
  [
    3.151,
    0.0
  ],
  [
    3.17,
    0.0
  ],
  [
    3.185,
    0.0
  ],
  [
    3.202,
    0.0
  ],
  [
    3.221,
    0.0
  ],
  [
    3.242,
    0.0
  ],
  [
    3.263,
    0.0
  ],
  [
    3.28,
    0.0
  ],
  [
    3.297,
    0.0
  ],
  [
    3.311,
    0.0
  ],
  [
    3.328,
    0.0
  ],
  [
    3.342,
    0.0
  ],
  [
    3.359,
    0.0
  ],
  [
    3.376,
    0.0
  ],
  [
    3.391,
    0.0
  ],
  [
    3.405,
    0.0
  ],
  [
    3.445,
    0.0
  ],
  [
    3.452,
    0.0
  ],
  [
    3.471,
    0.0
  ],
  [
    3.489,
    0.0
  ],
  [
    3.52,
    0.0
  ],
  [
    3.531,
    0.0
  ],
  [
    3.567,
    0.0
  ],
  [
    3.578,
    0.0
  ],
  [
    3.609,
    0.0
  ],
  [
    3.619,
    0.0
  ],
  [
    3.65,
    0.0
  ],
  [
    3.662,
    0.0
  ],
  [
    3.679,
    0.0
  ],
  [
    3.71,
    0.0
  ],
  [
    3.721,
    0.0
  ],
  [
    3.755,
    0.0
  ],
  [
    3.763,
    0.0
  ],
  [
    3.777,
    0.0
  ],
  [
    3.805,
    0.0
  ],
  [
    3.817,
    0.0
  ],
  [
    3.85,
    0.0
  ],
  [
    3.858,
    0.0
  ],
  [
    3.875,
    0.0
  ],
  [
    3.905,
    0.0
  ],
  [
    3.915,
    0.0
  ],
  [
    3.951,
    0.0
  ],
  [
    3.959,
    0.0
  ],
  [
    3.976,
    0.0
  ],
  [
    3.991,
    0.0
  ],
  [
    4.023,
    0.0
  ],
  [
    4.034,
    0.0
  ],
  [
    4.065,
    0.0
  ],
  [
    4.075,
    0.0
  ],
  [
    4.099,
    0.0
  ],
  [
    4.11,
    0.0
  ],
  [
    4.141,
    0.0
  ],
  [
    4.155,
    0.0
  ],
  [
    4.184,
    0.0
  ],
  [
    4.197,
    0.0
  ],
  [
    4.213,
    0.0
  ],
  [
    4.227,
    0.0
  ],
  [
    4.256,
    0.0
  ],
  [
    4.266,
    0.0
  ],
  [
    4.297,
    0.0
  ],
  [
    4.307,
    0.0
  ],
  [
    4.339,
    0.0
  ],
  [
    4.351,
    0.0
  ],
  [
    4.379,
    0.0
  ],
  [
    4.396,
    0.0
  ],
  [
    4.415,
    0.0
  ],
  [
    4.442,
    0.0
  ],
  [
    4.462,
    0.0
  ],
  [
    4.469,
    0.0
  ],
  [
    4.484,
    0.0
  ],
  [
    4.5,
    0.0
  ],
  [
    4.517,
    0.0
  ],
  [
    4.554,
    0.0
  ],
  [
    4.563,
    0.0
  ],
  [
    4.584,
    0.0
  ],
  [
    4.602,
    0.0
  ],
  [
    4.618,
    0.0
  ],
  [
    4.636,
    0.0
  ],
  [
    4.652,
    0.0
  ],
  [
    4.688,
    0.0
  ],
  [
    4.696,
    0.0
  ],
  [
    4.73,
    0.0
  ],
  [
    4.739,
    0.0
  ],
  [
    4.756,
    0.0
  ],
  [
    4.77,
    0.0
  ],
  [
    4.787,
    0.0
  ],
  [
    4.819,
    0.0
  ],
  [
    4.847,
    0.0
  ],
  [
    4.857,
    0.0
  ],
  [
    4.874,
    0.0
  ],
  [
    4.891,
    0.0
  ],
  [
    4.924,
    0.0
  ],
  [
    4.935,
    0.0
  ],
  [
    4.95,
    0.0
  ],
  [
    4.967,
    0.0
  ],
  [
    4.997,
    0.0
  ],
  [
    5.012,
    0.0
  ],
  [
    5.026,
    0.0
  ],
  [
    5.061,
    0.0
  ],
  [
    5.071,
    0.0
  ],
  [
    5.086,
    0.0
  ],
  [
    5.117,
    0.0
  ],
  [
    5.131,
    0.0
  ],
  [
    5.145,
    0.0
  ],
  [
    5.161,
    0.0
  ],
  [
    5.178,
    0.0
  ],
  [
    5.196,
    0.0
  ],
  [
    5.209,
    0.0
  ],
  [
    5.223,
    0.0
  ],
  [
    5.253,
    0.0
  ],
  [
    5.266,
    0.0
  ],
  [
    5.283,
    0.0
  ],
  [
    5.299,
    0.0
  ],
  [
    5.314,
    0.0
  ],
  [
    5.335,
    0.0
  ],
  [
    5.348,
    0.0
  ],
  [
    5.379,
    0.0
  ],
  [
    5.39,
    0.0
  ],
  [
    5.421,
    0.0
  ],
  [
    5.436,
    0.0
  ],
  [
    5.447,
    0.0
  ],
  [
    5.478,
    0.0
  ],
  [
    5.485,
    0.0
  ],
  [
    5.513,
    0.0
  ],
  [
    5.526,
    0.0
  ],
  [
    5.538,
    0.0
  ],
  [
    5.552,
    0.0
  ],
  [
    5.583,
    0.0
  ],
  [
    5.592,
    0.0
  ],
  [
    5.608,
    0.0
  ],
  [
    5.622,
    0.0
  ],
  [
    5.652,
    0.0
  ],
  [
    5.66,
    0.0
  ],
  [
    5.69,
    0.0
  ],
  [
    5.701,
    0.0
  ],
  [
    5.73,
    0.0
  ],
  [
    5.738,
    0.0
  ],
  [
    5.765,
    0.0
  ],
  [
    5.776,
    0.0
  ],
  [
    5.803,
    0.0
  ],
  [
    5.811,
    0.0
  ],
  [
    5.84,
    0.0
  ],
  [
    5.854,
    0.0
  ],
  [
    5.884,
    0.0
  ],
  [
    5.893,
    0.0
  ],
  [
    5.908,
    0.0
  ],
  [
    5.938,
    0.0
  ],
  [
    5.953,
    0.0
  ],
  [
    5.967,
    0.0
  ],
  [
    5.996,
    0.0
  ],
  [
    6.004,
    0.0
  ],
  [
    6.028,
    0.0
  ],
  [
    6.042,
    0.0
  ],
  [
    6.057,
    0.0
  ],
  [
    6.085,
    0.0
  ],
  [
    6.095,
    0.0
  ],
  [
    6.122,
    0.0
  ],
  [
    6.136,
    0.0
  ],
  [
    6.147,
    0.0
  ],
  [
    6.181,
    0.0
  ],
  [
    6.192,
    0.0
  ],
  [
    6.218,
    0.0
  ],
  [
    6.226,
    0.0
  ],
  [
    6.242,
    0.0
  ],
  [
    6.266,
    0.0
  ],
  [
    6.278,
    0.0
  ],
  [
    6.306,
    0.0
  ],
  [
    6.319,
    0.0
  ],
  [
    6.328,
    0.0
  ],
  [
    6.356,
    0.0
  ],
  [
    6.367,
    0.0
  ],
  [
    6.382,
    0.0
  ],
  [
    6.408,
    0.0
  ],
  [
    6.418,
    0.0
  ],
  [
    6.448,
    0.0
  ],
  [
    6.458,
    0.0
  ],
  [
    6.491,
    0.0
  ],
  [
    6.5,
    0.0
  ],
  [
    6.514,
    0.0
  ],
  [
    6.543,
    0.0
  ],
  [
    6.554,
    0.0
  ],
  [
    6.579,
    0.0
  ],
  [
    6.594,
    0.0
  ],
  [
    6.622,
    0.0
  ],
  [
    6.632,
    0.0
  ],
  [
    6.66,
    0.0
  ],
  [
    6.671,
    0.0
  ],
  [
    6.685,
    0.0
  ],
  [
    6.713,
    0.0
  ],
  [
    6.723,
    0.0
  ],
  [
    6.75,
    0.0
  ],
  [
    6.765,
    0.0
  ],
  [
    6.775,
    0.0
  ],
  [
    6.803,
    0.0
  ],
  [
    6.814,
    0.0
  ],
  [
    6.826,
    0.0
  ],
  [
    6.858,
    0.0
  ],
  [
    6.879,
    0.0
  ],
  [
    6.889,
    0.0
  ],
  [
    6.92,
    0.0
  ],
  [
    6.942,
    0.0
  ],
  [
    6.965,
    0.0
  ],
  [
    6.974,
    0.0
  ],
  [
    7.003,
    0.0
  ],
  [
    7.013,
    0.0
  ],
  [
    7.028,
    0.0
  ],
  [
    7.044,
    0.0
  ],
  [
    7.069,
    0.0
  ],
  [
    7.084,
    0.0
  ],
  [
    7.098,
    0.0
  ],
  [
    7.126,
    0.0
  ],
  [
    7.137,
    0.0
  ],
  [
    7.162,
    0.0
  ],
  [
    7.184,
    0.0
  ],
  [
    7.198,
    0.0
  ],
  [
    7.212,
    0.0
  ],
  [
    7.239,
    0.0
  ],
  [
    7.249,
    0.0
  ],
  [
    7.261,
    0.0
  ],
  [
    7.277,
    0.0
  ],
  [
    7.299,
    0.0
  ],
  [
    7.314,
    0.0
  ],
  [
    7.343,
    0.0
  ],
  [
    7.354,
    0.0
  ],
  [
    7.383,
    0.0
  ],
  [
    7.395,
    0.0
  ],
  [
    7.422,
    0.0
  ],
  [
    7.432,
    0.0
  ],
  [
    7.458,
    0.0
  ],
  [
    7.467,
    0.0
  ],
  [
    7.494,
    0.0
  ],
  [
    7.503,
    0.0
  ],
  [
    7.528,
    0.0
  ],
  [
    7.538,
    0.0
  ],
  [
    7.553,
    0.0
  ],
  [
    7.58,
    0.0
  ],
  [
    7.595,
    0.0
  ],
  [
    7.607,
    0.0
  ],
  [
    7.636,
    0.0
  ],
  [
    7.646,
    0.0
  ],
  [
    7.674,
    0.0
  ],
  [
    7.68,
    0.0
  ],
  [
    7.711,
    0.0
  ],
  [
    7.718,
    0.0
  ],
  [
    7.734,
    0.0
  ],
  [
    7.746,
    0.0
  ],
  [
    7.771,
    0.0
  ],
  [
    7.797,
    0.0
  ],
  [
    7.805,
    0.0
  ],
  [
    7.836,
    0.0
  ],
  [
    7.841,
    0.0
  ],
  [
    7.87,
    0.0
  ],
  [
    7.881,
    0.0
  ],
  [
    7.896,
    0.0
  ],
  [
    7.922,
    0.0
  ],
  [
    7.937,
    0.0
  ],
  [
    7.947,
    0.0
  ],
  [
    7.976,
    0.0
  ],
  [
    7.987,
    0.0
  ],
  [
    8.014,
    0.0
  ],
  [
    8.022,
    0.0
  ],
  [
    8.05,
    0.0
  ],
  [
    8.058,
    0.0
  ],
  [
    8.083,
    0.0
  ],
  [
    8.095,
    0.0
  ],
  [
    8.108,
    0.0
  ],
  [
    8.134,
    0.0
  ],
  [
    8.153,
    0.0
  ],
  [
    8.167,
    0.0
  ],
  [
    8.178,
    0.0
  ],
  [
    8.208,
    0.0
  ],
  [
    8.216,
    0.0
  ],
  [
    8.231,
    0.0
  ],
  [
    8.258,
    0.0
  ],
  [
    8.266,
    0.0
  ],
  [
    8.292,
    0.0
  ],
  [
    8.303,
    0.0
  ],
  [
    8.33,
    0.0
  ],
  [
    8.338,
    0.0
  ],
  [
    8.363,
    0.0
  ],
  [
    8.387,
    0.0
  ],
  [
    8.397,
    0.0
  ],
  [
    8.424,
    0.0
  ],
  [
    8.436,
    0.0
  ],
  [
    8.448,
    0.0
  ],
  [
    8.472,
    0.0
  ],
  [
    8.485,
    0.0
  ],
  [
    8.511,
    0.0
  ],
  [
    8.52,
    0.0
  ],
  [
    8.547,
    0.0
  ],
  [
    8.557,
    0.0
  ],
  [
    8.575,
    0.0
  ],
  [
    8.603,
    0.0
  ],
  [
    8.616,
    0.0
  ],
  [
    8.628,
    0.0
  ],
  [
    8.654,
    0.0
  ],
  [
    8.663,
    0.0
  ],
  [
    8.691,
    0.0
  ],
  [
    8.698,
    0.0
  ],
  [
    8.715,
    0.0
  ],
  [
    8.742,
    0.0
  ],
  [
    8.763,
    0.0
  ],
  [
    8.773,
    0.0
  ],
  [
    8.797,
    0.0
  ],
  [
    8.809,
    0.0
  ],
  [
    8.837,
    0.0
  ],
  [
    8.843,
    0.0
  ],
  [
    8.871,
    0.0
  ],
  [
    8.878,
    0.0
  ],
  [
    8.905,
    0.0
  ],
  [
    8.913,
    0.0
  ],
  [
    8.941,
    0.0
  ],
  [
    8.947,
    0.0
  ],
  [
    8.975,
    0.0
  ],
  [
    8.986,
    0.0
  ],
  [
    9.013,
    0.0
  ],
  [
    9.021,
    0.0
  ],
  [
    9.049,
    0.0
  ],
  [
    9.057,
    0.0
  ],
  [
    9.084,
    0.0
  ],
  [
    9.092,
    0.0
  ],
  [
    9.123,
    0.0
  ],
  [
    9.129,
    0.0
  ],
  [
    9.157,
    0.0
  ],
  [
    9.165,
    0.0
  ],
  [
    9.193,
    0.0
  ],
  [
    9.198,
    0.0
  ],
  [
    9.226,
    0.0
  ],
  [
    9.233,
    0.0
  ],
  [
    9.257,
    0.0
  ],
  [
    9.266,
    0.0
  ],
  [
    9.293,
    0.0
  ],
  [
    9.303,
    0.0
  ],
  [
    9.331,
    0.0
  ],
  [
    9.337,
    0.0
  ],
  [
    9.366,
    0.0
  ],
  [
    9.375,
    0.0
  ],
  [
    9.403,
    0.0
  ],
  [
    9.411,
    0.0
  ],
  [
    9.44,
    0.0
  ],
  [
    9.449,
    0.0
  ],
  [
    9.477,
    0.0
  ],
  [
    9.482,
    0.0
  ],
  [
    9.499,
    0.0
  ],
  [
    9.528,
    0.0
  ],
  [
    9.539,
    0.0
  ],
  [
    9.567,
    0.0
  ],
  [
    9.574,
    0.0
  ],
  [
    9.601,
    0.0
  ],
  [
    9.611,
    0.0
  ],
  [
    9.639,
    0.0
  ],
  [
    9.65,
    0.0
  ],
  [
    9.676,
    0.0
  ],
  [
    9.686,
    0.0
  ],
  [
    9.708,
    0.0
  ],
  [
    9.72,
    0.0
  ],
  [
    9.745,
    0.0
  ],
  [
    9.756,
    0.0
  ],
  [
    9.769,
    0.0
  ],
  [
    9.793,
    0.0
  ],
  [
    9.803,
    0.0
  ],
  [
    9.831,
    0.0
  ],
  [
    9.838,
    0.0
  ],
  [
    9.862,
    0.0
  ],
  [
    9.871,
    0.0
  ],
  [
    9.896,
    0.0
  ],
  [
    9.904,
    0.0
  ],
  [
    9.92,
    0.0
  ],
  [
    9.945,
    0.0
  ],
  [
    9.955,
    0.0
  ],
  [
    9.983,
    0.0
  ],
  [
    9.992,
    0.0
  ],
  [
    10.006,
    0.0
  ],
  [
    10.022,
    0.0
  ],
  [
    10.05,
    0.0
  ],
  [
    10.058,
    0.0
  ],
  [
    10.086,
    0.0
  ],
  [
    10.093,
    0.0
  ],
  [
    10.113,
    0.0
  ],
  [
    10.128,
    0.0
  ],
  [
    10.147,
    0.0
  ],
  [
    10.159,
    0.0
  ],
  [
    10.182,
    0.0
  ],
  [
    10.203,
    0.0
  ],
  [
    10.215,
    0.0
  ],
  [
    10.241,
    0.0
  ],
  [
    10.257,
    0.0
  ],
  [
    10.266,
    0.0
  ],
  [
    10.292,
    0.0
  ],
  [
    10.299,
    0.0
  ],
  [
    10.327,
    0.0
  ],
  [
    10.337,
    0.0
  ],
  [
    10.351,
    0.0
  ],
  [
    10.377,
    0.0
  ],
  [
    10.386,
    0.0
  ],
  [
    10.41,
    0.0
  ],
  [
    10.422,
    0.0
  ],
  [
    10.436,
    0.0
  ],
  [
    10.461,
    0.0
  ],
  [
    10.471,
    0.0
  ],
  [
    10.498,
    0.0
  ],
  [
    10.508,
    0.0
  ],
  [
    10.536,
    0.0
  ],
  [
    10.546,
    0.0
  ],
  [
    10.569,
    0.0
  ],
  [
    10.58,
    0.0
  ],
  [
    10.596,
    0.0
  ],
  [
    10.625,
    0.0
  ],
  [
    10.648,
    0.0
  ],
  [
    10.659,
    0.0
  ],
  [
    10.687,
    0.0
  ],
  [
    10.697,
    0.0
  ],
  [
    10.724,
    0.0
  ],
  [
    10.734,
    0.0
  ],
  [
    10.761,
    0.0
  ],
  [
    10.768,
    0.0
  ],
  [
    10.792,
    0.0
  ],
  [
    10.803,
    0.0
  ],
  [
    10.829,
    0.0
  ],
  [
    10.841,
    0.0
  ],
  [
    10.866,
    0.0
  ],
  [
    10.872,
    0.0
  ],
  [
    10.894,
    0.0
  ],
  [
    10.908,
    0.0
  ],
  [
    10.922,
    0.0
  ],
  [
    10.943,
    0.0
  ],
  [
    10.969,
    0.0
  ],
  [
    10.976,
    0.0
  ],
  [
    11.002,
    0.0
  ],
  [
    11.01,
    0.0
  ],
  [
    11.023,
    0.0
  ],
  [
    11.041,
    0.0
  ],
  [
    11.067,
    0.0
  ],
  [
    11.075,
    0.0
  ],
  [
    11.105,
    0.0
  ],
  [
    11.116,
    0.0
  ],
  [
    11.144,
    0.0
  ],
  [
    11.154,
    0.0
  ],
  [
    11.18,
    0.0
  ],
  [
    11.192,
    0.0
  ],
  [
    11.21,
    0.0
  ],
  [
    11.223,
    0.0
  ],
  [
    11.253,
    0.0
  ],
  [
    11.26,
    0.0
  ],
  [
    11.281,
    0.0
  ],
  [
    11.296,
    0.0
  ],
  [
    11.323,
    0.0
  ],
  [
    11.337,
    0.0
  ],
  [
    11.346,
    0.0
  ],
  [
    11.368,
    0.0
  ],
  [
    11.382,
    0.0
  ],
  [
    11.407,
    0.0
  ],
  [
    11.414,
    0.0
  ],
  [
    11.442,
    0.0
  ],
  [
    11.454,
    0.0
  ],
  [
    11.478,
    0.0
  ],
  [
    11.486,
    0.0
  ],
  [
    11.512,
    0.0
  ],
  [
    11.522,
    0.0
  ],
  [
    11.552,
    0.0
  ],
  [
    11.56,
    0.0
  ],
  [
    11.586,
    0.0
  ],
  [
    11.595,
    0.0
  ],
  [
    11.62,
    0.0
  ],
  [
    11.635,
    0.0
  ],
  [
    11.646,
    0.0
  ],
  [
    11.663,
    0.0
  ],
  [
    11.684,
    0.0
  ],
  [
    11.707,
    0.0
  ],
  [
    11.723,
    0.0
  ],
  [
    11.731,
    0.0
  ],
  [
    11.764,
    0.0
  ],
  [
    11.772,
    0.0
  ],
  [
    11.786,
    0.0
  ],
  [
    11.812,
    0.0
  ],
  [
    11.818,
    0.0
  ],
  [
    11.844,
    0.0
  ],
  [
    11.86,
    0.0
  ],
  [
    11.889,
    0.0
  ],
  [
    11.899,
    0.0
  ],
  [
    11.928,
    0.0
  ],
  [
    11.936,
    0.0
  ],
  [
    11.952,
    0.0
  ],
  [
    11.98,
    0.0
  ],
  [
    11.994,
    0.0
  ],
  [
    12.005,
    0.0
  ],
  [
    12.019,
    0.0
  ],
  [
    12.047,
    0.0
  ],
  [
    12.06,
    0.0
  ],
  [
    12.077,
    0.0
  ],
  [
    12.088,
    0.0
  ],
  [
    12.116,
    0.0
  ],
  [
    12.125,
    0.0
  ],
  [
    12.154,
    0.0
  ],
  [
    12.166,
    0.0
  ],
  [
    12.194,
    0.0
  ],
  [
    12.203,
    0.0
  ],
  [
    12.218,
    0.0
  ],
  [
    12.254,
    0.0
  ],
  [
    12.261,
    0.0
  ],
  [
    12.289,
    0.0
  ],
  [
    12.297,
    0.0
  ],
  [
    12.326,
    0.0
  ],
  [
    12.336,
    0.0
  ],
  [
    12.364,
    0.0
  ],
  [
    12.409,
    0.0
  ],
  [
    12.42,
    0.0
  ],
  [
    12.444,
    -0.7053
  ],
  [
    12.458,
    -0.9752
  ],
  [
    12.486,
    -1.6699
  ],
  [
    12.498,
    -1.9828
  ],
  [
    12.528,
    -2.7036
  ],
  [
    12.535,
    -2.9903
  ],
  [
    12.566,
    -3.6664
  ],
  [
    12.574,
    -3.968
  ],
  [
    12.6,
    -4.5237
  ],
  [
    12.609,
    -4.7954
  ],
  [
    12.638,
    -5.5092
  ],
  [
    12.65,
    -5.7802
  ],
  [
    12.663,
    -6.1618
  ],
  [
    12.684,
    -6.4798
  ],
  [
    12.695,
    -6.9965
  ],
  [
    12.725,
    -7.6424
  ],
  [
    12.732,
    -7.937
  ],
  [
    12.757,
    -8.4485
  ],
  [
    12.767,
    -8.7299
  ],
  [
    12.794,
    -9.3759
  ],
  [
    12.804,
    -9.6593
  ],
  [
    12.831,
    -9.9935
  ],
  [
    12.837,
    -9.9935
  ],
  [
    12.858,
    -9.9943
  ],
  [
    12.883,
    -9.9862
  ],
  [
    12.894,
    -9.9773
  ],
  [
    12.916,
    -9.9616
  ],
  [
    12.944,
    -9.9554
  ],
  [
    12.953,
    -9.956
  ],
  [
    12.983,
    -9.9566
  ],
  [
    12.99,
    -9.9581
  ],
  [
    13.016,
    -9.9567
  ],
  [
    13.035,
    -9.9545
  ],
  [
    13.043,
    -9.9544
  ],
  [
    13.071,
    -9.9448
  ],
  [
    13.078,
    -9.9387
  ],
  [
    13.104,
    -9.9235
  ],
  [
    13.116,
    -9.9306
  ],
  [
    13.144,
    -9.9305
  ],
  [
    13.149,
    -9.9165
  ],
  [
    13.177,
    -9.9135
  ],
  [
    13.185,
    -9.9119
  ],
  [
    13.213,
    -9.9008
  ],
  [
    13.222,
    -9.9009
  ],
  [
    13.252,
    -9.9026
  ],
  [
    13.26,
    -9.9038
  ],
  [
    13.292,
    -9.9033
  ],
  [
    13.297,
    -9.9034
  ],
  [
    13.325,
    -9.9034
  ],
  [
    13.334,
    -9.9044
  ],
  [
    13.359,
    -9.9062
  ],
  [
    13.374,
    -9.9055
  ],
  [
    13.388,
    -9.9025
  ],
  [
    13.414,
    -9.9024
  ],
  [
    13.424,
    -9.8961
  ],
  [
    13.448,
    -9.8895
  ],
  [
    13.464,
    -9.8758
  ],
  [
    13.476,
    -9.8698
  ],
  [
    13.489,
    -9.8711
  ],
  [
    13.516,
    -9.8736
  ],
  [
    13.525,
    -9.8731
  ],
  [
    13.554,
    -9.8709
  ],
  [
    13.563,
    -9.8714
  ],
  [
    13.577,
    -9.8722
  ],
  [
    13.604,
    -9.8729
  ],
  [
    13.614,
    -9.8728
  ],
  [
    13.637,
    -9.8676
  ],
  [
    13.651,
    -9.863
  ],
  [
    13.679,
    -9.864
  ],
  [
    13.689,
    -9.8638
  ],
  [
    13.719,
    -9.8629
  ],
  [
    13.727,
    -9.8634
  ],
  [
    13.755,
    -9.8611
  ],
  [
    13.763,
    -9.8593
  ],
  [
    13.791,
    -9.8513
  ],
  [
    13.8,
    -9.8504
  ],
  [
    13.824,
    -9.8442
  ],
  [
    13.835,
    -9.842
  ],
  [
    13.861,
    -9.8398
  ],
  [
    13.871,
    -9.8394
  ],
  [
    13.897,
    -9.8356
  ],
  [
    13.905,
    -9.8356
  ],
  [
    13.931,
    -9.8277
  ],
  [
    13.938,
    -9.8227
  ],
  [
    13.967,
    -9.8217
  ],
  [
    13.975,
    -9.8217
  ],
  [
    13.989,
    -9.8204
  ],
  [
    14.017,
    -9.8209
  ],
  [
    14.027,
    -9.82
  ],
  [
    14.057,
    -9.8206
  ],
  [
    14.065,
    -9.8197
  ],
  [
    14.091,
    -9.8181
  ],
  [
    14.102,
    -9.8188
  ],
  [
    14.129,
    -9.8209
  ],
  [
    14.138,
    -9.8188
  ],
  [
    14.165,
    -9.817
  ],
  [
    14.172,
    -9.8137
  ],
  [
    14.195,
    -9.8086
  ],
  [
    14.207,
    -9.8072
  ],
  [
    14.234,
    -9.8036
  ],
  [
    14.241,
    -9.8027
  ],
  [
    14.27,
    -9.8015
  ],
  [
    14.287,
    -9.8011
  ],
  [
    14.297,
    -9.8005
  ],
  [
    14.318,
    -9.7948
  ],
  [
    14.331,
    -9.7941
  ],
  [
    14.359,
    -9.7967
  ],
  [
    14.368,
    -9.7967
  ],
  [
    14.399,
    -9.8
  ],
  [
    14.409,
    -9.7979
  ],
  [
    14.422,
    -9.7956
  ],
  [
    14.445,
    -9.7957
  ],
  [
    14.457,
    -9.7931
  ],
  [
    14.489,
    -9.79
  ],
  [
    14.496,
    -9.7917
  ],
  [
    14.51,
    -9.7936
  ],
  [
    14.535,
    -9.797
  ],
  [
    14.546,
    -9.7942
  ],
  [
    14.574,
    -9.7906
  ],
  [
    14.589,
    -9.7883
  ],
  [
    14.598,
    -9.7891
  ],
  [
    14.626,
    -9.788
  ],
  [
    14.636,
    -9.7875
  ],
  [
    14.65,
    -9.7868
  ],
  [
    14.677,
    -9.7869
  ],
  [
    14.687,
    -9.7846
  ],
  [
    14.714,
    -9.7828
  ],
  [
    14.722,
    -9.7808
  ],
  [
    14.752,
    -9.7772
  ],
  [
    14.761,
    -9.7778
  ],
  [
    14.788,
    -9.7767
  ],
  [
    14.799,
    -9.7746
  ],
  [
    14.826,
    -9.7751
  ],
  [
    14.849,
    -9.7753
  ],
  [
    14.858,
    -9.7734
  ],
  [
    14.89,
    -9.7734
  ],
  [
    14.899,
    -9.7749
  ],
  [
    14.926,
    -9.7725
  ],
  [
    14.935,
    -9.7714
  ],
  [
    14.965,
    -9.7683
  ],
  [
    14.975,
    -9.7683
  ],
  [
    14.989,
    -9.7676
  ],
  [
    15.018,
    -9.7696
  ],
  [
    15.025,
    -9.7687
  ],
  [
    15.053,
    -9.766
  ],
  [
    15.062,
    -9.7646
  ],
  [
    15.088,
    -9.7643
  ],
  [
    15.096,
    -9.763
  ],
  [
    15.124,
    -9.7577
  ],
  [
    15.134,
    -9.7579
  ],
  [
    15.147,
    -9.7578
  ],
  [
    15.176,
    -9.7582
  ],
  [
    15.187,
    -9.759
  ],
  [
    15.213,
    -9.7598
  ],
  [
    15.222,
    -9.7598
  ],
  [
    15.251,
    -9.7557
  ],
  [
    15.262,
    -9.7556
  ],
  [
    15.275,
    -9.7564
  ],
  [
    15.304,
    -9.7574
  ],
  [
    15.31,
    -9.7566
  ],
  [
    15.333,
    -9.7533
  ],
  [
    15.355,
    -9.7542
  ],
  [
    15.367,
    -9.756
  ],
  [
    15.395,
    -9.7552
  ],
  [
    15.405,
    -9.7536
  ],
  [
    15.435,
    -9.7556
  ],
  [
    15.443,
    -9.7554
  ],
  [
    15.47,
    -9.7537
  ],
  [
    15.479,
    -9.7526
  ],
  [
    15.508,
    -9.7501
  ],
  [
    15.516,
    -9.7499
  ],
  [
    15.544,
    -9.7495
  ],
  [
    15.555,
    -9.7493
  ],
  [
    15.58,
    -9.749
  ],
  [
    15.593,
    -9.7485
  ],
  [
    15.605,
    -9.7492
  ],
  [
    15.643,
    -9.749
  ],
  [
    15.656,
    -9.7519
  ],
  [
    15.673,
    -9.7542
  ],
  [
    15.689,
    -9.7579
  ],
  [
    15.704,
    -9.7622
  ],
  [
    15.733,
    -9.7655
  ],
  [
    15.743,
    -9.7639
  ],
  [
    15.77,
    -9.7617
  ],
  [
    15.779,
    -9.7594
  ],
  [
    15.807,
    -9.7553
  ],
  [
    15.821,
    -9.7543
  ],
  [
    15.842,
    -9.7535
  ],
  [
    15.849,
    -9.7527
  ],
  [
    15.866,
    -9.7514
  ],
  [
    15.89,
    -9.7511
  ],
  [
    15.899,
    -9.7507
  ],
  [
    15.914,
    -9.7525
  ],
  [
    15.94,
    -9.754
  ],
  [
    15.951,
    -9.7521
  ],
  [
    15.967,
    -9.7515
  ],
  [
    15.998,
    -9.7547
  ],
  [
    16.008,
    -9.7557
  ],
  [
    16.032,
    -9.7556
  ],
  [
    16.044,
    -9.7539
  ],
  [
    16.07,
    -9.7505
  ],
  [
    16.094,
    -9.7474
  ],
  [
    16.103,
    -9.7482
  ],
  [
    16.117,
    -9.7484
  ],
  [
    16.145,
    -9.7495
  ],
  [
    16.155,
    -9.7488
  ],
  [
    16.187,
    -9.749
  ],
  [
    16.197,
    -9.7507
  ],
  [
    16.214,
    -9.7519
  ],
  [
    16.226,
    -9.7527
  ],
  [
    16.249,
    -9.7511
  ],
  [
    16.261,
    -9.7477
  ],
  [
    16.29,
    -9.7471
  ],
  [
    16.298,
    -9.7468
  ],
  [
    16.328,
    -9.7437
  ],
  [
    16.337,
    -9.7439
  ],
  [
    16.351,
    -9.7431
  ],
  [
    16.377,
    -9.7446
  ],
  [
    16.389,
    -9.7416
  ],
  [
    16.401,
    -9.7402
  ],
  [
    16.432,
    -9.7425
  ],
  [
    16.452,
    -9.7432
  ],
  [
    16.464,
    -9.7409
  ],
  [
    16.491,
    -9.7411
  ],
  [
    16.499,
    -9.7407
  ],
  [
    16.529,
    -9.7373
  ],
  [
    16.536,
    -9.7372
  ],
  [
    16.561,
    -9.7363
  ],
  [
    16.57,
    -9.7371
  ],
  [
    16.585,
    -9.7392
  ],
  [
    16.609,
    -9.7405
  ],
  [
    16.63,
    -9.7366
  ],
  [
    16.64,
    -9.7367
  ],
  [
    16.673,
    -9.7382
  ],
  [
    16.695,
    -9.7393
  ],
  [
    16.703,
    -9.7392
  ],
  [
    16.73,
    -9.7362
  ],
  [
    16.737,
    -9.7361
  ],
  [
    16.766,
    -9.7407
  ],
  [
    16.776,
    -9.7411
  ],
  [
    16.789,
    -9.7385
  ],
  [
    16.817,
    -9.7397
  ],
  [
    16.825,
    -9.7388
  ],
  [
    16.853,
    -9.7381
  ],
  [
    16.861,
    -9.7379
  ],
  [
    16.888,
    -9.7355
  ],
  [
    16.895,
    -9.7352
  ],
  [
    16.926,
    -9.7318
  ],
  [
    16.934,
    -9.733
  ],
  [
    16.947,
    -9.7329
  ],
  [
    16.974,
    -9.7343
  ],
  [
    16.985,
    -9.7331
  ],
  [
    17.011,
    -9.7355
  ],
  [
    17.017,
    -9.7348
  ],
  [
    17.068,
    -9.7354
  ],
  [
    17.079,
    -9.7415
  ],
  [
    17.097,
    -9.744
  ],
  [
    17.142,
    -9.7519
  ],
  [
    17.168,
    -9.7529
  ],
  [
    17.175,
    -9.7531
  ],
  [
    17.2,
    -9.7488
  ],
  [
    17.209,
    -9.7484
  ],
  [
    17.237,
    -9.7485
  ],
  [
    17.265,
    -9.7502
  ],
  [
    17.273,
    -9.7566
  ],
  [
    17.287,
    -9.7561
  ],
  [
    17.32,
    -9.7537
  ],
  [
    17.331,
    -9.7553
  ],
  [
    17.347,
    -9.7569
  ],
  [
    17.374,
    -9.7566
  ],
  [
    17.384,
    -9.7538
  ],
  [
    17.41,
    -9.7492
  ],
  [
    17.42,
    -9.7467
  ],
  [
    17.443,
    -9.7468
  ],
  [
    17.458,
    -9.7478
  ],
  [
    17.471,
    -9.7525
  ],
  [
    17.485,
    -9.7547
  ],
  [
    17.506,
    -9.7531
  ],
  [
    17.518,
    -9.7491
  ],
  [
    17.547,
    -9.7443
  ],
  [
    17.554,
    -9.7437
  ],
  [
    17.579,
    -9.7454
  ],
  [
    17.589,
    -9.7427
  ],
  [
    17.618,
    -9.741
  ],
  [
    17.626,
    -9.741
  ],
  [
    17.656,
    -9.7396
  ],
  [
    17.683,
    -9.74
  ],
  [
    17.708,
    -9.7394
  ],
  [
    17.715,
    -9.7405
  ],
  [
    17.746,
    -9.737
  ],
  [
    17.755,
    -9.7375
  ],
  [
    17.78,
    -9.7397
  ],
  [
    17.79,
    -9.739
  ],
  [
    17.818,
    -9.7414
  ],
  [
    17.829,
    -9.7412
  ],
  [
    17.857,
    -9.7394
  ],
  [
    17.866,
    -9.7384
  ],
  [
    17.893,
    -9.7383
  ],
  [
    17.901,
    -9.7368
  ],
  [
    17.917,
    -9.7356
  ],
  [
    17.944,
    -9.738
  ],
  [
    17.955,
    -9.7372
  ],
  [
    17.98,
    -9.7385
  ],
  [
    17.996,
    -9.7385
  ],
  [
    18.004,
    -9.7419
  ],
  [
    18.019,
    -9.7431
  ],
  [
    18.048,
    -9.7446
  ],
  [
    18.057,
    -9.7442
  ],
  [
    18.084,
    -9.7426
  ],
  [
    18.094,
    -9.742
  ],
  [
    18.121,
    -9.7453
  ],
  [
    18.13,
    -9.7441
  ],
  [
    18.16,
    -9.7418
  ],
  [
    18.17,
    -9.7419
  ],
  [
    18.197,
    -9.7407
  ],
  [
    18.207,
    -9.7402
  ],
  [
    18.232,
    -9.7385
  ],
  [
    18.241,
    -9.7396
  ],
  [
    18.254,
    -9.7415
  ],
  [
    18.283,
    -9.7406
  ],
  [
    18.292,
    -9.7404
  ],
  [
    18.305,
    -9.7382
  ],
  [
    18.333,
    -9.739
  ],
  [
    18.342,
    -9.7384
  ],
  [
    18.373,
    -9.7372
  ],
  [
    18.383,
    -9.7374
  ],
  [
    18.412,
    -9.74
  ],
  [
    18.42,
    -9.7398
  ],
  [
    18.45,
    -9.7396
  ],
  [
    18.458,
    -9.7391
  ],
  [
    18.474,
    -9.7384
  ],
  [
    18.5,
    -9.7412
  ],
  [
    18.508,
    -9.74
  ],
  [
    18.538,
    -9.7353
  ],
  [
    18.548,
    -9.7363
  ],
  [
    18.562,
    -9.7366
  ],
  [
    18.589,
    -9.7388
  ],
  [
    18.599,
    -9.7385
  ],
  [
    18.625,
    -9.7372
  ],
  [
    18.635,
    -9.7371
  ],
  [
    18.649,
    -9.736
  ],
  [
    18.677,
    -9.7364
  ],
  [
    18.685,
    -9.7352
  ],
  [
    18.714,
    -9.7341
  ],
  [
    18.721,
    -9.7339
  ],
  [
    18.734,
    -9.7327
  ],
  [
    18.764,
    -9.7335
  ],
  [
    18.772,
    -9.7342
  ],
  [
    18.798,
    -9.734
  ],
  [
    18.822,
    -9.7306
  ],
  [
    18.832,
    -9.7302
  ],
  [
    18.86,
    -9.7322
  ],
  [
    18.87,
    -9.7314
  ],
  [
    18.897,
    -9.732
  ],
  [
    18.905,
    -9.7317
  ],
  [
    18.93,
    -9.7342
  ],
  [
    18.938,
    -9.7331
  ],
  [
    18.969,
    -9.7303
  ],
  [
    18.975,
    -9.7319
  ],
  [
    19.006,
    -9.7351
  ],
  [
    19.017,
    -9.7365
  ],
  [
    19.043,
    -9.7379
  ],
  [
    19.053,
    -9.7365
  ],
  [
    19.076,
    -9.7357
  ],
  [
    19.09,
    -9.7358
  ],
  [
    19.104,
    -9.738
  ],
  [
    19.131,
    -9.74
  ],
  [
    19.138,
    -9.7388
  ],
  [
    19.166,
    -9.7345
  ],
  [
    19.18,
    -9.7357
  ],
  [
    19.206,
    -9.7372
  ],
  [
    19.216,
    -9.7362
  ],
  [
    19.251,
    -9.7349
  ],
  [
    19.265,
    -9.7414
  ],
  [
    19.28,
    -9.743
  ],
  [
    19.294,
    -9.7429
  ],
  [
    19.333,
    -9.7466
  ],
  [
    19.345,
    -9.7486
  ],
  [
    19.362,
    -9.753
  ],
  [
    19.379,
    -9.7582
  ],
  [
    19.393,
    -9.7612
  ],
  [
    19.42,
    -9.7621
  ],
  [
    19.429,
    -9.7621
  ],
  [
    19.462,
    -9.7625
  ],
  [
    19.475,
    -9.764
  ],
  [
    19.491,
    -9.7636
  ],
  [
    19.506,
    -9.761
  ],
  [
    19.52,
    -9.7627
  ],
  [
    19.545,
    -9.761
  ],
  [
    19.554,
    -9.7568
  ],
  [
    19.581,
    -9.752
  ],
  [
    19.587,
    -9.7512
  ],
  [
    19.614,
    -9.7557
  ],
  [
    19.621,
    -9.7522
  ],
  [
    19.649,
    -9.7458
  ],
  [
    19.657,
    -9.7444
  ],
  [
    19.686,
    -9.7413
  ],
  [
    19.698,
    -9.7418
  ],
  [
    19.726,
    -9.7425
  ],
  [
    19.737,
    -9.7414
  ],
  [
    19.752,
    -9.7412
  ],
  [
    19.791,
    0.0
  ],
  [
    19.799,
    -0.791
  ],
  [
    19.828,
    -3.2546
  ],
  [
    19.838,
    -4.3661
  ],
  [
    19.855,
    -5.7017
  ],
  [
    19.881,
    -8.5504
  ],
  [
    19.888,
    -9.6474
  ],
  [
    19.915,
    -12.0338
  ],
  [
    19.924,
    -13.1153
  ],
  [
    19.952,
    -15.6795
  ],
  [
    19.962,
    -16.8411
  ],
  [
    19.991,
    -19.5767
  ],
  [
    20.0,
    -20.633
  ],
  [
    20.027,
    -23.1109
  ],
  [
    20.035,
    -24.2947
  ],
  [
    20.057,
    -26.6385
  ],
  [
    20.084,
    -28.9165
  ],
  [
    20.094,
    -29.9234
  ],
  [
    20.109,
    -31.3441
  ],
  [
    20.136,
    -34.2761
  ],
  [
    20.143,
    -35.2106
  ],
  [
    20.17,
    -37.4874
  ],
  [
    20.181,
    -38.677
  ],
  [
    20.192,
    -39.989
  ],
  [
    20.217,
    -40.0
  ],
  [
    20.226,
    -40.0
  ],
  [
    20.253,
    -40.0
  ],
  [
    20.261,
    -40.0
  ],
  [
    20.29,
    -40.0
  ],
  [
    20.301,
    -40.0
  ],
  [
    20.328,
    -40.0
  ],
  [
    20.337,
    -40.0
  ],
  [
    20.364,
    -40.0
  ],
  [
    20.373,
    -40.0
  ],
  [
    20.387,
    -40.0
  ],
  [
    20.414,
    -40.0
  ],
  [
    20.425,
    -40.0
  ],
  [
    20.448,
    -40.0
  ],
  [
    20.459,
    -40.0
  ],
  [
    20.488,
    -40.0
  ],
  [
    20.502,
    -40.0
  ],
  [
    20.524,
    -40.0
  ],
  [
    20.532,
    -40.0
  ],
  [
    20.563,
    -40.0
  ],
  [
    20.568,
    -40.0
  ],
  [
    20.595,
    -40.0
  ],
  [
    20.606,
    -40.0
  ],
  [
    20.62,
    -40.0
  ],
  [
    20.647,
    -40.0
  ],
  [
    20.656,
    -40.0
  ],
  [
    20.685,
    -40.0
  ],
  [
    20.698,
    -40.0
  ],
  [
    20.715,
    -40.0
  ],
  [
    20.729,
    -40.0
  ],
  [
    20.745,
    -40.0
  ],
  [
    20.771,
    -40.0
  ],
  [
    20.783,
    -40.0
  ],
  [
    20.797,
    -40.0
  ],
  [
    20.813,
    -40.0
  ],
  [
    20.84,
    -38.0
  ],
  [
    20.857,
    -36.0
  ],
  [
    20.866,
    -34.0
  ],
  [
    20.894,
    -32.0
  ],
  [
    20.905,
    -30.0
  ],
  [
    20.931,
    -28.0
  ],
  [
    20.943,
    -26.0
  ],
  [
    20.969,
    -24.0
  ],
  [
    20.977,
    -22.0
  ],
  [
    21.007,
    -20.0
  ],
  [
    21.016,
    -18.0
  ],
  [
    21.042,
    -16.0
  ],
  [
    21.056,
    -14.0
  ],
  [
    21.068,
    -12.0
  ],
  [
    21.092,
    -10.0
  ],
  [
    21.103,
    -8.0
  ],
  [
    21.131,
    -6.0
  ],
  [
    21.144,
    -4.0
  ],
  [
    21.156,
    -2.0
  ],
  [
    21.186,
    0.0
  ],
  [
    21.193,
    1.1109
  ],
  [
    21.221,
    3.6033
  ],
  [
    21.228,
    4.5695
  ],
  [
    21.263,
    6.9557
  ],
  [
    21.273,
    8.1412
  ],
  [
    21.3,
    10.5064
  ],
  [
    21.317,
    11.459
  ],
  [
    21.327,
    12.6933
  ],
  [
    21.352,
    14.738
  ],
  [
    21.362,
    15.5333
  ],
  [
    21.385,
    17.068
  ],
  [
    21.396,
    17.8668
  ],
  [
    21.408,
    18.7
  ],
  [
    21.435,
    20.5662
  ],
  [
    21.446,
    21.237
  ],
  [
    21.46,
    22.008
  ],
  [
    21.491,
    23.7987
  ],
  [
    21.501,
    24.6822
  ],
  [
    21.514,
    25.6364
  ],
  [
    21.544,
    27.2656
  ],
  [
    21.554,
    28.0353
  ],
  [
    21.581,
    29.5188
  ],
  [
    21.588,
    29.767
  ],
  [
    21.616,
    29.7582
  ],
  [
    21.625,
    29.7566
  ],
  [
    21.653,
    29.7371
  ],
  [
    21.663,
    29.7386
  ],
  [
    21.692,
    29.7427
  ],
  [
    21.701,
    29.7291
  ],
  [
    21.729,
    29.7035
  ],
  [
    21.741,
    29.7007
  ],
  [
    21.756,
    29.6904
  ],
  [
    21.787,
    29.6827
  ],
  [
    21.796,
    29.6565
  ],
  [
    21.829,
    29.6515
  ],
  [
    21.837,
    29.6459
  ],
  [
    21.865,
    29.6219
  ],
  [
    21.874,
    29.6224
  ],
  [
    21.893,
    29.6222
  ],
  [
    21.92,
    29.6262
  ],
  [
    21.931,
    29.6273
  ],
  [
    21.961,
    29.6283
  ],
  [
    21.97,
    29.6231
  ],
  [
    21.984,
    29.6128
  ],
  [
    22.014,
    29.6157
  ],
  [
    22.024,
    29.5977
  ],
  [
    22.053,
    29.5992
  ],
  [
    22.072,
    29.5921
  ],
  [
    22.083,
    29.5822
  ],
  [
    22.096,
    29.5844
  ],
  [
    22.125,
    29.5873
  ],
  [
    22.135,
    29.5855
  ],
  [
    22.162,
    29.5519
  ],
  [
    22.17,
    29.5504
  ],
  [
    22.196,
    29.5425
  ],
  [
    22.207,
    29.543
  ],
  [
    22.22,
    29.5382
  ],
  [
    22.245,
    29.5392
  ],
  [
    22.265,
    29.5387
  ],
  [
    22.277,
    29.5366
  ],
  [
    22.288,
    29.5367
  ],
  [
    22.316,
    29.5088
  ],
  [
    22.327,
    29.4929
  ],
  [
    22.353,
    29.476
  ],
  [
    22.362,
    29.4761
  ],
  [
    22.389,
    29.4738
  ],
  [
    22.399,
    29.4728
  ],
  [
    22.427,
    29.4755
  ],
  [
    22.448,
    29.4679
  ],
  [
    22.468,
    29.4655
  ],
  [
    22.477,
    29.4687
  ],
  [
    22.504,
    29.4409
  ],
  [
    22.514,
    29.4244
  ],
  [
    22.541,
    29.4261
  ],
  [
    22.551,
    29.4243
  ],
  [
    22.577,
    29.4269
  ],
  [
    22.59,
    29.4251
  ],
  [
    22.614,
    29.4253
  ],
  [
    22.637,
    29.4217
  ],
  [
    22.656,
    29.4144
  ],
  [
    22.664,
    29.4127
  ],
  [
    22.701,
    29.4151
  ],
  [
    22.711,
    29.4182
  ],
  [
    22.743,
    29.4271
  ],
  [
    22.754,
    29.429
  ],
  [
    22.783,
    29.4271
  ],
  [
    22.791,
    29.4218
  ],
  [
    22.816,
    29.4188
  ],
  [
    22.822,
    29.4166
  ],
  [
    22.851,
    29.4201
  ],
  [
    22.862,
    29.4198
  ],
  [
    22.888,
    29.4122
  ],
  [
    22.897,
    29.4065
  ],
  [
    22.924,
    29.4038
  ],
  [
    22.933,
    29.4014
  ],
  [
    22.958,
    29.3927
  ],
  [
    22.986,
    29.3867
  ],
  [
    22.994,
    29.388
  ],
  [
    23.022,
    29.3862
  ],
  [
    23.031,
    29.386
  ],
  [
    23.056,
    29.3869
  ],
  [
    23.068,
    29.3866
  ],
  [
    23.096,
    29.388
  ],
  [
    23.105,
    29.3885
  ],
  [
    23.121,
    29.3889
  ],
  [
    23.151,
    29.396
  ],
  [
    23.162,
    29.3962
  ],
  [
    23.175,
    29.3965
  ],
  [
    23.202,
    29.4017
  ],
  [
    23.214,
    29.4027
  ],
  [
    23.243,
    29.4105
  ],
  [
    23.254,
    29.4122
  ],
  [
    23.27,
    29.4129
  ],
  [
    23.285,
    29.4189
  ],
  [
    23.311,
    29.429
  ],
  [
    23.323,
    29.4318
  ],
  [
    23.349,
    29.4373
  ],
  [
    23.357,
    29.4394
  ],
  [
    23.372,
    29.4413
  ],
  [
    23.4,
    29.447
  ],
  [
    23.407,
    29.4483
  ],
  [
    23.432,
    29.4497
  ],
  [
    23.441,
    29.4498
  ],
  [
    23.473,
    29.4541
  ],
  [
    23.482,
    29.4592
  ],
  [
    23.511,
    29.4654
  ],
  [
    23.521,
    29.4687
  ],
  [
    23.546,
    29.4776
  ],
  [
    23.556,
    29.4806
  ],
  [
    23.573,
    29.4832
  ],
  [
    23.601,
    29.4924
  ],
  [
    23.607,
    29.4952
  ],
  [
    23.632,
    29.4968
  ],
  [
    23.644,
    29.4973
  ],
  [
    23.671,
    29.504
  ],
  [
    23.68,
    29.5072
  ],
  [
    23.708,
    29.5147
  ],
  [
    23.721,
    29.5192
  ],
  [
    23.734,
    29.5237
  ],
  [
    23.749,
    29.5282
  ],
  [
    23.775,
    29.5364
  ],
  [
    23.79,
    29.5395
  ],
  [
    23.814,
    29.5445
  ],
  [
    23.824,
    29.5486
  ],
  [
    23.853,
    29.5562
  ],
  [
    23.863,
    29.5594
  ],
  [
    23.889,
    29.5653
  ],
  [
    23.901,
    29.5671
  ],
  [
    23.927,
    29.5747
  ],
  [
    23.935,
    29.5763
  ],
  [
    23.957,
    29.5842
  ],
  [
    23.985,
    29.5905
  ],
  [
    23.997,
    29.5937
  ],
  [
    24.009,
    29.5968
  ],
  [
    24.038,
    29.6043
  ],
  [
    24.05,
    29.607
  ],
  [
    24.061,
    29.6093
  ],
  [
    24.09,
    29.6132
  ],
  [
    24.098,
    29.616
  ],
  [
    24.114,
    29.6187
  ],
  [
    24.141,
    29.6257
  ],
  [
    24.151,
    29.628
  ],
  [
    24.177,
    29.6347
  ],
  [
    24.186,
    29.6355
  ],
  [
    24.214,
    29.6403
  ],
  [
    24.224,
    29.6443
  ],
  [
    24.251,
    29.6489
  ],
  [
    24.261,
    29.65
  ],
  [
    24.288,
    29.6556
  ],
  [
    24.299,
    29.6577
  ],
  [
    24.325,
    29.6613
  ],
  [
    24.333,
    29.6646
  ],
  [
    24.36,
    29.6691
  ],
  [
    24.37,
    29.671
  ],
  [
    24.397,
    29.794
  ],
  [
    24.408,
    29.7942
  ],
  [
    24.436,
    29.7942
  ],
  [
    24.461,
    29.7942
  ],
  [
    24.47,
    29.7942
  ],
  [
    24.499,
    29.7942
  ],
  [
    24.509,
    29.7942
  ],
  [
    24.538,
    29.7942
  ],
  [
    24.546,
    29.7942
  ],
  [
    24.574,
    29.7942
  ],
  [
    24.581,
    29.7942
  ],
  [
    24.609,
    29.7942
  ],
  [
    24.617,
    29.7942
  ],
  [
    24.646,
    29.7942
  ],
  [
    24.656,
    29.7942
  ],
  [
    24.67,
    29.7942
  ],
  [
    24.697,
    29.7942
  ],
  [
    24.705,
    29.7942
  ],
  [
    24.733,
    29.7942
  ],
  [
    24.758,
    29.7942
  ],
  [
    24.769,
    29.7942
  ],
  [
    24.783,
    29.7942
  ],
  [
    24.81,
    29.7942
  ],
  [
    24.818,
    29.7942
  ],
  [
    24.846,
    29.7942
  ],
  [
    24.856,
    29.7942
  ],
  [
    24.884,
    29.7942
  ],
  [
    24.892,
    29.7942
  ],
  [
    24.908,
    29.7942
  ],
  [
    24.936,
    29.7942
  ],
  [
    24.944,
    29.7942
  ],
  [
    24.969,
    29.7942
  ],
  [
    24.982,
    29.7942
  ],
  [
    25.013,
    29.7942
  ],
  [
    25.021,
    29.7942
  ],
  [
    25.048,
    29.7942
  ],
  [
    25.057,
    29.7942
  ],
  [
    25.071,
    29.7942
  ],
  [
    25.098,
    29.7942
  ],
  [
    25.105,
    29.7942
  ],
  [
    25.135,
    29.7942
  ],
  [
    25.146,
    29.7942
  ],
  [
    25.16,
    29.7942
  ],
  [
    25.192,
    29.7942
  ],
  [
    25.199,
    29.7942
  ],
  [
    25.222,
    29.7942
  ],
  [
    25.233,
    29.7942
  ],
  [
    25.247,
    29.7942
  ],
  [
    25.274,
    29.7942
  ],
  [
    25.285,
    29.7942
  ],
  [
    25.312,
    29.7942
  ],
  [
    25.326,
    29.7942
  ],
  [
    25.347,
    29.7942
  ],
  [
    25.356,
    29.7942
  ],
  [
    25.371,
    29.7942
  ],
  [
    25.397,
    29.7943
  ],
  [
    25.407,
    28.6049
  ],
  [
    25.435,
    25.4603
  ],
  [
    25.443,
    23.9303
  ],
  [
    25.472,
    20.5722
  ],
  [
    25.488,
    18.8143
  ],
  [
    25.507,
    15.0342
  ],
  [
    25.518,
    13.5837
  ],
  [
    25.534,
    11.7025
  ],
  [
    25.564,
    6.9084
  ],
  [
    25.572,
    4.797
  ],
  [
    25.598,
    -0.3598
  ],
  [
    25.615,
    -1.458
  ],
  [
    25.623,
    -2.8591
  ],
  [
    25.661,
    -5.5404
  ],
  [
    25.67,
    -7.5295
  ],
  [
    25.685,
    -8.7339
  ],
  [
    25.717,
    -11.6579
  ],
  [
    25.727,
    -13.0285
  ],
  [
    25.741,
    -14.3994
  ],
  [
    25.773,
    -17.3507
  ],
  [
    25.796,
    -19.8464
  ],
  [
    25.805,
    -20.9744
  ],
  [
    25.833,
    -23.5175
  ],
  [
    25.844,
    -24.731
  ],
  [
    25.871,
    -27.3577
  ],
  [
    25.884,
    -28.5924
  ],
  [
    25.895,
    -30.0124
  ],
  [
    25.911,
    -31.215
  ],
  [
    25.939,
    -34.0533
  ],
  [
    25.949,
    -35.213
  ],
  [
    25.976,
    -37.9558
  ],
  [
    25.984,
    -39.1222
  ],
  [
    26.011,
    -40.0
  ],
  [
    26.02,
    -40.0
  ],
  [
    26.053,
    -40.0
  ],
  [
    26.061,
    -40.0
  ],
  [
    26.09,
    -40.0
  ],
  [
    26.097,
    -40.0
  ],
  [
    26.128,
    -40.0
  ],
  [
    26.138,
    -40.0
  ],
  [
    26.152,
    -40.0
  ],
  [
    26.179,
    -40.0
  ],
  [
    26.187,
    -40.0
  ],
  [
    26.218,
    -40.0
  ],
  [
    26.241,
    -40.0
  ],
  [
    26.25,
    -40.0
  ],
  [
    26.28,
    -40.0
  ],
  [
    26.288,
    -40.0
  ],
  [
    26.315,
    -40.0
  ],
  [
    26.322,
    -40.0
  ],
  [
    26.352,
    -40.0
  ],
  [
    26.361,
    -40.0
  ],
  [
    26.375,
    -40.0
  ],
  [
    26.404,
    -39.9995
  ],
  [
    26.413,
    -39.9979
  ],
  [
    26.46,
    -39.9965
  ],
  [
    26.472,
    -39.9616
  ],
  [
    26.485,
    -39.98
  ],
  [
    26.501,
    -39.9769
  ],
  [
    26.52,
    -39.9682
  ],
  [
    26.538,
    -39.962
  ],
  [
    26.553,
    -39.9663
  ],
  [
    26.584,
    -39.9771
  ],
  [
    26.592,
    -39.9858
  ],
  [
    26.618,
    -39.9889
  ],
  [
    26.625,
    -39.9868
  ],
  [
    26.664,
    -39.987
  ],
  [
    26.673,
    -39.9728
  ],
  [
    26.707,
    -39.9703
  ],
  [
    26.715,
    -39.9717
  ],
  [
    26.728,
    -39.9754
  ],
  [
    26.756,
    -39.9667
  ],
  [
    26.77,
    -39.9739
  ],
  [
    26.78,
    -39.9706
  ],
  [
    26.807,
    -39.9686
  ],
  [
    26.817,
    -39.9668
  ],
  [
    26.844,
    -39.9647
  ],
  [
    26.855,
    -39.962
  ],
  [
    26.878,
    -39.9596
  ],
  [
    26.901,
    -39.9536
  ],
  [
    26.914,
    -39.9452
  ],
  [
    26.939,
    -39.9466
  ],
  [
    26.952,
    -39.9561
  ],
  [
    26.978,
    -39.9384
  ],
  [
    26.985,
    -39.925
  ],
  [
    27.014,
    -39.9389
  ],
  [
    27.024,
    -39.9483
  ],
  [
    27.051,
    -39.9424
  ],
  [
    27.066,
    -39.9492
  ],
  [
    27.078,
    -39.9465
  ],
  [
    27.1,
    -39.9334
  ],
  [
    27.114,
    -39.9078
  ],
  [
    27.147,
    -39.9078
  ],
  [
    27.163,
    -39.8709
  ],
  [
    27.171,
    -39.8804
  ],
  [
    27.196,
    -39.8769
  ],
  [
    27.209,
    -39.8791
  ],
  [
    27.221,
    -39.8603
  ],
  [
    27.246,
    -39.8694
  ],
  [
    27.254,
    -39.8812
  ],
  [
    27.283,
    -39.879
  ],
  [
    27.293,
    -39.8795
  ],
  [
    27.323,
    -39.8768
  ],
  [
    27.33,
    -39.8696
  ],
  [
    27.359,
    -39.8588
  ],
  [
    27.369,
    -39.8548
  ],
  [
    27.396,
    -39.86
  ],
  [
    27.419,
    -39.8551
  ],
  [
    27.427,
    -39.856
  ],
  [
    27.45,
    -39.8475
  ],
  [
    27.463,
    -39.847
  ],
  [
    27.492,
    -39.8454
  ],
  [
    27.503,
    -39.8462
  ],
  [
    27.53,
    -39.8444
  ],
  [
    27.541,
    -39.8419
  ],
  [
    27.556,
    -39.8339
  ],
  [
    27.583,
    -39.8316
  ],
  [
    27.594,
    -39.8267
  ],
  [
    27.606,
    -39.8117
  ],
  [
    27.629,
    -39.8225
  ],
  [
    27.657,
    -39.8213
  ],
  [
    27.679,
    -39.8279
  ],
  [
    27.687,
    -39.8267
  ],
  [
    27.717,
    -39.8229
  ],
  [
    27.726,
    -39.8283
  ],
  [
    27.755,
    -39.8276
  ],
  [
    27.764,
    -39.8258
  ],
  [
    27.794,
    -39.8196
  ],
  [
    27.808,
    -39.8207
  ],
  [
    27.816,
    -39.8192
  ],
  [
    27.848,
    -39.8225
  ],
  [
    27.866,
    -39.8217
  ],
  [
    27.876,
    -39.8051
  ],
  [
    27.891,
    -39.7995
  ],
  [
    27.905,
    -39.7877
  ],
  [
    27.922,
    -39.7928
  ],
  [
    27.942,
    -39.7903
  ],
  [
    27.959,
    -39.7903
  ],
  [
    27.982,
    -39.8027
  ],
  [
    28.002,
    -39.8587
  ],
  [
    28.013,
    -39.8622
  ],
  [
    28.025,
    -39.8655
  ],
  [
    28.056,
    -39.8593
  ],
  [
    28.067,
    -39.8585
  ],
  [
    28.096,
    -39.8603
  ],
  [
    28.104,
    -39.8567
  ],
  [
    28.132,
    -39.8538
  ],
  [
    28.143,
    -39.854
  ],
  [
    28.159,
    -39.8617
  ],
  [
    28.174,
    -39.8665
  ],
  [
    28.191,
    -39.8728
  ],
  [
    28.221,
    -39.8785
  ],
  [
    28.234,
    -39.8713
  ],
  [
    28.245,
    -39.8749
  ],
  [
    28.261,
    -39.8832
  ],
  [
    28.278,
    -39.8868
  ],
  [
    28.311,
    -34.001
  ],
  [
    28.321,
    -30.9013
  ],
  [
    28.338,
    -28.0885
  ],
  [
    28.354,
    -24.6486
  ],
  [
    28.368,
    -21.4036
  ],
  [
    28.385,
    -18.6051
  ],
  [
    28.414,
    -12.6317
  ],
  [
    28.426,
    -10.1577
  ],
  [
    28.441,
    -7.0954
  ],
  [
    28.456,
    -4.4748
  ],
  [
    28.475,
    -1.1826
  ],
  [
    28.49,
    0.0
  ],
  [
    28.506,
    0.0
  ],
  [
    28.521,
    0.0
  ],
  [
    28.553,
    0.0
  ],
  [
    28.565,
    0.0
  ],
  [
    28.578,
    0.0
  ],
  [
    28.61,
    0.0
  ],
  [
    28.623,
    0.0
  ],
  [
    28.642,
    0.0
  ],
  [
    28.654,
    0.0
  ],
  [
    28.666,
    0.0
  ],
  [
    28.698,
    0.0
  ],
  [
    28.71,
    0.0
  ],
  [
    28.725,
    0.0
  ],
  [
    28.754,
    0.0
  ],
  [
    28.77,
    0.0
  ],
  [
    28.78,
    0.0
  ],
  [
    28.808,
    0.0
  ],
  [
    28.824,
    0.0
  ],
  [
    28.834,
    0.0
  ],
  [
    28.86,
    0.0
  ],
  [
    28.877,
    0.0
  ],
  [
    28.886,
    0.0
  ],
  [
    28.91,
    0.0
  ],
  [
    28.922,
    0.0
  ],
  [
    28.947,
    0.0
  ],
  [
    28.958,
    0.0
  ],
  [
    28.972,
    0.0
  ],
  [
    29.001,
    0.0
  ],
  [
    29.011,
    0.0
  ],
  [
    29.027,
    0.0
  ],
  [
    29.054,
    0.0
  ],
  [
    29.064,
    0.0
  ],
  [
    29.09,
    0.0
  ],
  [
    29.098,
    0.0
  ],
  [
    29.112,
    0.0
  ],
  [
    29.139,
    0.0
  ],
  [
    29.152,
    0.0
  ],
  [
    29.18,
    0.0
  ],
  [
    29.189,
    0.0
  ],
  [
    29.205,
    0.0
  ],
  [
    29.23,
    0.0
  ],
  [
    29.239,
    0.0
  ],
  [
    29.263,
    0.0
  ],
  [
    29.291,
    0.0
  ],
  [
    29.302,
    0.0
  ],
  [
    29.315,
    0.0
  ],
  [
    29.344,
    0.0
  ],
  [
    29.353,
    0.0
  ],
  [
    29.378,
    0.0
  ],
  [
    29.388,
    0.0
  ],
  [
    29.415,
    0.0
  ],
  [
    29.427,
    0.0
  ],
  [
    29.448,
    0.0
  ],
  [
    29.464,
    0.0
  ],
  [
    29.472,
    0.0
  ],
  [
    29.503,
    0.0
  ],
  [
    29.512,
    0.0
  ],
  [
    29.542,
    0.0
  ],
  [
    29.548,
    0.0
  ],
  [
    29.575,
    0.0
  ],
  [
    29.587,
    0.0
  ],
  [
    29.617,
    0.0
  ],
  [
    29.638,
    0.0
  ],
  [
    29.645,
    0.0
  ],
  [
    29.672,
    0.0
  ],
  [
    29.678,
    0.0
  ],
  [
    29.694,
    0.0
  ],
  [
    29.722,
    0.0
  ],
  [
    29.729,
    0.0
  ],
  [
    29.756,
    0.0
  ],
  [
    29.766,
    0.0
  ],
  [
    29.795,
    0.0
  ],
  [
    29.804,
    0.0
  ],
  [
    29.818,
    0.0
  ],
  [
    29.845,
    0.0
  ],
  [
    29.854,
    0.0
  ],
  [
    29.885,
    0.0
  ],
  [
    29.892,
    0.0
  ],
  [
    29.922,
    0.0
  ],
  [
    29.929,
    0.0
  ],
  [
    29.957,
    0.0
  ],
  [
    29.965,
    0.0
  ],
  [
    29.99,
    0.0
  ],
  [
    30.002,
    0.0
  ],
  [
    30.015,
    0.0
  ],
  [
    30.055,
    0.0
  ],
  [
    30.075,
    0.0
  ],
  [
    30.088,
    0.0
  ],
  [
    30.109,
    0.0
  ],
  [
    30.119,
    0.0
  ],
  [
    30.137,
    0.0
  ],
  [
    30.155,
    0.0
  ],
  [
    30.184,
    0.0
  ],
  [
    30.201,
    0.0
  ],
  [
    30.222,
    0.0
  ],
  [
    30.248,
    0.0
  ],
  [
    30.266,
    0.0
  ],
  [
    30.287,
    0.0
  ],
  [
    30.3,
    0.0
  ],
  [
    30.324,
    0.0
  ],
  [
    30.339,
    0.0
  ],
  [
    30.349,
    0.0
  ],
  [
    30.366,
    0.0
  ],
  [
    30.391,
    0.0
  ],
  [
    30.402,
    0.0
  ],
  [
    30.428,
    0.0
  ],
  [
    30.435,
    0.0
  ],
  [
    30.454,
    0.0
  ],
  [
    30.478,
    0.0
  ],
  [
    30.487,
    0.0
  ],
  [
    30.502,
    0.0
  ],
  [
    30.531,
    0.0
  ],
  [
    30.543,
    0.0
  ],
  [
    30.557,
    0.0
  ],
  [
    30.586,
    0.0
  ],
  [
    30.595,
    0.0
  ],
  [
    30.61,
    0.0
  ],
  [
    30.64,
    0.0
  ],
  [
    30.65,
    0.0
  ],
  [
    30.675,
    0.0
  ],
  [
    30.686,
    0.0
  ],
  [
    30.715,
    0.0
  ],
  [
    30.726,
    0.0
  ],
  [
    30.737,
    0.0
  ],
  [
    30.752,
    0.0
  ],
  [
    30.778,
    0.0
  ],
  [
    30.789,
    0.0
  ],
  [
    30.82,
    0.0
  ],
  [
    30.829,
    0.0
  ],
  [
    30.861,
    0.0
  ],
  [
    30.869,
    0.0
  ],
  [
    30.896,
    0.0
  ],
  [
    30.905,
    0.0
  ],
  [
    30.918,
    0.0
  ],
  [
    30.948,
    0.0
  ],
  [
    30.958,
    0.0
  ],
  [
    30.969,
    0.0
  ],
  [
    30.994,
    0.0
  ],
  [
    31.007,
    0.0
  ],
  [
    31.023,
    0.0
  ],
  [
    31.054,
    0.0
  ],
  [
    31.063,
    0.0
  ],
  [
    31.079,
    0.0
  ],
  [
    31.111,
    0.0
  ],
  [
    31.122,
    0.0
  ],
  [
    31.151,
    0.0
  ],
  [
    31.162,
    0.0
  ],
  [
    31.179,
    0.0
  ],
  [
    31.212,
    0.0
  ],
  [
    31.223,
    0.0
  ],
  [
    31.236,
    0.0
  ],
  [
    31.253,
    0.0
  ],
  [
    31.285,
    0.0
  ],
  [
    31.296,
    0.0
  ],
  [
    31.31,
    0.0
  ],
  [
    31.343,
    0.0
  ],
  [
    31.356,
    0.0
  ],
  [
    31.37,
    0.0
  ],
  [
    31.385,
    0.0
  ],
  [
    31.418,
    0.0
  ],
  [
    31.433,
    0.0
  ],
  [
    31.446,
    0.0
  ],
  [
    31.462,
    0.0
  ],
  [
    31.477,
    0.0
  ],
  [
    31.493,
    0.0
  ],
  [
    31.527,
    0.0
  ],
  [
    31.542,
    0.0
  ],
  [
    31.557,
    0.0
  ],
  [
    31.577,
    0.0
  ],
  [
    31.596,
    0.0
  ],
  [
    31.605,
    0.0
  ],
  [
    31.638,
    0.0
  ],
  [
    31.651,
    0.0
  ],
  [
    31.667,
    0.0
  ],
  [
    31.68,
    0.0
  ],
  [
    31.695,
    0.0
  ],
  [
    31.709,
    0.0
  ],
  [
    31.742,
    0.0
  ],
  [
    31.754,
    0.0
  ],
  [
    31.77,
    0.0
  ],
  [
    31.787,
    0.0
  ],
  [
    31.818,
    0.0
  ],
  [
    31.833,
    0.0
  ],
  [
    31.853,
    0.0
  ],
  [
    31.868,
    0.0
  ],
  [
    31.883,
    0.0
  ],
  [
    31.916,
    0.0
  ],
  [
    31.927,
    0.0
  ],
  [
    31.943,
    0.0
  ],
  [
    31.976,
    0.0
  ],
  [
    31.987,
    0.0
  ],
  [
    31.998,
    0.0
  ],
  [
    32.017,
    0.0
  ],
  [
    32.05,
    0.0
  ],
  [
    32.062,
    0.0
  ],
  [
    32.078,
    0.0
  ],
  [
    32.092,
    0.0
  ],
  [
    32.124,
    0.0
  ],
  [
    32.133,
    0.0
  ],
  [
    32.15,
    0.0
  ],
  [
    32.164,
    0.0
  ],
  [
    32.179,
    0.0
  ],
  [
    32.195,
    0.0
  ],
  [
    32.225,
    0.0
  ],
  [
    32.235,
    0.0
  ],
  [
    32.268,
    0.0
  ],
  [
    32.28,
    0.0
  ],
  [
    32.305,
    0.0
  ],
  [
    32.319,
    0.0
  ],
  [
    32.346,
    0.0
  ],
  [
    32.356,
    0.0
  ],
  [
    32.369,
    0.0
  ],
  [
    32.386,
    0.0
  ],
  [
    32.403,
    0.0
  ],
  [
    32.419,
    0.0
  ],
  [
    32.466,
    0.0
  ],
  [
    32.478,
    0.0
  ],
  [
    32.493,
    0.0
  ],
  [
    32.509,
    0.0
  ],
  [
    32.524,
    0.0
  ],
  [
    32.54,
    0.0
  ],
  [
    32.572,
    0.0
  ],
  [
    32.581,
    0.0
  ],
  [
    32.596,
    0.0
  ],
  [
    32.612,
    0.0
  ],
  [
    32.641,
    0.0
  ],
  [
    32.652,
    0.0
  ],
  [
    32.673,
    0.0
  ],
  [
    32.691,
    0.0
  ],
  [
    32.704,
    0.0
  ],
  [
    32.716,
    0.0
  ],
  [
    32.745,
    0.0
  ],
  [
    32.753,
    0.0
  ],
  [
    32.766,
    0.0
  ],
  [
    32.803,
    0.0
  ],
  [
    32.819,
    0.0
  ],
  [
    32.84,
    0.0
  ],
  [
    32.864,
    0.0
  ],
  [
    32.873,
    0.0
  ],
  [
    32.891,
    0.0
  ],
  [
    32.905,
    0.0
  ],
  [
    32.92,
    0.0
  ],
  [
    32.949,
    0.0
  ],
  [
    32.965,
    0.0
  ],
  [
    32.977,
    0.0
  ],
  [
    33.006,
    0.0
  ],
  [
    33.021,
    0.0
  ],
  [
    33.031,
    0.0
  ],
  [
    33.048,
    0.0
  ],
  [
    33.063,
    0.0
  ],
  [
    33.081,
    0.0
  ],
  [
    33.105,
    0.0
  ],
  [
    33.119,
    0.0
  ],
  [
    33.133,
    0.0
  ],
  [
    33.16,
    0.0
  ],
  [
    33.174,
    0.0
  ],
  [
    33.189,
    0.0
  ],
  [
    33.214,
    0.0
  ],
  [
    33.222,
    0.0
  ],
  [
    33.249,
    0.0
  ],
  [
    33.256,
    0.0
  ],
  [
    33.283,
    0.0
  ],
  [
    33.298,
    0.0
  ],
  [
    33.318,
    0.0
  ],
  [
    33.331,
    0.0
  ],
  [
    33.347,
    0.0
  ],
  [
    33.361,
    0.0
  ],
  [
    33.387,
    0.0
  ],
  [
    33.394,
    0.0
  ]
]