# Steering Wheel Angle Log (Actual Physical Angle)
# Start time : 2026-06-13 11:59:40
# End time   : 2026-06-13 12:00:17
# Total time : 37.4 seconds
# Points     : 2097
# Format     : [[elapsed_seconds, wheel_angle_degrees], ...]
[
  [
    0.231,
    0.0
  ],
  [
    0.242,
    0.0
  ],
  [
    0.272,
    0.0
  ],
  [
    0.291,
    0.0
  ],
  [
    0.309,
    0.0
  ],
  [
    0.322,
    0.0
  ],
  [
    0.333,
    0.0
  ],
  [
    0.348,
    0.0
  ],
  [
    0.374,
    0.0
  ],
  [
    0.387,
    0.0
  ],
  [
    0.412,
    0.0
  ],
  [
    0.425,
    0.0
  ],
  [
    0.436,
    0.0
  ],
  [
    0.451,
    0.0
  ],
  [
    0.479,
    0.0
  ],
  [
    0.486,
    0.0
  ],
  [
    0.499,
    0.0
  ],
  [
    0.515,
    0.0
  ],
  [
    0.542,
    0.0
  ],
  [
    0.553,
    0.0
  ],
  [
    0.58,
    0.0
  ],
  [
    0.59,
    0.0
  ],
  [
    0.604,
    0.0
  ],
  [
    0.634,
    0.0
  ],
  [
    0.658,
    0.0
  ],
  [
    0.677,
    0.0
  ],
  [
    0.696,
    0.0
  ],
  [
    0.714,
    0.0
  ],
  [
    0.729,
    0.0
  ],
  [
    0.748,
    0.0
  ],
  [
    0.767,
    0.0
  ],
  [
    0.79,
    0.0
  ],
  [
    0.807,
    0.0
  ],
  [
    0.817,
    0.0
  ],
  [
    0.831,
    0.0
  ],
  [
    0.864,
    0.0
  ],
  [
    0.876,
    0.0
  ],
  [
    0.89,
    0.0
  ],
  [
    0.903,
    0.0
  ],
  [
    0.918,
    0.0
  ],
  [
    0.944,
    0.0
  ],
  [
    0.955,
    0.0
  ],
  [
    0.98,
    0.0
  ],
  [
    0.99,
    0.0
  ],
  [
    1.004,
    0.0
  ],
  [
    1.032,
    0.0
  ],
  [
    1.046,
    0.0
  ],
  [
    1.058,
    0.0
  ],
  [
    1.087,
    0.0
  ],
  [
    1.094,
    0.0
  ],
  [
    1.11,
    0.0
  ],
  [
    1.134,
    0.0
  ],
  [
    1.144,
    0.0
  ],
  [
    1.157,
    0.0
  ],
  [
    1.182,
    0.0
  ],
  [
    1.193,
    0.0
  ],
  [
    1.217,
    0.0
  ],
  [
    1.232,
    0.0
  ],
  [
    1.244,
    0.0
  ],
  [
    1.261,
    0.0
  ],
  [
    1.288,
    0.0
  ],
  [
    1.314,
    0.0
  ],
  [
    1.323,
    0.0
  ],
  [
    1.349,
    0.0
  ],
  [
    1.363,
    0.0
  ],
  [
    1.376,
    0.0
  ],
  [
    1.391,
    0.0
  ],
  [
    1.42,
    0.0
  ],
  [
    1.431,
    0.0
  ],
  [
    1.446,
    0.0
  ],
  [
    1.46,
    0.0
  ],
  [
    1.492,
    0.0
  ],
  [
    1.502,
    0.0
  ],
  [
    1.518,
    0.0
  ],
  [
    1.534,
    0.0
  ],
  [
    1.553,
    0.0
  ],
  [
    1.568,
    0.0
  ],
  [
    1.582,
    0.0
  ],
  [
    1.596,
    0.0
  ],
  [
    1.633,
    0.0
  ],
  [
    1.643,
    0.0
  ],
  [
    1.66,
    0.0
  ],
  [
    1.674,
    0.0
  ],
  [
    1.699,
    0.0
  ],
  [
    1.717,
    0.0
  ],
  [
    1.73,
    0.0
  ],
  [
    1.746,
    0.0
  ],
  [
    1.761,
    0.0
  ],
  [
    1.792,
    0.0
  ],
  [
    1.802,
    0.0
  ],
  [
    1.816,
    0.0
  ],
  [
    1.833,
    0.0
  ],
  [
    1.859,
    0.0
  ],
  [
    1.873,
    0.0
  ],
  [
    1.887,
    0.0
  ],
  [
    1.914,
    0.0
  ],
  [
    1.928,
    0.0
  ],
  [
    1.94,
    0.0
  ],
  [
    1.954,
    0.0
  ],
  [
    1.986,
    0.0
  ],
  [
    1.996,
    0.0
  ],
  [
    2.027,
    0.0
  ],
  [
    2.038,
    0.0
  ],
  [
    2.052,
    0.0
  ],
  [
    2.08,
    0.0
  ],
  [
    2.093,
    0.0
  ],
  [
    2.109,
    0.0
  ],
  [
    2.138,
    0.0
  ],
  [
    2.148,
    0.0
  ],
  [
    2.162,
    0.0
  ],
  [
    2.194,
    0.0
  ],
  [
    2.201,
    0.0
  ],
  [
    2.232,
    0.0
  ],
  [
    2.243,
    0.0
  ],
  [
    2.257,
    0.0
  ],
  [
    2.273,
    0.0
  ],
  [
    2.298,
    0.0
  ],
  [
    2.311,
    0.0
  ],
  [
    2.325,
    0.0
  ],
  [
    2.353,
    0.0
  ],
  [
    2.366,
    0.0
  ],
  [
    2.382,
    0.0
  ],
  [
    2.395,
    0.0
  ],
  [
    2.409,
    0.0
  ],
  [
    2.424,
    0.0
  ],
  [
    2.441,
    0.0
  ],
  [
    2.469,
    0.0
  ],
  [
    2.481,
    0.0
  ],
  [
    2.494,
    0.0
  ],
  [
    2.52,
    0.0
  ],
  [
    2.537,
    0.0
  ],
  [
    2.552,
    0.0
  ],
  [
    2.565,
    0.0
  ],
  [
    2.58,
    0.0
  ],
  [
    2.606,
    0.0
  ],
  [
    2.617,
    0.0
  ],
  [
    2.639,
    0.0
  ],
  [
    2.652,
    0.0
  ],
  [
    2.665,
    0.0
  ],
  [
    2.679,
    0.0
  ],
  [
    2.706,
    0.0
  ],
  [
    2.728,
    0.0
  ],
  [
    2.74,
    0.0
  ],
  [
    2.757,
    0.0
  ],
  [
    2.769,
    0.0
  ],
  [
    2.799,
    0.0
  ],
  [
    2.808,
    0.0
  ],
  [
    2.823,
    0.0
  ],
  [
    2.854,
    0.0
  ],
  [
    2.864,
    0.0
  ],
  [
    2.89,
    0.0
  ],
  [
    2.901,
    0.0
  ],
  [
    2.914,
    0.0
  ],
  [
    2.943,
    0.0
  ],
  [
    2.952,
    0.0
  ],
  [
    2.964,
    0.0
  ],
  [
    2.993,
    0.0
  ],
  [
    3.003,
    0.0
  ],
  [
    3.017,
    0.0
  ],
  [
    3.032,
    0.0
  ],
  [
    3.063,
    0.0
  ],
  [
    3.073,
    0.0
  ],
  [
    3.088,
    0.0
  ],
  [
    3.113,
    0.0
  ],
  [
    3.126,
    0.0
  ],
  [
    3.138,
    0.0
  ],
  [
    3.165,
    0.0
  ],
  [
    3.176,
    0.0
  ],
  [
    3.191,
    0.0
  ],
  [
    3.214,
    0.0
  ],
  [
    3.227,
    0.0
  ],
  [
    3.253,
    0.0
  ],
  [
    3.265,
    0.0
  ],
  [
    3.29,
    0.0
  ],
  [
    3.302,
    0.0
  ],
  [
    3.317,
    0.0
  ],
  [
    3.341,
    0.0
  ],
  [
    3.351,
    0.0
  ],
  [
    3.382,
    0.0
  ],
  [
    3.393,
    0.0
  ],
  [
    3.417,
    0.0
  ],
  [
    3.428,
    0.0
  ],
  [
    3.443,
    0.0
  ],
  [
    3.469,
    0.0
  ],
  [
    3.48,
    0.0
  ],
  [
    3.492,
    0.0
  ],
  [
    3.517,
    0.0
  ],
  [
    3.531,
    0.0
  ],
  [
    3.544,
    0.0
  ],
  [
    3.56,
    0.0
  ],
  [
    3.586,
    0.0
  ],
  [
    3.597,
    0.0
  ],
  [
    3.624,
    0.0
  ],
  [
    3.644,
    0.0
  ],
  [
    3.656,
    0.0
  ],
  [
    3.668,
    0.0
  ],
  [
    3.697,
    0.0
  ],
  [
    3.705,
    0.0
  ],
  [
    3.733,
    0.0
  ],
  [
    3.741,
    0.0
  ],
  [
    3.757,
    0.0
  ],
  [
    3.781,
    0.0
  ],
  [
    3.794,
    0.0
  ],
  [
    3.823,
    0.0
  ],
  [
    3.851,
    0.0
  ],
  [
    3.864,
    0.0
  ],
  [
    3.877,
    0.0
  ],
  [
    3.896,
    0.0
  ],
  [
    3.911,
    0.0
  ],
  [
    3.927,
    0.0
  ],
  [
    3.96,
    0.0
  ],
  [
    3.967,
    0.0
  ],
  [
    3.981,
    0.0
  ],
  [
    4.005,
    0.0
  ],
  [
    4.019,
    0.0
  ],
  [
    4.052,
    0.0
  ],
  [
    4.06,
    0.0
  ],
  [
    4.088,
    0.0
  ],
  [
    4.097,
    0.0
  ],
  [
    4.121,
    0.0
  ],
  [
    4.132,
    0.0
  ],
  [
    4.158,
    0.0
  ],
  [
    4.167,
    0.0
  ],
  [
    4.196,
    0.0
  ],
  [
    4.207,
    0.0
  ],
  [
    4.22,
    0.0
  ],
  [
    4.248,
    0.0
  ],
  [
    4.262,
    0.0
  ],
  [
    4.277,
    0.0
  ],
  [
    4.294,
    0.0
  ],
  [
    4.31,
    0.0
  ],
  [
    4.339,
    0.0
  ],
  [
    4.346,
    0.0
  ],
  [
    4.362,
    0.0
  ],
  [
    4.387,
    0.0
  ],
  [
    4.406,
    0.0
  ],
  [
    4.417,
    0.0
  ],
  [
    4.443,
    0.0
  ],
  [
    4.452,
    0.0
  ],
  [
    4.476,
    0.0
  ],
  [
    4.489,
    0.0
  ],
  [
    4.515,
    0.0
  ],
  [
    4.524,
    0.0
  ],
  [
    4.55,
    0.0
  ],
  [
    4.568,
    0.0
  ],
  [
    4.579,
    0.0
  ],
  [
    4.614,
    0.0
  ],
  [
    4.628,
    0.0
  ],
  [
    4.663,
    0.0
  ],
  [
    4.671,
    0.0
  ],
  [
    4.69,
    0.0
  ],
  [
    4.706,
    0.0
  ],
  [
    4.725,
    0.0
  ],
  [
    4.74,
    0.0
  ],
  [
    4.761,
    0.0
  ],
  [
    4.78,
    0.0
  ],
  [
    4.797,
    0.0
  ],
  [
    4.82,
    0.0
  ],
  [
    4.833,
    0.0
  ],
  [
    4.858,
    0.0
  ],
  [
    4.878,
    0.0
  ],
  [
    4.9,
    0.0
  ],
  [
    4.922,
    0.0
  ],
  [
    4.939,
    0.0
  ],
  [
    4.955,
    0.0
  ],
  [
    4.969,
    0.0
  ],
  [
    4.982,
    0.0
  ],
  [
    5.007,
    0.0
  ],
  [
    5.018,
    0.0
  ],
  [
    5.044,
    0.0
  ],
  [
    5.054,
    0.0
  ],
  [
    5.08,
    0.0
  ],
  [
    5.091,
    0.0
  ],
  [
    5.114,
    0.0
  ],
  [
    5.123,
    0.0
  ],
  [
    5.151,
    0.0
  ],
  [
    5.159,
    0.0
  ],
  [
    5.184,
    0.0
  ],
  [
    5.196,
    0.0
  ],
  [
    5.208,
    0.0
  ],
  [
    5.235,
    0.0
  ],
  [
    5.253,
    0.0
  ],
  [
    5.265,
    0.0
  ],
  [
    5.278,
    0.0
  ],
  [
    5.306,
    0.0
  ],
  [
    5.317,
    0.0
  ],
  [
    5.347,
    0.0
  ],
  [
    5.358,
    0.0
  ],
  [
    5.386,
    0.0
  ],
  [
    5.404,
    0.0
  ],
  [
    5.417,
    0.0
  ],
  [
    5.435,
    0.0
  ],
  [
    5.464,
    0.0
  ],
  [
    5.482,
    0.0
  ],
  [
    5.494,
    0.0
  ],
  [
    5.511,
    0.0
  ],
  [
    5.526,
    0.0
  ],
  [
    5.558,
    0.0
  ],
  [
    5.568,
    0.0
  ],
  [
    5.581,
    0.0
  ],
  [
    5.597,
    0.0
  ],
  [
    5.623,
    0.0
  ],
  [
    5.631,
    0.0
  ],
  [
    5.652,
    0.0
  ],
  [
    5.666,
    0.0
  ],
  [
    5.682,
    0.0
  ],
  [
    5.707,
    0.0
  ],
  [
    5.719,
    0.0
  ],
  [
    5.744,
    0.0
  ],
  [
    5.754,
    0.0
  ],
  [
    5.787,
    0.0
  ],
  [
    5.795,
    0.0
  ],
  [
    5.82,
    0.0
  ],
  [
    5.827,
    0.0
  ],
  [
    5.855,
    0.0
  ],
  [
    5.862,
    0.0
  ],
  [
    5.893,
    0.0
  ],
  [
    5.901,
    0.0
  ],
  [
    5.927,
    0.0
  ],
  [
    5.94,
    0.0
  ],
  [
    5.964,
    0.0
  ],
  [
    5.972,
    0.0
  ],
  [
    5.989,
    0.0
  ],
  [
    6.012,
    0.0
  ],
  [
    6.024,
    0.0
  ],
  [
    6.055,
    0.0
  ],
  [
    6.066,
    0.0
  ],
  [
    6.079,
    0.0
  ],
  [
    6.116,
    0.0
  ],
  [
    6.127,
    0.0
  ],
  [
    6.142,
    0.0
  ],
  [
    6.159,
    0.0
  ],
  [
    6.174,
    0.0
  ],
  [
    6.195,
    0.0
  ],
  [
    6.216,
    0.0
  ],
  [
    6.234,
    0.0
  ],
  [
    6.256,
    0.0
  ],
  [
    6.274,
    0.0
  ],
  [
    6.292,
    0.0
  ],
  [
    6.311,
    0.0
  ],
  [
    6.331,
    0.0
  ],
  [
    6.344,
    0.0
  ],
  [
    6.359,
    0.0
  ],
  [
    6.378,
    0.0
  ],
  [
    6.397,
    0.0
  ],
  [
    6.414,
    0.0
  ],
  [
    6.432,
    0.0
  ],
  [
    6.449,
    0.0
  ],
  [
    6.474,
    0.0
  ],
  [
    6.492,
    0.0
  ],
  [
    6.508,
    0.0
  ],
  [
    6.524,
    0.0
  ],
  [
    6.544,
    0.0
  ],
  [
    6.557,
    0.0
  ],
  [
    6.58,
    0.0
  ],
  [
    6.592,
    0.0
  ],
  [
    6.611,
    0.0
  ],
  [
    6.627,
    0.0
  ],
  [
    6.651,
    0.0
  ],
  [
    6.669,
    0.0
  ],
  [
    6.687,
    0.0
  ],
  [
    6.704,
    0.0
  ],
  [
    6.723,
    0.0
  ],
  [
    6.738,
    0.0
  ],
  [
    6.757,
    0.0
  ],
  [
    6.777,
    0.0
  ],
  [
    6.805,
    0.0
  ],
  [
    6.825,
    0.0
  ],
  [
    6.842,
    0.0
  ],
  [
    6.859,
    0.0
  ],
  [
    6.878,
    0.0
  ],
  [
    6.897,
    0.0
  ],
  [
    6.912,
    0.0
  ],
  [
    6.933,
    0.0
  ],
  [
    6.959,
    0.0
  ],
  [
    6.978,
    0.0
  ],
  [
    7.0,
    0.0
  ],
  [
    7.016,
    0.0
  ],
  [
    7.031,
    0.0
  ],
  [
    7.045,
    0.0
  ],
  [
    7.059,
    0.0
  ],
  [
    7.085,
    0.0
  ],
  [
    7.094,
    0.0
  ],
  [
    7.119,
    0.0
  ],
  [
    7.127,
    0.0
  ],
  [
    7.148,
    0.0
  ],
  [
    7.176,
    0.0
  ],
  [
    7.183,
    0.0
  ],
  [
    7.197,
    0.0
  ],
  [
    7.219,
    0.0
  ],
  [
    7.242,
    0.0
  ],
  [
    7.25,
    0.0
  ],
  [
    7.27,
    0.0
  ],
  [
    7.293,
    0.0
  ],
  [
    7.304,
    0.0
  ],
  [
    7.329,
    0.0
  ],
  [
    7.337,
    0.0
  ],
  [
    7.36,
    0.0
  ],
  [
    7.377,
    0.0
  ],
  [
    7.384,
    0.0
  ],
  [
    7.41,
    0.0
  ],
  [
    7.424,
    0.0
  ],
  [
    7.433,
    0.0
  ],
  [
    7.464,
    0.0
  ],
  [
    7.472,
    0.0
  ],
  [
    7.5,
    0.0
  ],
  [
    7.511,
    0.0
  ],
  [
    7.525,
    0.0
  ],
  [
    7.551,
    0.0
  ],
  [
    7.555,
    0.0
  ],
  [
    7.582,
    0.0
  ],
  [
    7.593,
    0.0
  ],
  [
    7.608,
    0.0
  ],
  [
    7.645,
    0.0
  ],
  [
    7.657,
    0.0
  ],
  [
    7.678,
    0.0
  ],
  [
    7.691,
    0.0
  ],
  [
    7.704,
    0.0
  ],
  [
    7.718,
    0.0
  ],
  [
    7.744,
    0.0
  ],
  [
    7.754,
    0.0
  ],
  [
    7.777,
    0.0
  ],
  [
    7.788,
    0.0
  ],
  [
    7.801,
    0.0
  ],
  [
    7.827,
    0.0
  ],
  [
    7.836,
    0.0
  ],
  [
    7.85,
    0.0
  ],
  [
    7.871,
    0.0
  ],
  [
    7.896,
    0.0
  ],
  [
    7.909,
    0.0
  ],
  [
    7.921,
    0.0
  ],
  [
    7.947,
    0.0
  ],
  [
    7.953,
    0.0
  ],
  [
    7.967,
    0.0
  ],
  [
    7.992,
    0.0
  ],
  [
    8.001,
    0.0
  ],
  [
    8.017,
    0.0
  ],
  [
    8.04,
    0.0
  ],
  [
    8.054,
    0.0
  ],
  [
    8.068,
    0.0
  ],
  [
    8.092,
    0.0
  ],
  [
    8.103,
    0.0
  ],
  [
    8.127,
    0.0
  ],
  [
    8.137,
    0.0
  ],
  [
    8.162,
    0.0
  ],
  [
    8.171,
    0.0
  ],
  [
    8.198,
    0.0
  ],
  [
    8.207,
    0.0
  ],
  [
    8.22,
    0.0
  ],
  [
    8.246,
    0.0
  ],
  [
    8.26,
    0.0
  ],
  [
    8.282,
    0.0
  ],
  [
    8.299,
    0.0
  ],
  [
    8.309,
    0.0
  ],
  [
    8.322,
    0.0
  ],
  [
    8.346,
    0.0
  ],
  [
    8.355,
    0.0
  ],
  [
    8.384,
    0.0
  ],
  [
    8.393,
    0.0
  ],
  [
    8.407,
    0.0
  ],
  [
    8.432,
    0.0
  ],
  [
    8.445,
    0.0
  ],
  [
    8.47,
    0.0
  ],
  [
    8.476,
    0.0
  ],
  [
    8.501,
    0.0
  ],
  [
    8.511,
    0.0
  ],
  [
    8.538,
    0.0
  ],
  [
    8.545,
    0.0
  ],
  [
    8.571,
    0.0
  ],
  [
    8.578,
    0.0
  ],
  [
    8.602,
    0.0
  ],
  [
    8.617,
    0.0
  ],
  [
    8.624,
    0.0
  ],
  [
    8.649,
    0.0
  ],
  [
    8.666,
    0.0
  ],
  [
    8.689,
    0.0
  ],
  [
    8.702,
    0.0
  ],
  [
    8.711,
    0.0
  ],
  [
    8.736,
    0.0
  ],
  [
    8.746,
    0.0
  ],
  [
    8.77,
    0.0
  ],
  [
    8.781,
    0.0
  ],
  [
    8.807,
    0.0
  ],
  [
    8.823,
    0.0
  ],
  [
    8.833,
    0.0
  ],
  [
    8.859,
    0.0
  ],
  [
    8.872,
    0.0
  ],
  [
    8.894,
    0.0
  ],
  [
    8.904,
    0.0
  ],
  [
    8.917,
    0.0
  ],
  [
    8.944,
    0.0
  ],
  [
    8.952,
    0.0
  ],
  [
    8.965,
    0.0
  ],
  [
    8.992,
    0.0
  ],
  [
    9.015,
    0.0
  ],
  [
    9.024,
    0.0
  ],
  [
    9.048,
    0.0
  ],
  [
    9.061,
    0.0
  ],
  [
    9.085,
    0.0
  ],
  [
    9.092,
    0.0
  ],
  [
    9.117,
    0.0
  ],
  [
    9.128,
    0.0
  ],
  [
    9.156,
    0.0
  ],
  [
    9.164,
    0.0
  ],
  [
    9.18,
    0.0
  ],
  [
    9.204,
    0.0
  ],
  [
    9.225,
    0.0
  ],
  [
    9.237,
    0.0
  ],
  [
    9.26,
    0.0
  ],
  [
    9.272,
    0.0
  ],
  [
    9.294,
    0.0
  ],
  [
    9.305,
    0.0
  ],
  [
    9.318,
    0.0
  ],
  [
    9.342,
    0.0
  ],
  [
    9.353,
    0.0
  ],
  [
    9.38,
    0.0
  ],
  [
    9.388,
    0.0
  ],
  [
    9.411,
    0.0
  ],
  [
    9.423,
    0.0
  ],
  [
    9.444,
    0.0
  ],
  [
    9.458,
    0.0
  ],
  [
    9.484,
    0.0
  ],
  [
    9.494,
    0.0
  ],
  [
    9.521,
    0.0
  ],
  [
    9.527,
    0.0
  ],
  [
    9.552,
    0.0
  ],
  [
    9.562,
    0.0
  ],
  [
    9.586,
    0.0
  ],
  [
    9.597,
    0.0
  ],
  [
    9.61,
    0.0
  ],
  [
    9.651,
    0.0
  ],
  [
    9.668,
    0.0
  ],
  [
    9.678,
    0.0
  ],
  [
    9.699,
    0.0
  ],
  [
    9.712,
    0.0
  ],
  [
    9.736,
    0.0
  ],
  [
    9.749,
    0.0
  ],
  [
    9.766,
    0.0
  ],
  [
    9.78,
    0.0
  ],
  [
    9.796,
    0.0
  ],
  [
    9.825,
    0.0
  ],
  [
    9.851,
    0.0
  ],
  [
    9.871,
    0.0
  ],
  [
    9.887,
    0.0
  ],
  [
    9.908,
    0.0
  ],
  [
    9.925,
    0.0
  ],
  [
    9.948,
    0.0
  ],
  [
    9.963,
    0.0
  ],
  [
    9.985,
    0.0
  ],
  [
    9.997,
    0.0
  ],
  [
    10.012,
    0.0
  ],
  [
    10.031,
    0.0
  ],
  [
    10.055,
    0.0
  ],
  [
    10.067,
    0.0
  ],
  [
    10.089,
    0.0
  ],
  [
    10.105,
    0.0
  ],
  [
    10.12,
    0.0
  ],
  [
    10.138,
    0.0
  ],
  [
    10.158,
    0.0
  ],
  [
    10.173,
    0.0
  ],
  [
    10.182,
    0.0
  ],
  [
    10.206,
    0.0
  ],
  [
    10.216,
    0.0
  ],
  [
    10.252,
    0.0
  ],
  [
    10.265,
    0.0
  ],
  [
    10.287,
    0.0
  ],
  [
    10.298,
    0.0
  ],
  [
    10.322,
    0.0
  ],
  [
    10.331,
    0.0
  ],
  [
    10.353,
    0.0
  ],
  [
    10.364,
    0.0
  ],
  [
    10.39,
    0.0
  ],
  [
    10.398,
    0.0
  ],
  [
    10.421,
    0.0
  ],
  [
    10.444,
    0.0
  ],
  [
    10.456,
    0.0
  ],
  [
    10.469,
    0.0
  ],
  [
    10.494,
    0.0
  ],
  [
    10.503,
    0.0
  ],
  [
    10.519,
    0.0
  ],
  [
    10.534,
    0.0
  ],
  [
    10.551,
    0.0
  ],
  [
    10.575,
    0.0
  ],
  [
    10.585,
    0.0
  ],
  [
    10.598,
    0.0
  ],
  [
    10.619,
    0.0
  ],
  [
    10.632,
    0.0
  ],
  [
    10.655,
    0.0
  ],
  [
    10.666,
    0.0
  ],
  [
    10.691,
    0.0
  ],
  [
    10.716,
    0.0
  ],
  [
    10.725,
    0.0
  ],
  [
    10.752,
    -1.3513
  ],
  [
    10.763,
    -2.0053
  ],
  [
    10.787,
    -3.1748
  ],
  [
    10.797,
    -3.663
  ],
  [
    10.814,
    -4.2521
  ],
  [
    10.84,
    -5.7359
  ],
  [
    10.85,
    -6.3471
  ],
  [
    10.863,
    -6.9069
  ],
  [
    10.887,
    -8.1946
  ],
  [
    10.897,
    -8.7386
  ],
  [
    10.924,
    -9.9453
  ],
  [
    10.932,
    -10.4224
  ],
  [
    10.961,
    -11.5797
  ],
  [
    10.968,
    -12.2888
  ],
  [
    10.991,
    -13.4392
  ],
  [
    11.003,
    -13.9496
  ],
  [
    11.017,
    -14.5072
  ],
  [
    11.041,
    -15.8027
  ],
  [
    11.052,
    -16.4058
  ],
  [
    11.065,
    -16.9836
  ],
  [
    11.091,
    -18.2902
  ],
  [
    11.099,
    -18.8069
  ],
  [
    11.12,
    -19.7521
  ],
  [
    11.145,
    -19.9578
  ],
  [
    11.156,
    -19.956
  ],
  [
    11.181,
    -19.9549
  ],
  [
    11.186,
    -19.9498
  ],
  [
    11.21,
    -19.9571
  ],
  [
    11.221,
    -19.9428
  ],
  [
    11.259,
    -19.9214
  ],
  [
    11.271,
    -19.9209
  ],
  [
    11.285,
    -19.9162
  ],
  [
    11.302,
    -19.9176
  ],
  [
    11.328,
    -19.9004
  ],
  [
    11.34,
    -19.8923
  ],
  [
    11.364,
    -19.8712
  ],
  [
    11.375,
    -19.8709
  ],
  [
    11.395,
    -19.873
  ],
  [
    11.404,
    -19.8546
  ],
  [
    11.428,
    -19.8292
  ],
  [
    11.438,
    -19.8298
  ],
  [
    11.465,
    -19.8328
  ],
  [
    11.474,
    -19.8335
  ],
  [
    11.5,
    -19.8057
  ],
  [
    11.508,
    -19.8075
  ],
  [
    11.534,
    -19.7983
  ],
  [
    11.544,
    -19.7991
  ],
  [
    11.572,
    -19.8019
  ],
  [
    11.581,
    -19.8036
  ],
  [
    11.594,
    -19.804
  ],
  [
    11.621,
    -19.8073
  ],
  [
    11.63,
    -19.8082
  ],
  [
    11.654,
    -19.8078
  ],
  [
    11.668,
    -19.8066
  ],
  [
    11.681,
    -19.8007
  ],
  [
    11.706,
    -19.803
  ],
  [
    11.725,
    -19.7894
  ],
  [
    11.738,
    -19.7731
  ],
  [
    11.761,
    -19.7512
  ],
  [
    11.772,
    -19.7562
  ],
  [
    11.789,
    -19.7577
  ],
  [
    11.814,
    -19.761
  ],
  [
    11.822,
    -19.7574
  ],
  [
    11.846,
    -19.7299
  ],
  [
    11.86,
    -19.7277
  ],
  [
    11.871,
    -19.7224
  ],
  [
    11.895,
    -19.7269
  ],
  [
    11.905,
    -19.7276
  ],
  [
    11.933,
    -19.7025
  ],
  [
    11.941,
    -19.6849
  ],
  [
    11.968,
    -19.6854
  ],
  [
    11.974,
    -19.6845
  ],
  [
    12.004,
    -19.6809
  ],
  [
    12.011,
    -19.681
  ],
  [
    12.035,
    -19.6783
  ],
  [
    12.047,
    -19.6767
  ],
  [
    12.074,
    -19.6769
  ],
  [
    12.084,
    -19.6788
  ],
  [
    12.098,
    -19.6773
  ],
  [
    12.113,
    -19.6766
  ],
  [
    12.138,
    -19.684
  ],
  [
    12.148,
    -19.6821
  ],
  [
    12.163,
    -19.6754
  ],
  [
    12.187,
    -19.6726
  ],
  [
    12.196,
    -19.6683
  ],
  [
    12.223,
    -19.661
  ],
  [
    12.232,
    -19.6595
  ],
  [
    12.259,
    -19.6487
  ],
  [
    12.267,
    -19.6471
  ],
  [
    12.292,
    -19.6391
  ],
  [
    12.307,
    -19.6358
  ],
  [
    12.317,
    -19.6367
  ],
  [
    12.343,
    -19.6395
  ],
  [
    12.353,
    -19.6386
  ],
  [
    12.379,
    -19.6283
  ],
  [
    12.387,
    -19.6249
  ],
  [
    12.413,
    -19.6187
  ],
  [
    12.425,
    -19.6203
  ],
  [
    12.435,
    -19.6176
  ],
  [
    12.459,
    -19.6122
  ],
  [
    12.469,
    -19.612
  ],
  [
    12.494,
    -19.6052
  ],
  [
    12.504,
    -19.5896
  ],
  [
    12.526,
    -19.5862
  ],
  [
    12.537,
    -19.586
  ],
  [
    12.555,
    -19.5894
  ],
  [
    12.567,
    -19.5912
  ],
  [
    12.595,
    -19.5952
  ],
  [
    12.606,
    -19.5979
  ],
  [
    12.619,
    -19.5972
  ],
  [
    12.641,
    -19.595
  ],
  [
    12.653,
    -19.5916
  ],
  [
    12.679,
    -19.5812
  ],
  [
    12.692,
    -19.5782
  ],
  [
    12.72,
    -19.5806
  ],
  [
    12.727,
    -19.5826
  ],
  [
    12.754,
    -19.5794
  ],
  [
    12.762,
    -19.5771
  ],
  [
    12.787,
    -19.5701
  ],
  [
    12.799,
    -19.569
  ],
  [
    12.812,
    -19.5662
  ],
  [
    12.837,
    -19.5676
  ],
  [
    12.845,
    -19.5675
  ],
  [
    12.871,
    -19.5686
  ],
  [
    12.879,
    -19.5682
  ],
  [
    12.894,
    -19.5663
  ],
  [
    12.921,
    -19.5728
  ],
  [
    12.931,
    -19.5694
  ],
  [
    12.957,
    -19.5641
  ],
  [
    12.967,
    -19.5612
  ],
  [
    12.993,
    -19.5591
  ],
  [
    13.006,
    -19.5587
  ],
  [
    13.03,
    -19.5585
  ],
  [
    13.039,
    -19.5561
  ],
  [
    13.065,
    -19.5573
  ],
  [
    13.071,
    -19.5548
  ],
  [
    13.096,
    -19.5519
  ],
  [
    13.108,
    -19.5498
  ],
  [
    13.119,
    -19.5483
  ],
  [
    13.146,
    -19.5449
  ],
  [
    13.156,
    -19.5425
  ],
  [
    13.177,
    -19.5391
  ],
  [
    13.19,
    -19.5381
  ],
  [
    13.216,
    -19.5428
  ],
  [
    13.226,
    -19.5401
  ],
  [
    13.239,
    -19.5364
  ],
  [
    13.267,
    -19.5384
  ],
  [
    13.277,
    -19.5377
  ],
  [
    13.29,
    -19.5375
  ],
  [
    13.318,
    -19.5391
  ],
  [
    13.326,
    -19.5371
  ],
  [
    13.353,
    -19.5295
  ],
  [
    13.361,
    -19.5279
  ],
  [
    13.387,
    -19.5215
  ],
  [
    13.397,
    -19.5192
  ],
  [
    13.411,
    -19.5186
  ],
  [
    13.436,
    -19.5217
  ],
  [
    13.445,
    -19.5195
  ],
  [
    13.468,
    -19.5141
  ],
  [
    13.493,
    -19.5181
  ],
  [
    13.501,
    -19.5223
  ],
  [
    13.527,
    -19.5233
  ],
  [
    13.536,
    -19.5234
  ],
  [
    13.563,
    -19.5254
  ],
  [
    13.572,
    -19.527
  ],
  [
    13.601,
    -19.5193
  ],
  [
    13.61,
    -19.5165
  ],
  [
    13.634,
    -19.5154
  ],
  [
    13.667,
    -19.5124
  ],
  [
    13.675,
    -19.5201
  ],
  [
    13.691,
    -19.5256
  ],
  [
    13.709,
    -19.5271
  ],
  [
    13.726,
    -19.5338
  ],
  [
    13.745,
    -19.5416
  ],
  [
    13.76,
    -19.5497
  ],
  [
    13.777,
    -19.5564
  ],
  [
    13.797,
    -19.5607
  ],
  [
    13.811,
    -19.5661
  ],
  [
    13.831,
    -19.5708
  ],
  [
    13.854,
    -19.573
  ],
  [
    13.871,
    -19.5789
  ],
  [
    13.887,
    -19.5819
  ],
  [
    13.903,
    -19.5861
  ],
  [
    13.918,
    -19.5878
  ],
  [
    13.94,
    -19.5885
  ],
  [
    13.961,
    -19.5904
  ],
  [
    13.979,
    -19.596
  ],
  [
    13.994,
    -19.6014
  ],
  [
    14.006,
    -19.6043
  ],
  [
    14.026,
    -19.6042
  ],
  [
    14.046,
    -19.6069
  ],
  [
    14.066,
    -19.6043
  ],
  [
    14.081,
    -19.6007
  ],
  [
    14.107,
    -19.6035
  ],
  [
    14.124,
    -19.6038
  ],
  [
    14.147,
    -19.6045
  ],
  [
    14.159,
    -19.604
  ],
  [
    14.173,
    -19.6085
  ],
  [
    14.192,
    -19.6093
  ],
  [
    14.21,
    -19.6072
  ],
  [
    14.225,
    -19.6118
  ],
  [
    14.241,
    -19.6141
  ],
  [
    14.261,
    -19.6148
  ],
  [
    14.277,
    -19.6174
  ],
  [
    14.294,
    -19.62
  ],
  [
    14.316,
    -19.6207
  ],
  [
    14.341,
    -19.6198
  ],
  [
    14.354,
    -19.6174
  ],
  [
    14.371,
    -19.6216
  ],
  [
    14.389,
    -19.6247
  ],
  [
    14.409,
    -19.6273
  ],
  [
    14.432,
    -19.622
  ],
  [
    14.449,
    -19.6147
  ],
  [
    14.467,
    -19.6144
  ],
  [
    14.485,
    -19.6163
  ],
  [
    14.502,
    -19.6203
  ],
  [
    14.524,
    -19.6235
  ],
  [
    14.541,
    -19.6183
  ],
  [
    14.56,
    -19.6137
  ],
  [
    14.575,
    -19.6175
  ],
  [
    14.594,
    -19.6196
  ],
  [
    14.607,
    -19.6222
  ],
  [
    14.626,
    -19.6227
  ],
  [
    14.646,
    -19.6168
  ],
  [
    14.659,
    -19.6151
  ],
  [
    14.676,
    -19.6194
  ],
  [
    14.695,
    -19.6229
  ],
  [
    14.712,
    -19.6252
  ],
  [
    14.735,
    -19.6286
  ],
  [
    14.755,
    -19.6274
  ],
  [
    14.775,
    -19.6201
  ],
  [
    14.79,
    -19.6162
  ],
  [
    14.808,
    -19.6188
  ],
  [
    14.835,
    -19.62
  ],
  [
    14.854,
    -19.6201
  ],
  [
    14.874,
    -19.6154
  ],
  [
    14.896,
    -19.6106
  ],
  [
    14.911,
    -19.6036
  ],
  [
    14.931,
    -19.6002
  ],
  [
    14.947,
    -19.6005
  ],
  [
    14.967,
    -19.5971
  ],
  [
    14.987,
    -19.5952
  ],
  [
    15.006,
    -19.6008
  ],
  [
    15.027,
    -19.5979
  ],
  [
    15.05,
    -19.5898
  ],
  [
    15.066,
    -19.5858
  ],
  [
    15.082,
    -19.5866
  ],
  [
    15.102,
    -19.5911
  ],
  [
    15.119,
    -19.596
  ],
  [
    15.144,
    -19.6013
  ],
  [
    15.158,
    -19.6059
  ],
  [
    15.177,
    -19.6105
  ],
  [
    15.192,
    -19.6149
  ],
  [
    15.211,
    -19.6176
  ],
  [
    15.227,
    -19.6161
  ],
  [
    15.239,
    -19.616
  ],
  [
    15.253,
    -19.6153
  ],
  [
    15.275,
    -19.604
  ],
  [
    15.294,
    -19.5948
  ],
  [
    15.306,
    -19.59
  ],
  [
    15.33,
    -19.5705
  ],
  [
    15.339,
    -19.5624
  ],
  [
    15.354,
    -19.5568
  ],
  [
    15.377,
    -19.5543
  ],
  [
    15.39,
    -19.5463
  ],
  [
    15.411,
    -19.5347
  ],
  [
    15.422,
    -19.5277
  ],
  [
    15.448,
    -19.5157
  ],
  [
    15.457,
    -19.5144
  ],
  [
    15.479,
    -19.516
  ],
  [
    15.493,
    -19.5099
  ],
  [
    15.516,
    -19.5078
  ],
  [
    15.527,
    -19.5032
  ],
  [
    15.54,
    -19.502
  ],
  [
    15.556,
    -19.5011
  ],
  [
    15.571,
    -19.5047
  ],
  [
    15.597,
    -19.5125
  ],
  [
    15.605,
    -19.5077
  ],
  [
    15.63,
    -19.5031
  ],
  [
    15.646,
    -19.5008
  ],
  [
    15.657,
    -19.501
  ],
  [
    15.671,
    -19.5031
  ],
  [
    15.696,
    -19.5025
  ],
  [
    15.707,
    -19.5016
  ],
  [
    15.733,
    -19.4957
  ],
  [
    15.743,
    -19.4954
  ],
  [
    15.757,
    -19.4923
  ],
  [
    15.783,
    -19.4937
  ],
  [
    15.791,
    -19.4897
  ],
  [
    15.815,
    -19.4897
  ],
  [
    15.828,
    -19.4884
  ],
  [
    15.855,
    -19.4864
  ],
  [
    15.866,
    -19.4868
  ],
  [
    15.877,
    -19.4885
  ],
  [
    15.907,
    -19.4885
  ],
  [
    15.917,
    -19.4902
  ],
  [
    15.94,
    -19.487
  ],
  [
    15.953,
    -19.486
  ],
  [
    15.965,
    -19.4844
  ],
  [
    15.99,
    -19.4881
  ],
  [
    16.001,
    -19.4858
  ],
  [
    16.023,
    -19.4808
  ],
  [
    16.055,
    -19.4783
  ],
  [
    16.066,
    -19.4866
  ],
  [
    16.082,
    -19.49
  ],
  [
    16.097,
    -19.4908
  ],
  [
    16.112,
    -19.4981
  ],
  [
    16.128,
    -19.503
  ],
  [
    16.157,
    -19.5114
  ],
  [
    16.168,
    -19.5115
  ],
  [
    16.194,
    -19.5067
  ],
  [
    16.201,
    -19.5028
  ],
  [
    16.225,
    -19.4915
  ],
  [
    16.237,
    -19.4899
  ],
  [
    16.263,
    -19.4854
  ],
  [
    16.272,
    -19.484
  ],
  [
    16.294,
    -19.4809
  ],
  [
    16.306,
    -19.4774
  ],
  [
    16.318,
    -19.4746
  ],
  [
    16.342,
    -19.475
  ],
  [
    16.367,
    -19.4741
  ],
  [
    16.378,
    -19.4735
  ],
  [
    16.401,
    -19.474
  ],
  [
    16.411,
    -19.4705
  ],
  [
    16.435,
    -19.4683
  ],
  [
    16.469,
    -19.477
  ],
  [
    16.514,
    -1.0686
  ],
  [
    16.525,
    -2.0792
  ],
  [
    16.551,
    -4.7798
  ],
  [
    16.563,
    -5.8536
  ],
  [
    16.576,
    -7.2723
  ],
  [
    16.601,
    -9.9831
  ],
  [
    16.613,
    -11.0564
  ],
  [
    16.627,
    -12.2383
  ],
  [
    16.65,
    -14.8755
  ],
  [
    16.665,
    -15.9891
  ],
  [
    16.698,
    -18.6858
  ],
  [
    16.715,
    -20.7903
  ],
  [
    16.726,
    -22.1995
  ],
  [
    16.753,
    -24.7959
  ],
  [
    16.763,
    -25.8393
  ],
  [
    16.79,
    -28.4495
  ],
  [
    16.798,
    -29.6532
  ],
  [
    16.822,
    -31.9713
  ],
  [
    16.835,
    -33.1428
  ],
  [
    16.845,
    -34.3051
  ],
  [
    16.871,
    -35.541
  ],
  [
    16.88,
    -37.7812
  ],
  [
    16.897,
    -38.9874
  ],
  [
    16.918,
    -40.0
  ],
  [
    16.931,
    -40.0
  ],
  [
    16.957,
    -40.0
  ],
  [
    16.974,
    -40.0
  ],
  [
    16.984,
    -40.0
  ],
  [
    16.999,
    -40.0
  ],
  [
    17.025,
    -40.0
  ],
  [
    17.036,
    -40.0
  ],
  [
    17.059,
    -40.0
  ],
  [
    17.072,
    -40.0
  ],
  [
    17.099,
    -40.0
  ],
  [
    17.107,
    -40.0
  ],
  [
    17.138,
    -40.0
  ],
  [
    17.147,
    -40.0
  ],
  [
    17.161,
    -40.0
  ],
  [
    17.187,
    -40.0
  ],
  [
    17.196,
    -40.0
  ],
  [
    17.218,
    -40.0
  ],
  [
    17.229,
    -40.0
  ],
  [
    17.244,
    -40.0
  ],
  [
    17.268,
    -40.0
  ],
  [
    17.28,
    -40.0
  ],
  [
    17.302,
    -40.0
  ],
  [
    17.316,
    -40.0
  ],
  [
    17.341,
    -40.0
  ],
  [
    17.355,
    -40.0
  ],
  [
    17.367,
    -40.0
  ],
  [
    17.379,
    -40.0
  ],
  [
    17.407,
    -40.0
  ],
  [
    17.413,
    -40.0
  ],
  [
    17.438,
    -40.0
  ],
  [
    17.449,
    -40.0
  ],
  [
    17.474,
    -40.0
  ],
  [
    17.484,
    -40.0
  ],
  [
    17.507,
    -40.0
  ],
  [
    17.522,
    -40.0
  ],
  [
    17.532,
    -40.0
  ],
  [
    17.572,
    -38.0
  ],
  [
    17.589,
    -36.0
  ],
  [
    17.602,
    -34.0
  ],
  [
    17.614,
    -32.0
  ],
  [
    17.641,
    -30.0
  ],
  [
    17.654,
    -28.0
  ],
  [
    17.669,
    -26.0
  ],
  [
    17.695,
    -24.0
  ],
  [
    17.705,
    -22.0
  ],
  [
    17.735,
    -20.0
  ],
  [
    17.745,
    -18.0
  ],
  [
    17.773,
    -16.0
  ],
  [
    17.78,
    -14.0
  ],
  [
    17.805,
    -12.0
  ],
  [
    17.814,
    -10.0225
  ],
  [
    17.841,
    -8.0
  ],
  [
    17.851,
    -6.0
  ],
  [
    17.882,
    -4.0
  ],
  [
    17.893,
    -2.0
  ],
  [
    17.907,
    0.0
  ],
  [
    17.924,
    1.3725
  ],
  [
    17.948,
    4.1593
  ],
  [
    17.959,
    5.1252
  ],
  [
    17.976,
    6.2945
  ],
  [
    18.005,
    8.7814
  ],
  [
    18.013,
    9.6599
  ],
  [
    18.036,
    11.6592
  ],
  [
    18.048,
    12.5849
  ],
  [
    18.06,
    13.4792
  ],
  [
    18.077,
    14.4535
  ],
  [
    18.1,
    16.6433
  ],
  [
    18.111,
    17.3716
  ],
  [
    18.137,
    19.0423
  ],
  [
    18.145,
    19.6665
  ],
  [
    18.17,
    21.3709
  ],
  [
    18.186,
    22.0126
  ],
  [
    18.194,
    22.9385
  ],
  [
    18.242,
    24.6047
  ],
  [
    18.249,
    26.5979
  ],
  [
    18.277,
    27.8382
  ],
  [
    18.288,
    28.6101
  ],
  [
    18.302,
    29.5057
  ],
  [
    18.328,
    29.7652
  ],
  [
    18.342,
    29.7465
  ],
  [
    18.357,
    29.7402
  ],
  [
    18.374,
    29.7432
  ],
  [
    18.395,
    29.7454
  ],
  [
    18.42,
    29.7473
  ],
  [
    18.453,
    29.7491
  ],
  [
    18.459,
    29.757
  ],
  [
    18.488,
    29.7286
  ],
  [
    18.498,
    29.705
  ],
  [
    18.514,
    29.6856
  ],
  [
    18.531,
    29.6889
  ],
  [
    18.547,
    29.6901
  ],
  [
    18.575,
    29.6668
  ],
  [
    18.589,
    29.6518
  ],
  [
    18.601,
    29.6512
  ],
  [
    18.626,
    29.65
  ],
  [
    18.665,
    29.6499
  ],
  [
    18.671,
    29.6576
  ],
  [
    18.687,
    29.6599
  ],
  [
    18.722,
    29.6361
  ],
  [
    18.735,
    29.6419
  ],
  [
    18.751,
    29.5996
  ],
  [
    18.769,
    29.5947
  ],
  [
    18.79,
    29.6079
  ],
  [
    18.802,
    29.5783
  ],
  [
    18.817,
    29.5814
  ],
  [
    18.845,
    29.5527
  ],
  [
    18.852,
    29.5501
  ],
  [
    18.877,
    29.5462
  ],
  [
    18.891,
    29.5493
  ],
  [
    18.904,
    29.5456
  ],
  [
    18.942,
    29.5504
  ],
  [
    18.958,
    29.5539
  ],
  [
    18.976,
    29.5536
  ],
  [
    18.996,
    29.555
  ],
  [
    19.012,
    29.559
  ],
  [
    19.031,
    29.558
  ],
  [
    19.058,
    29.5633
  ],
  [
    19.079,
    29.5494
  ],
  [
    19.103,
    29.5274
  ],
  [
    19.117,
    29.5285
  ],
  [
    19.129,
    29.5273
  ],
  [
    19.147,
    29.5292
  ],
  [
    19.169,
    29.527
  ],
  [
    19.193,
    29.5255
  ],
  [
    19.214,
    29.5266
  ],
  [
    19.237,
    29.5236
  ],
  [
    19.254,
    29.5223
  ],
  [
    19.271,
    29.5195
  ],
  [
    19.294,
    29.5172
  ],
  [
    19.309,
    29.5216
  ],
  [
    19.326,
    29.5217
  ],
  [
    19.341,
    29.5199
  ],
  [
    19.358,
    29.5172
  ],
  [
    19.375,
    29.5185
  ],
  [
    19.391,
    29.5199
  ],
  [
    19.409,
    29.5177
  ],
  [
    19.427,
    29.5193
  ],
  [
    19.449,
    29.5177
  ],
  [
    19.462,
    29.5182
  ],
  [
    19.478,
    29.5115
  ],
  [
    19.497,
    29.5105
  ],
  [
    19.516,
    29.5073
  ],
  [
    19.539,
    29.5085
  ],
  [
    19.558,
    29.5081
  ],
  [
    19.577,
    29.4987
  ],
  [
    19.597,
    29.4941
  ],
  [
    19.624,
    29.4714
  ],
  [
    19.635,
    29.4471
  ],
  [
    19.654,
    29.4488
  ],
  [
    19.673,
    29.4524
  ],
  [
    19.694,
    29.4564
  ],
  [
    19.71,
    29.4566
  ],
  [
    19.725,
    29.4577
  ],
  [
    19.744,
    29.4553
  ],
  [
    19.76,
    29.4556
  ],
  [
    19.776,
    29.4537
  ],
  [
    19.797,
    29.4426
  ],
  [
    19.818,
    29.4347
  ],
  [
    19.837,
    29.4286
  ],
  [
    19.861,
    29.4257
  ],
  [
    19.872,
    29.4296
  ],
  [
    19.893,
    29.4298
  ],
  [
    19.916,
    29.415
  ],
  [
    19.928,
    29.4116
  ],
  [
    19.943,
    29.4101
  ],
  [
    19.969,
    29.4116
  ],
  [
    19.977,
    29.4014
  ],
  [
    19.999,
    29.3855
  ],
  [
    20.011,
    29.3519
  ],
  [
    20.034,
    29.343
  ],
  [
    20.044,
    29.3396
  ],
  [
    20.059,
    29.3376
  ],
  [
    20.086,
    29.3386
  ],
  [
    20.094,
    29.3324
  ],
  [
    20.109,
    29.3302
  ],
  [
    20.134,
    29.4236
  ],
  [
    20.145,
    29.4707
  ],
  [
    20.169,
    29.7191
  ],
  [
    20.181,
    29.7939
  ],
  [
    20.194,
    29.7942
  ],
  [
    20.221,
    29.7942
  ],
  [
    20.232,
    29.7942
  ],
  [
    20.26,
    29.7942
  ],
  [
    20.269,
    29.7943
  ],
  [
    20.293,
    29.7942
  ],
  [
    20.305,
    29.7942
  ],
  [
    20.331,
    29.7942
  ],
  [
    20.342,
    29.7942
  ],
  [
    20.356,
    29.7942
  ],
  [
    20.378,
    29.7942
  ],
  [
    20.391,
    29.7942
  ],
  [
    20.42,
    29.7942
  ],
  [
    20.429,
    29.7942
  ],
  [
    20.444,
    29.7942
  ],
  [
    20.469,
    29.7942
  ],
  [
    20.479,
    29.7942
  ],
  [
    20.502,
    29.7942
  ],
  [
    20.516,
    29.7943
  ],
  [
    20.526,
    29.7943
  ],
  [
    20.55,
    29.7943
  ],
  [
    20.563,
    29.7943
  ],
  [
    20.575,
    29.7943
  ],
  [
    20.602,
    29.7943
  ],
  [
    20.624,
    29.7943
  ],
  [
    20.635,
    29.7943
  ],
  [
    20.665,
    29.7943
  ],
  [
    20.672,
    29.7943
  ],
  [
    20.7,
    29.7943
  ],
  [
    20.71,
    29.7943
  ],
  [
    20.738,
    29.7943
  ],
  [
    20.744,
    29.7943
  ],
  [
    20.767,
    29.7943
  ],
  [
    20.779,
    29.7943
  ],
  [
    20.792,
    29.7943
  ],
  [
    20.824,
    29.7943
  ],
  [
    20.832,
    29.7943
  ],
  [
    20.849,
    29.7943
  ],
  [
    20.876,
    29.7943
  ],
  [
    20.886,
    29.7943
  ],
  [
    20.898,
    29.7943
  ],
  [
    20.926,
    29.7943
  ],
  [
    20.939,
    29.7943
  ],
  [
    20.951,
    29.7943
  ],
  [
    20.977,
    29.7943
  ],
  [
    20.989,
    29.7943
  ],
  [
    21.001,
    29.7943
  ],
  [
    21.028,
    29.7943
  ],
  [
    21.036,
    29.7943
  ],
  [
    21.065,
    29.7943
  ],
  [
    21.072,
    29.7943
  ],
  [
    21.1,
    29.7943
  ],
  [
    21.107,
    29.7943
  ],
  [
    21.135,
    29.7943
  ],
  [
    21.144,
    28.4363
  ],
  [
    21.168,
    25.889
  ],
  [
    21.178,
    24.1072
  ],
  [
    21.206,
    21.0239
  ],
  [
    21.215,
    19.4487
  ],
  [
    21.242,
    15.8648
  ],
  [
    21.257,
    14.0041
  ],
  [
    21.279,
    12.1198
  ],
  [
    21.288,
    8.4997
  ],
  [
    21.311,
    3.9806
  ],
  [
    21.322,
    2.0406
  ],
  [
    21.347,
    -1.4981
  ],
  [
    21.357,
    -2.6065
  ],
  [
    21.379,
    -4.9174
  ],
  [
    21.39,
    -5.8843
  ],
  [
    21.403,
    -7.0067
  ],
  [
    21.428,
    -9.5526
  ],
  [
    21.443,
    -10.6856
  ],
  [
    21.456,
    -12.2075
  ],
  [
    21.485,
    -14.8604
  ],
  [
    21.494,
    -16.1229
  ],
  [
    21.525,
    -18.7873
  ],
  [
    21.534,
    -19.937
  ],
  [
    21.562,
    -22.6354
  ],
  [
    21.571,
    -23.8102
  ],
  [
    21.584,
    -25.0602
  ],
  [
    21.611,
    -27.8216
  ],
  [
    21.622,
    -28.9519
  ],
  [
    21.635,
    -30.1705
  ],
  [
    21.663,
    -32.648
  ],
  [
    21.671,
    -33.8081
  ],
  [
    21.697,
    -36.2673
  ],
  [
    21.706,
    -37.4255
  ],
  [
    21.731,
    -39.8017
  ],
  [
    21.742,
    -40.0
  ],
  [
    21.755,
    -40.0
  ],
  [
    21.779,
    -40.0
  ],
  [
    21.791,
    -40.0
  ],
  [
    21.815,
    -40.0
  ],
  [
    21.826,
    -40.0
  ],
  [
    21.853,
    -40.0
  ],
  [
    21.862,
    -40.0
  ],
  [
    21.875,
    -40.0
  ],
  [
    21.903,
    -40.0
  ],
  [
    21.911,
    -40.0
  ],
  [
    21.939,
    -40.0
  ],
  [
    21.948,
    -40.0
  ],
  [
    21.961,
    -40.0
  ],
  [
    21.989,
    -40.0
  ],
  [
    21.997,
    -40.0
  ],
  [
    22.025,
    -40.0
  ],
  [
    22.049,
    -40.0
  ],
  [
    22.063,
    -40.0
  ],
  [
    22.076,
    -40.0
  ],
  [
    22.107,
    -40.0
  ],
  [
    22.117,
    -40.0
  ],
  [
    22.129,
    -39.9913
  ],
  [
    22.155,
    -39.9903
  ],
  [
    22.167,
    -39.9885
  ],
  [
    22.193,
    -39.9895
  ],
  [
    22.205,
    -39.9857
  ],
  [
    22.25,
    -39.9799
  ],
  [
    22.267,
    -39.9715
  ],
  [
    22.286,
    -39.9688
  ],
  [
    22.302,
    -39.9615
  ],
  [
    22.32,
    -39.9668
  ],
  [
    22.342,
    -39.9657
  ],
  [
    22.361,
    -39.9999
  ],
  [
    22.377,
    -39.9689
  ],
  [
    22.396,
    -39.9555
  ],
  [
    22.415,
    -39.952
  ],
  [
    22.444,
    -39.9512
  ],
  [
    22.463,
    -39.93
  ],
  [
    22.475,
    -39.9184
  ],
  [
    22.493,
    -39.9091
  ],
  [
    22.511,
    -39.8753
  ],
  [
    22.533,
    -39.8794
  ],
  [
    22.552,
    -39.8543
  ],
  [
    22.576,
    -39.8386
  ],
  [
    22.588,
    -39.8176
  ],
  [
    22.608,
    -39.824
  ],
  [
    22.62,
    -39.8221
  ],
  [
    22.639,
    -39.8154
  ],
  [
    22.654,
    -39.782
  ],
  [
    22.667,
    -39.7797
  ],
  [
    22.692,
    -39.7727
  ],
  [
    22.704,
    -39.7572
  ],
  [
    22.718,
    -39.7547
  ],
  [
    22.741,
    -39.7323
  ],
  [
    22.754,
    -39.7043
  ],
  [
    22.777,
    -39.7032
  ],
  [
    22.79,
    -39.6943
  ],
  [
    22.804,
    -39.6764
  ],
  [
    22.85,
    -39.6555
  ],
  [
    22.859,
    -39.6729
  ],
  [
    22.871,
    -39.6474
  ],
  [
    22.894,
    -39.627
  ],
  [
    22.904,
    -39.641
  ],
  [
    22.935,
    -39.6055
  ],
  [
    22.945,
    -39.5989
  ],
  [
    22.973,
    -39.5765
  ],
  [
    22.981,
    -39.5689
  ],
  [
    23.012,
    -39.5498
  ],
  [
    23.023,
    -39.5319
  ],
  [
    23.043,
    -39.5348
  ],
  [
    23.057,
    -39.5438
  ],
  [
    23.079,
    -39.5303
  ],
  [
    23.091,
    -39.5165
  ],
  [
    23.102,
    -39.5115
  ],
  [
    23.126,
    -39.4988
  ],
  [
    23.137,
    -39.492
  ],
  [
    23.16,
    -39.4764
  ],
  [
    23.172,
    -39.4652
  ],
  [
    23.199,
    -39.456
  ],
  [
    23.207,
    -39.448
  ],
  [
    23.233,
    -39.4332
  ],
  [
    23.246,
    -39.4228
  ],
  [
    23.257,
    -39.4232
  ],
  [
    23.279,
    -39.4015
  ],
  [
    23.295,
    -39.3949
  ],
  [
    23.305,
    -39.3929
  ],
  [
    23.328,
    -39.3732
  ],
  [
    23.351,
    -39.3708
  ],
  [
    23.362,
    -39.3485
  ],
  [
    23.391,
    -39.3352
  ],
  [
    23.4,
    -39.3301
  ],
  [
    23.427,
    -39.3155
  ],
  [
    23.436,
    -39.3089
  ],
  [
    23.452,
    -39.3012
  ],
  [
    23.462,
    -39.2921
  ],
  [
    23.49,
    -39.2828
  ],
  [
    23.502,
    -39.2754
  ],
  [
    23.517,
    -39.2701
  ],
  [
    23.541,
    -39.2582
  ],
  [
    23.554,
    -39.25
  ],
  [
    23.577,
    -39.237
  ],
  [
    23.589,
    -39.2298
  ],
  [
    23.599,
    -39.2222
  ],
  [
    23.629,
    -39.2078
  ],
  [
    23.636,
    -39.2044
  ],
  [
    23.652,
    -39.1963
  ],
  [
    23.677,
    -39.186
  ],
  [
    23.689,
    -39.1786
  ],
  [
    23.717,
    -39.165
  ],
  [
    23.724,
    -39.1579
  ],
  [
    23.749,
    -39.1434
  ],
  [
    23.762,
    -39.1362
  ],
  [
    23.773,
    -39.1317
  ],
  [
    23.799,
    -39.1187
  ],
  [
    23.81,
    -39.1144
  ],
  [
    23.825,
    -39.107
  ],
  [
    23.86,
    -39.0962
  ],
  [
    23.866,
    -39.0893
  ],
  [
    23.889,
    -39.0934
  ],
  [
    23.9,
    -39.0923
  ],
  [
    23.924,
    -39.0744
  ],
  [
    23.935,
    -39.067
  ],
  [
    23.962,
    -39.0548
  ],
  [
    23.973,
    -39.0525
  ],
  [
    23.998,
    -39.0353
  ],
  [
    24.006,
    -39.0172
  ],
  [
    24.031,
    -39.0119
  ],
  [
    24.046,
    -39.0081
  ],
  [
    24.06,
    -38.9998
  ],
  [
    24.07,
    -38.9975
  ],
  [
    24.094,
    -38.9925
  ],
  [
    24.106,
    -38.9947
  ],
  [
    24.132,
    -38.9879
  ],
  [
    24.143,
    -38.9863
  ],
  [
    24.171,
    -38.9876
  ],
  [
    24.18,
    -39.0016
  ],
  [
    24.195,
    -39.0056
  ],
  [
    24.217,
    -39.1077
  ],
  [
    24.23,
    -39.1495
  ],
  [
    24.258,
    -39.5491
  ],
  [
    24.267,
    -39.7543
  ],
  [
    24.29,
    -39.9972
  ],
  [
    24.3,
    -39.9999
  ],
  [
    24.32,
    -40.0
  ],
  [
    24.33,
    -40.0
  ],
  [
    24.358,
    -40.0
  ],
  [
    24.368,
    -40.0
  ],
  [
    24.392,
    -39.9999
  ],
  [
    24.405,
    -39.9999
  ],
  [
    24.417,
    -39.9999
  ],
  [
    24.444,
    -39.9999
  ],
  [
    24.453,
    -39.9999
  ],
  [
    24.477,
    -39.9999
  ],
  [
    24.488,
    -39.9999
  ],
  [
    24.51,
    -39.9999
  ],
  [
    24.522,
    -39.9999
  ],
  [
    24.534,
    -39.9999
  ],
  [
    24.561,
    -40.0
  ],
  [
    24.572,
    -40.0
  ],
  [
    24.599,
    -40.0
  ],
  [
    24.607,
    -40.0
  ],
  [
    24.641,
    -40.0
  ],
  [
    24.653,
    -40.0
  ],
  [
    24.669,
    -40.0
  ],
  [
    24.694,
    -40.0
  ],
  [
    24.703,
    -40.0
  ],
  [
    24.717,
    -40.0
  ],
  [
    24.745,
    -40.0
  ],
  [
    24.752,
    -40.0
  ],
  [
    24.776,
    -40.0
  ],
  [
    24.788,
    -40.0
  ],
  [
    24.816,
    -40.0
  ],
  [
    24.842,
    -40.0
  ],
  [
    24.854,
    -40.0
  ],
  [
    24.865,
    -40.0
  ],
  [
    24.88,
    -40.0
  ],
  [
    24.904,
    -40.0
  ],
  [
    24.928,
    -40.0
  ],
  [
    24.938,
    -40.0
  ],
  [
    24.96,
    -40.0
  ],
  [
    24.974,
    -40.0
  ],
  [
    25.001,
    -40.0
  ],
  [
    25.009,
    -40.0
  ],
  [
    25.039,
    -40.0
  ],
  [
    25.052,
    -40.0
  ],
  [
    25.072,
    -40.0
  ],
  [
    25.09,
    -40.0
  ],
  [
    25.099,
    -40.0
  ],
  [
    25.114,
    -40.0
  ],
  [
    25.144,
    -40.0
  ],
  [
    25.151,
    -40.0
  ],
  [
    25.178,
    -35.1616
  ],
  [
    25.188,
    -32.9826
  ],
  [
    25.212,
    -28.4577
  ],
  [
    25.223,
    -26.1262
  ],
  [
    25.242,
    -23.5619
  ],
  [
    25.257,
    -19.5639
  ],
  [
    25.276,
    -16.6146
  ],
  [
    25.292,
    -13.0438
  ],
  [
    25.31,
    -9.7099
  ],
  [
    25.328,
    -6.2666
  ],
  [
    25.341,
    -2.7596
  ],
  [
    25.358,
    0.1147
  ],
  [
    25.373,
    1.7289
  ],
  [
    25.4,
    4.4702
  ],
  [
    25.416,
    5.4219
  ],
  [
    25.425,
    7.0873
  ],
  [
    25.451,
    8.8856
  ],
  [
    25.461,
    9.9569
  ],
  [
    25.483,
    11.7935
  ],
  [
    25.494,
    12.56
  ],
  [
    25.519,
    14.3716
  ],
  [
    25.53,
    15.2389
  ],
  [
    25.56,
    17.1607
  ],
  [
    25.568,
    17.9519
  ],
  [
    25.589,
    19.6117
  ],
  [
    25.601,
    20.2679
  ],
  [
    25.614,
    21.0517
  ],
  [
    25.642,
    22.741
  ],
  [
    25.65,
    23.5081
  ],
  [
    25.664,
    24.1744
  ],
  [
    25.69,
    25.9673
  ],
  [
    25.701,
    26.7096
  ],
  [
    25.725,
    28.1878
  ],
  [
    25.737,
    28.8399
  ],
  [
    25.751,
    29.6038
  ],
  [
    25.782,
    29.7878
  ],
  [
    25.79,
    29.7866
  ],
  [
    25.814,
    29.789
  ],
  [
    25.826,
    29.7895
  ],
  [
    25.837,
    29.786
  ],
  [
    25.867,
    29.7847
  ],
  [
    25.875,
    29.7892
  ],
  [
    25.902,
    29.7923
  ],
  [
    25.913,
    29.785
  ],
  [
    25.939,
    29.7887
  ],
  [
    25.945,
    29.7903
  ],
  [
    25.969,
    29.7895
  ],
  [
    25.982,
    29.7887
  ],
  [
    26.011,
    29.7863
  ],
  [
    26.019,
    29.7888
  ],
  [
    26.044,
    29.7869
  ],
  [
    26.055,
    29.788
  ],
  [
    26.083,
    29.7878
  ],
  [
    26.091,
    29.7877
  ],
  [
    26.115,
    29.7872
  ],
  [
    26.124,
    29.7876
  ],
  [
    26.149,
    29.7865
  ],
  [
    26.164,
    29.7878
  ],
  [
    26.187,
    29.7864
  ],
  [
    26.197,
    29.7867
  ],
  [
    26.21,
    29.7876
  ],
  [
    26.236,
    29.7858
  ],
  [
    26.246,
    29.7878
  ],
  [
    26.271,
    29.7853
  ],
  [
    26.287,
    29.787
  ],
  [
    26.297,
    29.7866
  ],
  [
    26.312,
    29.7838
  ],
  [
    26.339,
    29.7849
  ],
  [
    26.349,
    29.787
  ],
  [
    26.371,
    29.7861
  ],
  [
    26.382,
    29.7875
  ],
  [
    26.396,
    29.786
  ],
  [
    26.422,
    29.7859
  ],
  [
    26.433,
    29.7848
  ],
  [
    26.447,
    29.7866
  ],
  [
    26.472,
    29.7843
  ],
  [
    26.482,
    29.7911
  ],
  [
    26.507,
    29.7936
  ],
  [
    26.516,
    29.794
  ],
  [
    26.539,
    29.7906
  ],
  [
    26.547,
    29.7865
  ],
  [
    26.577,
    29.7889
  ],
  [
    26.589,
    29.7921
  ],
  [
    26.6,
    29.7897
  ],
  [
    26.628,
    29.7895
  ],
  [
    26.638,
    29.7918
  ],
  [
    26.666,
    29.7914
  ],
  [
    26.674,
    29.7917
  ],
  [
    26.704,
    29.7912
  ],
  [
    26.714,
    29.7911
  ],
  [
    26.739,
    29.7915
  ],
  [
    26.746,
    29.786
  ],
  [
    26.772,
    29.7876
  ],
  [
    26.781,
    29.7874
  ],
  [
    26.796,
    29.7891
  ],
  [
    26.82,
    29.789
  ],
  [
    26.83,
    29.789
  ],
  [
    26.844,
    29.789
  ],
  [
    26.869,
    29.7917
  ],
  [
    26.88,
    29.7888
  ],
  [
    26.908,
    29.7938
  ],
  [
    26.919,
    29.7896
  ],
  [
    26.931,
    29.7906
  ],
  [
    26.957,
    29.7918
  ],
  [
    26.965,
    29.7811
  ],
  [
    26.997,
    29.7892
  ],
  [
    27.004,
    29.7894
  ],
  [
    27.033,
    29.79
  ],
  [
    27.041,
    29.79
  ],
  [
    27.067,
    29.7904
  ],
  [
    27.075,
    29.7905
  ],
  [
    27.102,
    29.789
  ],
  [
    27.111,
    29.789
  ],
  [
    27.138,
    29.789
  ],
  [
    27.144,
    29.7889
  ],
  [
    27.17,
    29.7871
  ],
  [
    27.181,
    29.791
  ],
  [
    27.208,
    29.7925
  ],
  [
    27.218,
    29.7905
  ],
  [
    27.244,
    29.7919
  ],
  [
    27.268,
    29.7929
  ],
  [
    27.277,
    29.7802
  ],
  [
    27.314,
    29.7804
  ],
  [
    27.326,
    29.7773
  ],
  [
    27.344,
    29.7805
  ],
  [
    27.365,
    29.7803
  ],
  [
    27.375,
    29.794
  ],
  [
    27.391,
    29.7921
  ],
  [
    27.407,
    29.7928
  ],
  [
    27.424,
    29.7924
  ],
  [
    27.455,
    29.7938
  ],
  [
    27.467,
    29.7919
  ],
  [
    27.491,
    29.7939
  ],
  [
    27.511,
    29.7807
  ],
  [
    27.527,
    29.7931
  ],
  [
    27.544,
    29.7911
  ],
  [
    27.563,
    29.7911
  ],
  [
    27.591,
    29.7893
  ],
  [
    27.625,
    29.7813
  ],
  [
    27.639,
    29.794
  ],
  [
    27.662,
    29.7915
  ],
  [
    27.675,
    29.7906
  ],
  [
    27.693,
    29.7909
  ],
  [
    27.711,
    29.7916
  ],
  [
    27.729,
    29.79
  ],
  [
    27.756,
    27.7403
  ],
  [
    27.775,
    29.1596
  ],
  [
    27.788,
    26.78
  ],
  [
    27.811,
    24.5863
  ],
  [
    27.831,
    21.805
  ],
  [
    27.848,
    19.0927
  ],
  [
    27.868,
    16.6632
  ],
  [
    27.891,
    13.7676
  ],
  [
    27.905,
    10.8604
  ],
  [
    27.928,
    7.824
  ],
  [
    27.943,
    3.9776
  ],
  [
    27.967,
    0.6889
  ],
  [
    27.986,
    0.0
  ],
  [
    28.006,
    0.0
  ],
  [
    28.035,
    0.0
  ],
  [
    28.048,
    0.0
  ],
  [
    28.067,
    0.0
  ],
  [
    28.084,
    0.0
  ],
  [
    28.105,
    0.0
  ],
  [
    28.125,
    0.0
  ],
  [
    28.144,
    0.0
  ],
  [
    28.168,
    0.0
  ],
  [
    28.183,
    0.0
  ],
  [
    28.201,
    0.0
  ],
  [
    28.218,
    0.0
  ],
  [
    28.239,
    0.0
  ],
  [
    28.251,
    0.0
  ],
  [
    28.272,
    0.0
  ],
  [
    28.286,
    0.0
  ],
  [
    28.308,
    0.0
  ],
  [
    28.322,
    0.0
  ],
  [
    28.339,
    0.0
  ],
  [
    28.358,
    0.0
  ],
  [
    28.376,
    0.0
  ],
  [
    28.392,
    0.0
  ],
  [
    28.406,
    0.0
  ],
  [
    28.421,
    0.0
  ],
  [
    28.441,
    0.0
  ],
  [
    28.46,
    0.0
  ],
  [
    28.474,
    0.0
  ],
  [
    28.492,
    0.0
  ],
  [
    28.508,
    0.0
  ],
  [
    28.523,
    0.0
  ],
  [
    28.537,
    0.0
  ],
  [
    28.569,
    0.0
  ],
  [
    28.577,
    0.0
  ],
  [
    28.591,
    0.0
  ],
  [
    28.614,
    0.0
  ],
  [
    28.627,
    0.0
  ],
  [
    28.653,
    0.0
  ],
  [
    28.661,
    0.0
  ],
  [
    28.686,
    0.0
  ],
  [
    28.694,
    0.0
  ],
  [
    28.717,
    0.0
  ],
  [
    28.728,
    0.0
  ],
  [
    28.754,
    0.0
  ],
  [
    28.767,
    0.0
  ],
  [
    28.778,
    0.0
  ],
  [
    28.804,
    0.0
  ],
  [
    28.815,
    0.0
  ],
  [
    28.828,
    0.0
  ],
  [
    28.854,
    0.0
  ],
  [
    28.871,
    0.0
  ],
  [
    28.88,
    0.0
  ],
  [
    28.908,
    0.0
  ],
  [
    28.92,
    0.0
  ],
  [
    28.933,
    0.0
  ],
  [
    28.947,
    0.0
  ],
  [
    28.974,
    0.0
  ],
  [
    28.982,
    0.0
  ],
  [
    28.997,
    0.0
  ],
  [
    29.022,
    0.0
  ],
  [
    29.033,
    0.0
  ],
  [
    29.067,
    0.0
  ],
  [
    29.075,
    0.0
  ],
  [
    29.087,
    0.0
  ],
  [
    29.117,
    0.0
  ],
  [
    29.131,
    0.0
  ],
  [
    29.142,
    0.0
  ],
  [
    29.158,
    0.0
  ],
  [
    29.184,
    0.0
  ],
  [
    29.199,
    0.0
  ],
  [
    29.225,
    0.0
  ],
  [
    29.234,
    0.0
  ],
  [
    29.265,
    0.0
  ],
  [
    29.276,
    0.0
  ],
  [
    29.288,
    0.0
  ],
  [
    29.313,
    0.0
  ],
  [
    29.331,
    0.0
  ],
  [
    29.344,
    0.0
  ],
  [
    29.355,
    0.0
  ],
  [
    29.381,
    0.0
  ],
  [
    29.39,
    0.0
  ],
  [
    29.416,
    0.0
  ],
  [
    29.426,
    0.0
  ],
  [
    29.44,
    0.0
  ],
  [
    29.468,
    0.0
  ],
  [
    29.477,
    0.0
  ],
  [
    29.49,
    0.0
  ],
  [
    29.514,
    0.0
  ],
  [
    29.525,
    0.0
  ],
  [
    29.55,
    0.0
  ],
  [
    29.562,
    0.0
  ],
  [
    29.586,
    0.0
  ],
  [
    29.598,
    0.0
  ],
  [
    29.612,
    0.0
  ],
  [
    29.625,
    0.0
  ],
  [
    29.655,
    0.0
  ],
  [
    29.67,
    0.0
  ],
  [
    29.682,
    0.0
  ],
  [
    29.696,
    0.0
  ],
  [
    29.722,
    0.0
  ],
  [
    29.736,
    0.0
  ],
  [
    29.756,
    0.0
  ],
  [
    29.767,
    0.0
  ],
  [
    29.783,
    0.0
  ],
  [
    29.807,
    0.0
  ],
  [
    29.822,
    0.0
  ],
  [
    29.849,
    0.0
  ],
  [
    29.859,
    0.0
  ],
  [
    29.875,
    0.0
  ],
  [
    29.902,
    0.0
  ],
  [
    29.912,
    0.0
  ],
  [
    29.938,
    0.0
  ],
  [
    29.948,
    0.0
  ],
  [
    29.963,
    0.0
  ],
  [
    29.99,
    0.0
  ],
  [
    30.003,
    0.0
  ],
  [
    30.016,
    0.0
  ],
  [
    30.03,
    0.0
  ],
  [
    30.059,
    0.0
  ],
  [
    30.068,
    0.0
  ],
  [
    30.097,
    0.0
  ],
  [
    30.106,
    0.0
  ],
  [
    30.133,
    0.0
  ],
  [
    30.141,
    0.0
  ],
  [
    30.156,
    0.0
  ],
  [
    30.173,
    0.0
  ],
  [
    30.197,
    0.0
  ],
  [
    30.207,
    0.0
  ],
  [
    30.233,
    0.0
  ],
  [
    30.243,
    0.0
  ],
  [
    30.258,
    0.0
  ],
  [
    30.285,
    0.0
  ],
  [
    30.297,
    0.0
  ],
  [
    30.308,
    0.0
  ],
  [
    30.329,
    0.0
  ],
  [
    30.354,
    0.0
  ],
  [
    30.363,
    0.0
  ],
  [
    30.388,
    0.0
  ],
  [
    30.399,
    0.0
  ],
  [
    30.411,
    0.0
  ],
  [
    30.44,
    0.0
  ],
  [
    30.448,
    0.0
  ],
  [
    30.478,
    0.0
  ],
  [
    30.488,
    0.0
  ],
  [
    30.511,
    0.0
  ],
  [
    30.524,
    0.0
  ],
  [
    30.536,
    0.0
  ],
  [
    30.561,
    0.0
  ],
  [
    30.571,
    0.0
  ],
  [
    30.587,
    0.0
  ],
  [
    30.616,
    0.0
  ],
  [
    30.626,
    0.0
  ],
  [
    30.641,
    0.0
  ],
  [
    30.669,
    0.0
  ],
  [
    30.682,
    0.0
  ],
  [
    30.699,
    0.0
  ],
  [
    30.712,
    0.0
  ],
  [
    30.737,
    0.0
  ],
  [
    30.75,
    0.0
  ],
  [
    30.761,
    0.0
  ],
  [
    30.789,
    0.0
  ],
  [
    30.8,
    0.0
  ],
  [
    30.815,
    0.0
  ],
  [
    30.839,
    0.0
  ],
  [
    30.854,
    0.0
  ],
  [
    30.877,
    0.0
  ],
  [
    30.891,
    0.0
  ],
  [
    30.904,
    0.0
  ],
  [
    30.933,
    0.0
  ],
  [
    30.941,
    0.0
  ],
  [
    30.968,
    0.0
  ],
  [
    30.975,
    0.0
  ],
  [
    31.004,
    0.0
  ],
  [
    31.017,
    0.0
  ],
  [
    31.031,
    0.0
  ],
  [
    31.063,
    0.0
  ],
  [
    31.074,
    0.0
  ],
  [
    31.098,
    0.0
  ],
  [
    31.111,
    0.0
  ],
  [
    31.139,
    0.0
  ],
  [
    31.149,
    0.0
  ],
  [
    31.162,
    0.0
  ],
  [
    31.188,
    0.0
  ],
  [
    31.199,
    0.0
  ],
  [
    31.214,
    0.0
  ],
  [
    31.239,
    0.0
  ],
  [
    31.252,
    0.0
  ],
  [
    31.28,
    0.0
  ],
  [
    31.289,
    0.0
  ],
  [
    31.304,
    0.0
  ],
  [
    31.32,
    0.0
  ],
  [
    31.349,
    0.0
  ],
  [
    31.359,
    0.0
  ],
  [
    31.388,
    0.0
  ],
  [
    31.399,
    0.0
  ],
  [
    31.413,
    0.0
  ],
  [
    31.439,
    0.0
  ],
  [
    31.448,
    0.0
  ],
  [
    31.472,
    0.0
  ],
  [
    31.481,
    0.0
  ],
  [
    31.494,
    0.0
  ],
  [
    31.51,
    0.0
  ],
  [
    31.534,
    0.0
  ],
  [
    31.544,
    0.0
  ],
  [
    31.571,
    0.0
  ],
  [
    31.579,
    0.0
  ],
  [
    31.607,
    0.0
  ],
  [
    31.616,
    0.0
  ],
  [
    31.63,
    0.0
  ],
  [
    31.646,
    0.0
  ],
  [
    31.671,
    0.0
  ],
  [
    31.681,
    0.0
  ],
  [
    31.705,
    0.0
  ],
  [
    31.717,
    0.0
  ],
  [
    31.732,
    0.0
  ],
  [
    31.748,
    0.0
  ],
  [
    31.774,
    0.0
  ],
  [
    31.784,
    0.0
  ],
  [
    31.797,
    0.0
  ],
  [
    31.827,
    0.0
  ],
  [
    31.837,
    0.0
  ],
  [
    31.852,
    0.0
  ],
  [
    31.878,
    0.0
  ],
  [
    31.89,
    0.0
  ],
  [
    31.906,
    0.0
  ],
  [
    31.919,
    0.0
  ],
  [
    31.946,
    0.0
  ],
  [
    31.959,
    0.0
  ],
  [
    31.971,
    0.0
  ],
  [
    32.001,
    0.0
  ],
  [
    32.014,
    0.0
  ],
  [
    32.026,
    0.0
  ],
  [
    32.041,
    0.0
  ],
  [
    32.056,
    0.0
  ],
  [
    32.077,
    0.0
  ],
  [
    32.093,
    0.0
  ],
  [
    32.121,
    0.0
  ],
  [
    32.135,
    0.0
  ],
  [
    32.147,
    0.0
  ],
  [
    32.161,
    0.0
  ],
  [
    32.189,
    0.0
  ],
  [
    32.198,
    0.0
  ],
  [
    32.213,
    0.0
  ],
  [
    32.228,
    0.0
  ],
  [
    32.258,
    0.0
  ],
  [
    32.268,
    0.0
  ],
  [
    32.282,
    0.0
  ],
  [
    32.313,
    0.0
  ],
  [
    32.324,
    0.0
  ],
  [
    32.335,
    0.0
  ],
  [
    32.362,
    0.0
  ],
  [
    32.373,
    0.0
  ],
  [
    32.388,
    0.0
  ],
  [
    32.414,
    0.0
  ],
  [
    32.427,
    0.0
  ],
  [
    32.444,
    0.0
  ],
  [
    32.453,
    0.0
  ],
  [
    32.48,
    0.0
  ],
  [
    32.505,
    0.0
  ],
  [
    32.514,
    0.0
  ],
  [
    32.528,
    0.0
  ],
  [
    32.553,
    0.0
  ],
  [
    32.562,
    0.0
  ],
  [
    32.579,
    0.0
  ],
  [
    32.604,
    0.0
  ],
  [
    32.619,
    0.0
  ],
  [
    32.631,
    0.0
  ],
  [
    32.657,
    0.0
  ],
  [
    32.67,
    0.0
  ],
  [
    32.685,
    0.0
  ],
  [
    32.699,
    0.0
  ],
  [
    32.713,
    0.0
  ],
  [
    32.741,
    0.0
  ],
  [
    32.752,
    0.0
  ],
  [
    32.777,
    0.0
  ],
  [
    32.787,
    0.0
  ],
  [
    32.799,
    0.0
  ],
  [
    32.831,
    0.0
  ],
  [
    32.842,
    0.0
  ],
  [
    32.856,
    0.0
  ],
  [
    32.88,
    0.0
  ],
  [
    32.894,
    0.0
  ],
  [
    32.908,
    0.0
  ],
  [
    32.922,
    0.0
  ],
  [
    32.949,
    0.0
  ],
  [
    32.96,
    0.0
  ],
  [
    32.971,
    0.0
  ],
  [
    32.999,
    0.0
  ],
  [
    33.011,
    0.0
  ],
  [
    33.028,
    0.0
  ],
  [
    33.042,
    0.0
  ],
  [
    33.059,
    0.0
  ],
  [
    33.074,
    0.0
  ],
  [
    33.088,
    0.0
  ],
  [
    33.117,
    0.0
  ],
  [
    33.128,
    0.0
  ],
  [
    33.141,
    0.0
  ],
  [
    33.159,
    0.0
  ],
  [
    33.184,
    0.0
  ],
  [
    33.192,
    0.0
  ],
  [
    33.221,
    0.0
  ],
  [
    33.231,
    0.0
  ],
  [
    33.257,
    0.0
  ],
  [
    33.267,
    0.0
  ],
  [
    33.295,
    0.0
  ],
  [
    33.308,
    0.0
  ],
  [
    33.329,
    0.0
  ],
  [
    33.341,
    0.0
  ],
  [
    33.36,
    0.0
  ],
  [
    33.38,
    0.0
  ],
  [
    33.392,
    0.0
  ],
  [
    33.404,
    0.0
  ],
  [
    33.43,
    0.0
  ],
  [
    33.44,
    0.0
  ],
  [
    33.455,
    0.0
  ],
  [
    33.481,
    0.0
  ],
  [
    33.493,
    0.0
  ],
  [
    33.507,
    0.0
  ],
  [
    33.533,
    0.0
  ],
  [
    33.548,
    0.0
  ],
  [
    33.559,
    0.0
  ],
  [
    33.574,
    0.0
  ],
  [
    33.602,
    0.0
  ],
  [
    33.615,
    0.0
  ],
  [
    33.627,
    0.0
  ],
  [
    33.643,
    0.0
  ],
  [
    33.674,
    0.0
  ],
  [
    33.686,
    0.0
  ],
  [
    33.702,
    0.0
  ],
  [
    33.727,
    0.0
  ],
  [
    33.739,
    0.0
  ],
  [
    33.751,
    0.0
  ],
  [
    33.779,
    0.0
  ],
  [
    33.787,
    0.0
  ],
  [
    33.81,
    0.0
  ],
  [
    33.827,
    0.0
  ],
  [
    33.846,
    0.0
  ],
  [
    33.859,
    0.0
  ],
  [
    33.874,
    0.0
  ],
  [
    33.889,
    0.0
  ],
  [
    33.919,
    0.0
  ],
  [
    33.935,
    0.0
  ],
  [
    33.945,
    0.0
  ],
  [
    33.96,
    0.0
  ],
  [
    33.991,
    0.0
  ],
  [
    34.002,
    0.0
  ],
  [
    34.014,
    0.0
  ],
  [
    34.049,
    0.0
  ],
  [
    34.058,
    0.0
  ],
  [
    34.072,
    0.0
  ],
  [
    34.1,
    0.0
  ],
  [
    34.111,
    0.0
  ],
  [
    34.125,
    0.0
  ],
  [
    34.141,
    0.0
  ],
  [
    34.169,
    0.0
  ],
  [
    34.177,
    0.0
  ],
  [
    34.203,
    0.0
  ],
  [
    34.212,
    0.0
  ],
  [
    34.231,
    0.0
  ],
  [
    34.253,
    0.0
  ],
  [
    34.263,
    0.0
  ],
  [
    34.278,
    0.0
  ],
  [
    34.304,
    0.0
  ],
  [
    34.313,
    0.0
  ],
  [
    34.342,
    0.0
  ],
  [
    34.359,
    0.0
  ],
  [
    34.371,
    0.0
  ],
  [
    34.387,
    0.0
  ],
  [
    34.401,
    0.0
  ],
  [
    34.417,
    0.0
  ],
  [
    34.434,
    0.0
  ],
  [
    34.464,
    0.0
  ],
  [
    34.481,
    0.0
  ],
  [
    34.498,
    0.0
  ],
  [
    34.515,
    0.0
  ],
  [
    34.531,
    0.0
  ],
  [
    34.55,
    0.0
  ],
  [
    34.562,
    0.0
  ],
  [
    34.589,
    0.0
  ],
  [
    34.605,
    0.0
  ],
  [
    34.617,
    0.0
  ],
  [
    34.631,
    0.0
  ],
  [
    34.645,
    0.0
  ],
  [
    34.672,
    0.0
  ],
  [
    34.689,
    0.0
  ],
  [
    34.7,
    0.0
  ],
  [
    34.715,
    0.0
  ],
  [
    34.73,
    0.0
  ],
  [
    34.762,
    0.0
  ],
  [
    34.774,
    0.0
  ],
  [
    34.789,
    0.0
  ],
  [
    34.804,
    0.0
  ],
  [
    34.834,
    0.0
  ],
  [
    34.845,
    0.0
  ],
  [
    34.862,
    0.0
  ],
  [
    34.888,
    0.0
  ],
  [
    34.901,
    0.0
  ],
  [
    34.915,
    0.0
  ],
  [
    34.932,
    0.0
  ],
  [
    34.951,
    0.0
  ],
  [
    34.967,
    0.0
  ],
  [
    34.981,
    0.0
  ],
  [
    35.009,
    0.0
  ],
  [
    35.019,
    0.0
  ],
  [
    35.049,
    0.0
  ],
  [
    35.066,
    0.0
  ],
  [
    35.081,
    0.0
  ],
  [
    35.097,
    0.0
  ],
  [
    35.113,
    0.0
  ],
  [
    35.129,
    0.0
  ],
  [
    35.147,
    0.0
  ],
  [
    35.161,
    0.0
  ],
  [
    35.18,
    0.0
  ],
  [
    35.191,
    0.0
  ],
  [
    35.22,
    0.0
  ],
  [
    35.229,
    0.0
  ],
  [
    35.243,
    0.0
  ],
  [
    35.272,
    0.0
  ],
  [
    35.284,
    0.0
  ],
  [
    35.297,
    0.0
  ],
  [
    35.31,
    0.0
  ],
  [
    35.335,
    0.0
  ],
  [
    35.349,
    0.0
  ],
  [
    35.377,
    0.0
  ],
  [
    35.386,
    0.0
  ],
  [
    35.4,
    0.0
  ],
  [
    35.427,
    0.0
  ],
  [
    35.44,
    0.0
  ],
  [
    35.456,
    0.0
  ],
  [
    35.474,
    0.0
  ],
  [
    35.489,
    0.0
  ],
  [
    35.515,
    0.0
  ],
  [
    35.53,
    0.0
  ],
  [
    35.544,
    0.0
  ],
  [
    35.575,
    0.0
  ],
  [
    35.587,
    0.0
  ],
  [
    35.603,
    0.0
  ],
  [
    35.614,
    0.0
  ],
  [
    35.641,
    0.0
  ],
  [
    35.659,
    0.0
  ],
  [
    35.675,
    0.0
  ],
  [
    35.685,
    0.0
  ],
  [
    35.712,
    0.0
  ],
  [
    35.722,
    0.0
  ],
  [
    35.746,
    0.0
  ],
  [
    35.759,
    0.0
  ],
  [
    35.771,
    0.0
  ],
  [
    35.795,
    0.0
  ],
  [
    35.804,
    0.0
  ],
  [
    35.827,
    0.0
  ],
  [
    35.848,
    0.0
  ],
  [
    35.862,
    0.0
  ],
  [
    35.872,
    0.0
  ],
  [
    35.896,
    0.0
  ],
  [
    35.906,
    0.0
  ],
  [
    35.932,
    0.0
  ],
  [
    35.944,
    0.0
  ],
  [
    35.966,
    0.0
  ],
  [
    35.975,
    0.0
  ],
  [
    35.999,
    0.0
  ],
  [
    36.012,
    0.0
  ],
  [
    36.04,
    0.0
  ],
  [
    36.046,
    0.0
  ],
  [
    36.072,
    0.0
  ],
  [
    36.083,
    0.0
  ],
  [
    36.105,
    0.0
  ],
  [
    36.114,
    0.0
  ],
  [
    36.138,
    0.0
  ],
  [
    36.147,
    0.0
  ],
  [
    36.162,
    0.0
  ],
  [
    36.179,
    0.0
  ],
  [
    36.195,
    0.0
  ],
  [
    36.217,
    0.0
  ],
  [
    36.231,
    0.0
  ],
  [
    36.248,
    0.0
  ],
  [
    36.266,
    0.0
  ],
  [
    36.279,
    0.0
  ],
  [
    36.291,
    0.0
  ],
  [
    36.314,
    0.0
  ],
  [
    36.334,
    0.0
  ],
  [
    36.343,
    0.0
  ],
  [
    36.371,
    0.0
  ],
  [
    36.378,
    0.0
  ],
  [
    36.404,
    0.0
  ],
  [
    36.412,
    0.0
  ],
  [
    36.434,
    0.0
  ],
  [
    36.447,
    0.0
  ],
  [
    36.469,
    0.0
  ],
  [
    36.48,
    0.0
  ],
  [
    36.507,
    0.0
  ],
  [
    36.522,
    0.0
  ],
  [
    36.536,
    0.0
  ],
  [
    36.55,
    0.0
  ],
  [
    36.569,
    0.0
  ],
  [
    36.586,
    0.0
  ],
  [
    36.602,
    0.0
  ],
  [
    36.614,
    0.0
  ],
  [
    36.637,
    0.0
  ],
  [
    36.652,
    0.0
  ],
  [
    36.677,
    0.0
  ],
  [
    36.686,
    0.0
  ],
  [
    36.709,
    0.0
  ],
  [
    36.716,
    0.0
  ],
  [
    36.741,
    0.0
  ],
  [
    36.759,
    0.0
  ],
  [
    36.771,
    0.0
  ],
  [
    36.782,
    0.0
  ],
  [
    36.806,
    0.0
  ],
  [
    36.815,
    0.0
  ],
  [
    36.841,
    0.0
  ],
  [
    36.85,
    0.0
  ],
  [
    36.873,
    0.0
  ],
  [
    36.893,
    0.0
  ],
  [
    36.903,
    0.0
  ],
  [
    36.927,
    0.0
  ],
  [
    36.94,
    0.0
  ],
  [
    36.962,
    0.0
  ],
  [
    36.977,
    0.0
  ],
  [
    36.987,
    0.0
  ],
  [
    37.009,
    0.0
  ],
  [
    37.034,
    0.0
  ],
  [
    37.047,
    0.0
  ],
  [
    37.06,
    0.0
  ],
  [
    37.088,
    0.0
  ],
  [
    37.096,
    0.0
  ],
  [
    37.125,
    0.0
  ],
  [
    37.131,
    0.0
  ],
  [
    37.157,
    0.0
  ],
  [
    37.164,
    0.0
  ],
  [
    37.189,
    0.0
  ],
  [
    37.2,
    0.0
  ],
  [
    37.209,
    0.0
  ],
  [
    37.227,
    0.0
  ],
  [
    37.25,
    0.0
  ],
  [
    37.274,
    0.0
  ],
  [
    37.283,
    0.0
  ],
  [
    37.307,
    0.0
  ],
  [
    37.317,
    0.0
  ],
  [
    37.341,
    0.0
  ]
]