# Steering Wheel Angle Log (Actual Physical Angle)
# Start time : 2026-06-13 12:14:15
# End time   : 2026-06-13 12:14:53
# Total time : 38.04 seconds
# Points     : 2070
# Format     : [[elapsed_seconds, wheel_angle_degrees], ...]
[
  [
    0.225,
    0.0
  ],
  [
    0.247,
    0.0
  ],
  [
    0.263,
    0.0
  ],
  [
    0.274,
    0.0
  ],
  [
    0.304,
    0.0
  ],
  [
    0.313,
    0.0
  ],
  [
    0.326,
    0.0
  ],
  [
    0.357,
    0.0
  ],
  [
    0.368,
    0.0
  ],
  [
    0.391,
    0.0
  ],
  [
    0.415,
    0.0
  ],
  [
    0.426,
    0.0
  ],
  [
    0.436,
    0.0
  ],
  [
    0.465,
    0.0
  ],
  [
    0.473,
    0.0
  ],
  [
    0.501,
    0.0
  ],
  [
    0.513,
    0.0
  ],
  [
    0.54,
    0.0
  ],
  [
    0.549,
    0.0
  ],
  [
    0.577,
    0.0
  ],
  [
    0.59,
    0.0
  ],
  [
    0.599,
    0.0
  ],
  [
    0.632,
    0.0
  ],
  [
    0.638,
    0.0
  ],
  [
    0.665,
    0.0
  ],
  [
    0.675,
    0.0
  ],
  [
    0.694,
    0.0
  ],
  [
    0.708,
    0.0
  ],
  [
    0.739,
    0.0
  ],
  [
    0.751,
    0.0
  ],
  [
    0.78,
    0.0
  ],
  [
    0.793,
    0.0
  ],
  [
    0.803,
    0.0
  ],
  [
    0.822,
    0.0
  ],
  [
    0.851,
    0.0
  ],
  [
    0.869,
    0.0
  ],
  [
    0.879,
    0.0
  ],
  [
    0.908,
    0.0
  ],
  [
    0.921,
    0.0
  ],
  [
    0.933,
    0.0
  ],
  [
    0.958,
    0.0
  ],
  [
    0.971,
    0.0
  ],
  [
    0.992,
    0.0
  ],
  [
    1.004,
    0.0
  ],
  [
    1.034,
    0.0
  ],
  [
    1.05,
    0.0
  ],
  [
    1.062,
    0.0
  ],
  [
    1.075,
    0.0
  ],
  [
    1.1,
    0.0
  ],
  [
    1.111,
    0.0
  ],
  [
    1.14,
    0.0
  ],
  [
    1.147,
    0.0
  ],
  [
    1.16,
    0.0
  ],
  [
    1.187,
    0.0
  ],
  [
    1.196,
    0.0
  ],
  [
    1.212,
    0.0
  ],
  [
    1.23,
    0.0
  ],
  [
    1.257,
    0.0
  ],
  [
    1.283,
    0.0
  ],
  [
    1.297,
    0.0
  ],
  [
    1.322,
    0.0
  ],
  [
    1.337,
    0.0
  ],
  [
    1.347,
    0.0
  ],
  [
    1.375,
    0.0
  ],
  [
    1.385,
    0.0
  ],
  [
    1.4,
    0.0
  ],
  [
    1.432,
    0.0
  ],
  [
    1.441,
    0.0
  ],
  [
    1.474,
    0.0
  ],
  [
    1.487,
    0.0
  ],
  [
    1.5,
    0.0
  ],
  [
    1.515,
    0.0
  ],
  [
    1.531,
    0.0
  ],
  [
    1.557,
    0.0
  ],
  [
    1.569,
    0.0
  ],
  [
    1.584,
    0.0
  ],
  [
    1.611,
    0.0
  ],
  [
    1.62,
    0.0
  ],
  [
    1.635,
    0.0
  ],
  [
    1.665,
    0.0
  ],
  [
    1.675,
    0.0
  ],
  [
    1.692,
    0.0
  ],
  [
    1.707,
    0.0
  ],
  [
    1.736,
    0.0
  ],
  [
    1.745,
    0.0
  ],
  [
    1.774,
    0.0
  ],
  [
    1.784,
    0.0
  ],
  [
    1.799,
    0.0
  ],
  [
    1.827,
    0.0
  ],
  [
    1.838,
    0.0
  ],
  [
    1.865,
    0.0
  ],
  [
    1.876,
    0.0
  ],
  [
    1.904,
    0.0
  ],
  [
    1.914,
    0.0
  ],
  [
    1.927,
    0.0
  ],
  [
    1.958,
    0.0
  ],
  [
    1.97,
    0.0
  ],
  [
    1.983,
    0.0
  ],
  [
    2.013,
    0.0
  ],
  [
    2.027,
    0.0
  ],
  [
    2.038,
    0.0
  ],
  [
    2.058,
    0.0
  ],
  [
    2.07,
    0.0
  ],
  [
    2.097,
    0.0
  ],
  [
    2.105,
    0.0
  ],
  [
    2.137,
    0.0
  ],
  [
    2.148,
    0.0
  ],
  [
    2.161,
    0.0
  ],
  [
    2.185,
    0.0
  ],
  [
    2.198,
    0.0
  ],
  [
    2.226,
    0.0
  ],
  [
    2.236,
    0.0
  ],
  [
    2.265,
    0.0
  ],
  [
    2.276,
    0.0
  ],
  [
    2.288,
    0.0
  ],
  [
    2.318,
    0.0
  ],
  [
    2.329,
    0.0
  ],
  [
    2.359,
    0.0
  ],
  [
    2.37,
    0.0
  ],
  [
    2.397,
    0.0
  ],
  [
    2.408,
    0.0
  ],
  [
    2.433,
    0.0
  ],
  [
    2.448,
    0.0
  ],
  [
    2.458,
    0.0
  ],
  [
    2.486,
    0.0
  ],
  [
    2.496,
    0.0
  ],
  [
    2.512,
    0.0
  ],
  [
    2.54,
    0.0
  ],
  [
    2.55,
    0.0
  ],
  [
    2.577,
    0.0
  ],
  [
    2.587,
    0.0
  ],
  [
    2.618,
    0.0
  ],
  [
    2.628,
    0.0
  ],
  [
    2.64,
    0.0
  ],
  [
    2.671,
    0.0
  ],
  [
    2.678,
    0.0
  ],
  [
    2.707,
    0.0
  ],
  [
    2.718,
    0.0
  ],
  [
    2.746,
    0.0
  ],
  [
    2.756,
    0.0
  ],
  [
    2.771,
    0.0
  ],
  [
    2.798,
    0.0
  ],
  [
    2.807,
    0.0
  ],
  [
    2.821,
    0.0
  ],
  [
    2.848,
    0.0
  ],
  [
    2.861,
    0.0
  ],
  [
    2.873,
    0.0
  ],
  [
    2.897,
    0.0
  ],
  [
    2.906,
    0.0
  ],
  [
    2.936,
    0.0
  ],
  [
    2.946,
    0.0
  ],
  [
    2.96,
    0.0
  ],
  [
    2.988,
    0.0
  ],
  [
    3.001,
    0.0
  ],
  [
    3.028,
    0.0
  ],
  [
    3.037,
    0.0
  ],
  [
    3.052,
    0.0
  ],
  [
    3.067,
    0.0
  ],
  [
    3.096,
    0.0
  ],
  [
    3.104,
    0.0
  ],
  [
    3.132,
    0.0
  ],
  [
    3.148,
    0.0
  ],
  [
    3.16,
    0.0
  ],
  [
    3.173,
    0.0
  ],
  [
    3.198,
    0.0
  ],
  [
    3.215,
    0.0
  ],
  [
    3.226,
    0.0
  ],
  [
    3.254,
    0.0
  ],
  [
    3.265,
    0.0
  ],
  [
    3.293,
    0.0
  ],
  [
    3.304,
    0.0
  ],
  [
    3.338,
    0.0
  ],
  [
    3.345,
    0.0
  ],
  [
    3.373,
    0.0
  ],
  [
    3.383,
    0.0
  ],
  [
    3.411,
    0.0
  ],
  [
    3.419,
    0.0
  ],
  [
    3.434,
    0.0
  ],
  [
    3.461,
    0.0
  ],
  [
    3.474,
    0.0
  ],
  [
    3.5,
    0.0
  ],
  [
    3.516,
    0.0
  ],
  [
    3.525,
    0.0
  ],
  [
    3.54,
    0.0
  ],
  [
    3.565,
    0.0
  ],
  [
    3.575,
    0.0
  ],
  [
    3.589,
    0.0
  ],
  [
    3.617,
    0.0
  ],
  [
    3.629,
    0.0
  ],
  [
    3.654,
    0.0
  ],
  [
    3.666,
    0.0
  ],
  [
    3.678,
    0.0
  ],
  [
    3.707,
    0.0
  ],
  [
    3.716,
    0.0
  ],
  [
    3.746,
    0.0
  ],
  [
    3.757,
    0.0
  ],
  [
    3.77,
    0.0
  ],
  [
    3.796,
    0.0
  ],
  [
    3.805,
    0.0
  ],
  [
    3.82,
    0.0
  ],
  [
    3.849,
    0.0
  ],
  [
    3.861,
    0.0
  ],
  [
    3.876,
    0.0
  ],
  [
    3.901,
    0.0
  ],
  [
    3.917,
    0.0
  ],
  [
    3.928,
    0.0
  ],
  [
    3.954,
    0.0
  ],
  [
    3.968,
    0.0
  ],
  [
    3.978,
    0.0
  ],
  [
    4.006,
    0.0
  ],
  [
    4.014,
    0.0
  ],
  [
    4.041,
    0.0
  ],
  [
    4.052,
    0.0
  ],
  [
    4.082,
    0.0
  ],
  [
    4.09,
    0.0
  ],
  [
    4.12,
    0.0
  ],
  [
    4.13,
    0.0
  ],
  [
    4.141,
    0.0
  ],
  [
    4.172,
    0.0
  ],
  [
    4.182,
    0.0
  ],
  [
    4.196,
    0.0
  ],
  [
    4.222,
    0.0
  ],
  [
    4.235,
    0.0
  ],
  [
    4.263,
    0.0
  ],
  [
    4.273,
    0.0
  ],
  [
    4.287,
    0.0
  ],
  [
    4.317,
    0.0
  ],
  [
    4.331,
    0.0
  ],
  [
    4.341,
    0.0
  ],
  [
    4.373,
    0.0
  ],
  [
    4.384,
    0.0
  ],
  [
    4.398,
    0.0
  ],
  [
    4.414,
    0.0
  ],
  [
    4.433,
    0.0
  ],
  [
    4.446,
    0.0
  ],
  [
    4.478,
    0.0
  ],
  [
    4.495,
    0.0
  ],
  [
    4.507,
    0.0
  ],
  [
    4.523,
    0.0
  ],
  [
    4.55,
    0.0
  ],
  [
    4.56,
    0.0
  ],
  [
    4.587,
    0.0
  ],
  [
    4.619,
    0.0
  ],
  [
    4.629,
    0.0
  ],
  [
    4.641,
    0.0
  ],
  [
    4.672,
    0.0
  ],
  [
    4.682,
    0.0
  ],
  [
    4.701,
    0.0
  ],
  [
    4.714,
    0.0
  ],
  [
    4.731,
    0.0
  ],
  [
    4.761,
    0.0
  ],
  [
    4.771,
    0.0
  ],
  [
    4.784,
    0.0
  ],
  [
    4.814,
    0.0
  ],
  [
    4.824,
    0.0
  ],
  [
    4.852,
    0.0
  ],
  [
    4.863,
    0.0
  ],
  [
    4.878,
    0.0
  ],
  [
    4.909,
    0.0
  ],
  [
    4.918,
    0.0
  ],
  [
    4.934,
    0.0
  ],
  [
    4.961,
    0.0
  ],
  [
    4.977,
    0.0
  ],
  [
    4.987,
    0.0
  ],
  [
    5.014,
    0.0
  ],
  [
    5.027,
    0.0
  ],
  [
    5.055,
    0.0
  ],
  [
    5.071,
    0.0
  ],
  [
    5.084,
    0.0
  ],
  [
    5.099,
    0.0
  ],
  [
    5.127,
    0.0
  ],
  [
    5.138,
    0.0
  ],
  [
    5.168,
    0.0
  ],
  [
    5.18,
    0.0
  ],
  [
    5.192,
    0.0
  ],
  [
    5.219,
    0.0
  ],
  [
    5.231,
    0.0
  ],
  [
    5.243,
    0.0
  ],
  [
    5.27,
    0.0
  ],
  [
    5.285,
    0.0
  ],
  [
    5.299,
    0.0
  ],
  [
    5.313,
    0.0
  ],
  [
    5.345,
    0.0
  ],
  [
    5.367,
    0.0
  ],
  [
    5.377,
    0.0
  ],
  [
    5.391,
    0.0
  ],
  [
    5.432,
    0.0
  ],
  [
    5.444,
    0.0
  ],
  [
    5.474,
    0.0
  ],
  [
    5.484,
    0.0
  ],
  [
    5.498,
    0.0
  ],
  [
    5.526,
    0.0
  ],
  [
    5.542,
    0.0
  ],
  [
    5.554,
    0.0
  ],
  [
    5.581,
    0.0
  ],
  [
    5.591,
    0.0
  ],
  [
    5.607,
    0.0
  ],
  [
    5.626,
    0.0
  ],
  [
    5.655,
    0.0
  ],
  [
    5.667,
    0.0
  ],
  [
    5.682,
    0.0
  ],
  [
    5.697,
    0.0
  ],
  [
    5.723,
    0.0
  ],
  [
    5.734,
    0.0
  ],
  [
    5.748,
    0.0
  ],
  [
    5.763,
    0.0
  ],
  [
    5.792,
    0.0
  ],
  [
    5.803,
    0.0
  ],
  [
    5.819,
    0.0
  ],
  [
    5.849,
    0.0
  ],
  [
    5.86,
    0.0
  ],
  [
    5.875,
    0.0
  ],
  [
    5.905,
    0.0
  ],
  [
    5.916,
    0.0
  ],
  [
    5.929,
    0.0
  ],
  [
    5.959,
    0.0
  ],
  [
    5.974,
    0.0
  ],
  [
    6.002,
    0.0
  ],
  [
    6.015,
    0.0
  ],
  [
    6.025,
    0.0
  ],
  [
    6.042,
    0.0
  ],
  [
    6.066,
    0.0
  ],
  [
    6.083,
    0.0
  ],
  [
    6.099,
    0.0
  ],
  [
    6.111,
    0.0
  ],
  [
    6.142,
    0.0
  ],
  [
    6.154,
    0.0
  ],
  [
    6.183,
    0.0
  ],
  [
    6.197,
    0.0
  ],
  [
    6.207,
    0.0
  ],
  [
    6.223,
    0.0
  ],
  [
    6.25,
    0.0
  ],
  [
    6.264,
    0.0
  ],
  [
    6.295,
    0.0
  ],
  [
    6.305,
    0.0
  ],
  [
    6.335,
    0.0
  ],
  [
    6.348,
    0.0
  ],
  [
    6.361,
    0.0
  ],
  [
    6.389,
    0.0
  ],
  [
    6.397,
    0.0
  ],
  [
    6.427,
    0.0
  ],
  [
    6.438,
    0.0
  ],
  [
    6.465,
    0.0
  ],
  [
    6.478,
    0.0
  ],
  [
    6.489,
    0.0
  ],
  [
    6.522,
    0.0
  ],
  [
    6.533,
    0.0
  ],
  [
    6.565,
    0.0
  ],
  [
    6.577,
    0.0
  ],
  [
    6.606,
    0.0
  ],
  [
    6.618,
    0.0
  ],
  [
    6.634,
    0.0
  ],
  [
    6.666,
    0.0
  ],
  [
    6.677,
    0.0
  ],
  [
    6.692,
    0.0
  ],
  [
    6.706,
    0.0
  ],
  [
    6.736,
    0.0
  ],
  [
    6.748,
    0.0
  ],
  [
    6.762,
    0.0
  ],
  [
    6.789,
    0.0
  ],
  [
    6.799,
    0.0
  ],
  [
    6.815,
    0.0
  ],
  [
    6.842,
    0.0
  ],
  [
    6.854,
    0.0
  ],
  [
    6.868,
    0.0
  ],
  [
    6.897,
    0.0
  ],
  [
    6.906,
    0.0
  ],
  [
    6.935,
    0.0
  ],
  [
    6.946,
    0.0
  ],
  [
    6.959,
    0.0
  ],
  [
    6.987,
    0.0
  ],
  [
    6.998,
    0.0
  ],
  [
    7.025,
    0.0
  ],
  [
    7.037,
    0.0
  ],
  [
    7.051,
    0.0
  ],
  [
    7.081,
    0.0
  ],
  [
    7.089,
    0.0
  ],
  [
    7.105,
    0.0
  ],
  [
    7.118,
    0.0
  ],
  [
    7.148,
    0.0
  ],
  [
    7.155,
    0.0
  ],
  [
    7.183,
    0.0
  ],
  [
    7.193,
    0.0
  ],
  [
    7.207,
    0.0
  ],
  [
    7.234,
    0.0
  ],
  [
    7.243,
    0.0
  ],
  [
    7.257,
    0.0
  ],
  [
    7.286,
    0.0
  ],
  [
    7.297,
    0.0
  ],
  [
    7.324,
    0.0
  ],
  [
    7.334,
    0.0
  ],
  [
    7.348,
    0.0
  ],
  [
    7.377,
    0.0
  ],
  [
    7.385,
    0.0
  ],
  [
    7.411,
    0.0
  ],
  [
    7.42,
    0.0
  ],
  [
    7.447,
    0.0
  ],
  [
    7.455,
    0.0
  ],
  [
    7.482,
    0.0
  ],
  [
    7.498,
    0.0
  ],
  [
    7.507,
    0.0
  ],
  [
    7.534,
    0.0
  ],
  [
    7.547,
    0.0
  ],
  [
    7.556,
    0.0
  ],
  [
    7.583,
    0.0
  ],
  [
    7.591,
    0.0
  ],
  [
    7.619,
    0.0
  ],
  [
    7.629,
    0.0
  ],
  [
    7.655,
    0.0
  ],
  [
    7.667,
    0.0
  ],
  [
    7.695,
    0.0
  ],
  [
    7.705,
    0.0
  ],
  [
    7.73,
    0.0
  ],
  [
    7.742,
    0.0
  ],
  [
    7.751,
    0.0
  ],
  [
    7.767,
    0.0
  ],
  [
    7.792,
    0.0
  ],
  [
    7.806,
    0.0
  ],
  [
    7.831,
    0.0
  ],
  [
    7.842,
    0.0
  ],
  [
    7.868,
    0.0
  ],
  [
    7.877,
    0.0
  ],
  [
    7.905,
    0.0
  ],
  [
    7.913,
    0.0
  ],
  [
    7.94,
    0.0
  ],
  [
    7.948,
    0.0
  ],
  [
    7.963,
    0.0
  ],
  [
    7.989,
    0.0
  ],
  [
    8.002,
    0.0
  ],
  [
    8.025,
    0.0
  ],
  [
    8.038,
    0.0
  ],
  [
    8.061,
    0.0
  ],
  [
    8.073,
    0.0
  ],
  [
    8.085,
    0.0
  ],
  [
    8.113,
    0.0
  ],
  [
    8.122,
    0.0
  ],
  [
    8.149,
    0.0
  ],
  [
    8.156,
    0.0
  ],
  [
    8.185,
    0.0
  ],
  [
    8.196,
    0.0
  ],
  [
    8.224,
    0.0
  ],
  [
    8.237,
    0.0
  ],
  [
    8.245,
    0.0
  ],
  [
    8.272,
    0.0
  ],
  [
    8.282,
    0.0
  ],
  [
    8.311,
    0.0
  ],
  [
    8.319,
    0.0
  ],
  [
    8.335,
    0.0
  ],
  [
    8.36,
    0.0
  ],
  [
    8.37,
    0.0
  ],
  [
    8.396,
    0.0
  ],
  [
    8.406,
    0.0
  ],
  [
    8.432,
    0.0
  ],
  [
    8.441,
    0.0
  ],
  [
    8.468,
    0.0
  ],
  [
    8.48,
    0.0
  ],
  [
    8.51,
    0.0
  ],
  [
    8.516,
    0.0
  ],
  [
    8.54,
    0.0
  ],
  [
    8.553,
    0.0
  ],
  [
    8.578,
    0.0
  ],
  [
    8.589,
    0.0
  ],
  [
    8.615,
    0.0
  ],
  [
    8.621,
    0.0
  ],
  [
    8.636,
    0.0
  ],
  [
    8.651,
    0.0
  ],
  [
    8.68,
    0.0
  ],
  [
    8.689,
    0.0
  ],
  [
    8.718,
    0.0
  ],
  [
    8.731,
    0.0
  ],
  [
    8.742,
    0.0
  ],
  [
    8.769,
    0.0
  ],
  [
    8.783,
    0.0
  ],
  [
    8.794,
    0.0
  ],
  [
    8.808,
    0.0
  ],
  [
    8.833,
    0.0
  ],
  [
    8.846,
    0.0
  ],
  [
    8.873,
    0.0
  ],
  [
    8.883,
    0.0
  ],
  [
    8.908,
    0.0
  ],
  [
    8.916,
    0.0
  ],
  [
    8.94,
    0.0
  ],
  [
    8.95,
    0.0
  ],
  [
    8.977,
    0.0
  ],
  [
    8.987,
    0.0
  ],
  [
    9.0,
    0.0
  ],
  [
    9.028,
    0.0
  ],
  [
    9.039,
    0.0
  ],
  [
    9.067,
    0.0
  ],
  [
    9.075,
    0.0
  ],
  [
    9.095,
    0.0
  ],
  [
    9.105,
    0.0
  ],
  [
    9.129,
    0.0
  ],
  [
    9.147,
    0.0
  ],
  [
    9.157,
    0.0
  ],
  [
    9.185,
    0.0
  ],
  [
    9.193,
    0.0
  ],
  [
    9.219,
    0.0
  ],
  [
    9.229,
    0.0
  ],
  [
    9.256,
    0.0
  ],
  [
    9.265,
    0.0
  ],
  [
    9.292,
    0.0
  ],
  [
    9.305,
    0.0
  ],
  [
    9.316,
    0.0
  ],
  [
    9.345,
    0.0
  ],
  [
    9.353,
    0.0
  ],
  [
    9.373,
    0.0
  ],
  [
    9.387,
    0.0
  ],
  [
    9.416,
    0.0
  ],
  [
    9.424,
    0.0
  ],
  [
    9.449,
    0.0
  ],
  [
    9.47,
    0.0
  ],
  [
    9.483,
    0.0
  ],
  [
    9.5,
    0.0
  ],
  [
    9.513,
    0.0
  ],
  [
    9.539,
    0.0
  ],
  [
    9.546,
    0.0
  ],
  [
    9.574,
    0.0
  ],
  [
    9.583,
    0.0
  ],
  [
    9.6,
    0.0
  ],
  [
    9.626,
    0.0
  ],
  [
    9.635,
    0.0
  ],
  [
    9.651,
    0.0
  ],
  [
    9.676,
    0.0
  ],
  [
    9.684,
    0.0
  ],
  [
    9.711,
    0.0
  ],
  [
    9.719,
    0.0
  ],
  [
    9.745,
    0.0
  ],
  [
    9.754,
    0.0
  ],
  [
    9.784,
    0.0
  ],
  [
    9.791,
    0.0
  ],
  [
    9.807,
    0.0
  ],
  [
    9.836,
    0.0
  ],
  [
    9.842,
    0.0
  ],
  [
    9.867,
    0.0
  ],
  [
    9.88,
    0.0
  ],
  [
    9.91,
    0.0
  ],
  [
    9.919,
    0.0
  ],
  [
    9.946,
    0.0
  ],
  [
    9.955,
    0.0
  ],
  [
    9.981,
    0.0
  ],
  [
    9.991,
    0.0
  ],
  [
    10.018,
    0.0
  ],
  [
    10.026,
    0.0
  ],
  [
    10.051,
    0.0
  ],
  [
    10.063,
    0.0
  ],
  [
    10.076,
    0.0
  ],
  [
    10.099,
    0.0
  ],
  [
    10.11,
    0.0
  ],
  [
    10.138,
    0.0
  ],
  [
    10.146,
    0.0
  ],
  [
    10.174,
    0.0
  ],
  [
    10.182,
    0.0
  ],
  [
    10.213,
    0.0
  ],
  [
    10.222,
    0.0
  ],
  [
    10.249,
    0.0
  ],
  [
    10.256,
    0.0
  ],
  [
    10.284,
    0.0
  ],
  [
    10.293,
    0.0
  ],
  [
    10.321,
    0.0
  ],
  [
    10.33,
    0.0
  ],
  [
    10.357,
    0.0
  ],
  [
    10.371,
    0.0
  ],
  [
    10.382,
    0.0
  ],
  [
    10.41,
    0.0
  ],
  [
    10.418,
    0.0
  ],
  [
    10.433,
    0.0
  ],
  [
    10.454,
    0.0
  ],
  [
    10.467,
    0.0
  ],
  [
    10.497,
    0.0
  ],
  [
    10.508,
    0.0
  ],
  [
    10.545,
    0.0
  ],
  [
    10.558,
    0.0
  ],
  [
    10.573,
    -0.9935
  ],
  [
    10.587,
    -2.0815
  ],
  [
    10.613,
    -3.8661
  ],
  [
    10.621,
    -4.5721
  ],
  [
    10.653,
    -6.2692
  ],
  [
    10.66,
    -7.1393
  ],
  [
    10.675,
    -8.0208
  ],
  [
    10.701,
    -9.7707
  ],
  [
    10.713,
    -10.5268
  ],
  [
    10.737,
    -12.3202
  ],
  [
    10.749,
    -13.0068
  ],
  [
    10.774,
    -14.7607
  ],
  [
    10.784,
    -15.4434
  ],
  [
    10.822,
    -17.2463
  ],
  [
    10.832,
    -18.7188
  ],
  [
    10.859,
    -20.4011
  ],
  [
    10.868,
    -21.0922
  ],
  [
    10.893,
    -22.7132
  ],
  [
    10.903,
    -23.4675
  ],
  [
    10.918,
    -24.3744
  ],
  [
    10.945,
    -26.2554
  ],
  [
    10.952,
    -26.9091
  ],
  [
    10.966,
    -26.9477
  ],
  [
    10.993,
    -26.9234
  ],
  [
    11.001,
    -26.9206
  ],
  [
    11.025,
    -26.9079
  ],
  [
    11.044,
    -26.9149
  ],
  [
    11.056,
    -26.9121
  ],
  [
    11.075,
    -26.9058
  ],
  [
    11.093,
    -26.8951
  ],
  [
    11.11,
    -26.9071
  ],
  [
    11.126,
    -26.9091
  ],
  [
    11.14,
    -26.9126
  ],
  [
    11.168,
    -26.8692
  ],
  [
    11.178,
    -26.8685
  ],
  [
    11.205,
    -26.8672
  ],
  [
    11.22,
    -26.844
  ],
  [
    11.231,
    -26.8146
  ],
  [
    11.255,
    -26.8246
  ],
  [
    11.265,
    -26.8161
  ],
  [
    11.291,
    -26.8169
  ],
  [
    11.299,
    -26.8067
  ],
  [
    11.326,
    -26.8074
  ],
  [
    11.336,
    -26.8064
  ],
  [
    11.362,
    -26.8054
  ],
  [
    11.374,
    -26.7895
  ],
  [
    11.387,
    -26.7727
  ],
  [
    11.422,
    -26.7792
  ],
  [
    11.43,
    -26.7771
  ],
  [
    11.456,
    -26.7417
  ],
  [
    11.469,
    -26.7269
  ],
  [
    11.478,
    -26.7259
  ],
  [
    11.508,
    -26.7289
  ],
  [
    11.524,
    -26.7316
  ],
  [
    11.535,
    -26.7369
  ],
  [
    11.551,
    -26.7393
  ],
  [
    11.565,
    -26.732
  ],
  [
    11.594,
    -26.7205
  ],
  [
    11.603,
    -26.7164
  ],
  [
    11.618,
    -26.7141
  ],
  [
    11.646,
    -26.7176
  ],
  [
    11.655,
    -26.7104
  ],
  [
    11.682,
    -26.6851
  ],
  [
    11.691,
    -26.6838
  ],
  [
    11.719,
    -26.6781
  ],
  [
    11.734,
    -26.6449
  ],
  [
    11.744,
    -26.6299
  ],
  [
    11.771,
    -26.637
  ],
  [
    11.779,
    -26.6367
  ],
  [
    11.806,
    -26.6275
  ],
  [
    11.818,
    -26.6266
  ],
  [
    11.833,
    -26.6224
  ],
  [
    11.86,
    -26.6288
  ],
  [
    11.871,
    -26.6231
  ],
  [
    11.893,
    -26.6205
  ],
  [
    11.902,
    -26.6142
  ],
  [
    11.928,
    -26.5832
  ],
  [
    11.938,
    -26.581
  ],
  [
    11.963,
    -26.5784
  ],
  [
    11.976,
    -26.5777
  ],
  [
    11.998,
    -26.5631
  ],
  [
    12.01,
    -26.5578
  ],
  [
    12.035,
    -26.5511
  ],
  [
    12.043,
    -26.547
  ],
  [
    12.07,
    -26.5394
  ],
  [
    12.082,
    -26.5382
  ],
  [
    12.11,
    -26.5386
  ],
  [
    12.117,
    -26.5359
  ],
  [
    12.132,
    -26.5306
  ],
  [
    12.162,
    -26.5345
  ],
  [
    12.174,
    -26.5386
  ],
  [
    12.188,
    -26.5396
  ],
  [
    12.218,
    -26.5431
  ],
  [
    12.228,
    -26.5442
  ],
  [
    12.242,
    -26.5417
  ],
  [
    12.269,
    -26.5379
  ],
  [
    12.278,
    -26.5325
  ],
  [
    12.303,
    -26.5217
  ],
  [
    12.313,
    -26.5178
  ],
  [
    12.337,
    -26.5046
  ],
  [
    12.346,
    -26.4998
  ],
  [
    12.361,
    -26.4961
  ],
  [
    12.384,
    -26.5018
  ],
  [
    12.408,
    -26.501
  ],
  [
    12.417,
    -26.5077
  ],
  [
    12.436,
    -26.5083
  ],
  [
    12.453,
    -26.5039
  ],
  [
    12.469,
    -26.5118
  ],
  [
    12.483,
    -26.5174
  ],
  [
    12.521,
    -26.5207
  ],
  [
    12.531,
    -26.5194
  ],
  [
    12.551,
    -26.5177
  ],
  [
    12.569,
    -26.5164
  ],
  [
    12.585,
    -26.5227
  ],
  [
    12.602,
    -26.5263
  ],
  [
    12.618,
    -26.5298
  ],
  [
    12.638,
    -26.5338
  ],
  [
    12.657,
    -26.5385
  ],
  [
    12.672,
    -26.5434
  ],
  [
    12.685,
    -26.5408
  ],
  [
    12.701,
    -26.5351
  ],
  [
    12.739,
    -26.5242
  ],
  [
    12.752,
    -26.5119
  ],
  [
    12.773,
    -26.5152
  ],
  [
    12.788,
    -26.5198
  ],
  [
    12.816,
    -26.5246
  ],
  [
    12.83,
    -26.5269
  ],
  [
    12.848,
    -26.5297
  ],
  [
    12.874,
    -26.5328
  ],
  [
    12.891,
    -26.5134
  ],
  [
    12.903,
    -26.4937
  ],
  [
    12.92,
    -26.5007
  ],
  [
    12.936,
    -26.505
  ],
  [
    12.949,
    -26.5095
  ],
  [
    12.978,
    -26.5055
  ],
  [
    12.987,
    -26.4951
  ],
  [
    13.0,
    -26.4804
  ],
  [
    13.019,
    -26.4739
  ],
  [
    13.037,
    -26.4758
  ],
  [
    13.054,
    -26.4833
  ],
  [
    13.076,
    -26.4897
  ],
  [
    13.086,
    -26.4958
  ],
  [
    13.105,
    -26.4992
  ],
  [
    13.126,
    -26.502
  ],
  [
    13.143,
    -26.5015
  ],
  [
    13.161,
    -26.4996
  ],
  [
    13.178,
    -26.5051
  ],
  [
    13.201,
    -26.5107
  ],
  [
    13.222,
    -26.5125
  ],
  [
    13.235,
    -26.512
  ],
  [
    13.251,
    -26.5156
  ],
  [
    13.267,
    -26.5189
  ],
  [
    13.282,
    -26.5207
  ],
  [
    13.298,
    -26.5209
  ],
  [
    13.318,
    -26.5208
  ],
  [
    13.337,
    -26.5131
  ],
  [
    13.355,
    -26.5068
  ],
  [
    13.372,
    -26.5101
  ],
  [
    13.387,
    -26.5148
  ],
  [
    13.422,
    -26.5163
  ],
  [
    13.442,
    -26.5137
  ],
  [
    13.454,
    -26.5144
  ],
  [
    13.484,
    -26.5196
  ],
  [
    13.496,
    -26.5109
  ],
  [
    13.522,
    -26.4893
  ],
  [
    13.536,
    -26.4714
  ],
  [
    13.559,
    -26.4539
  ],
  [
    13.569,
    -26.4375
  ],
  [
    13.595,
    -26.4269
  ],
  [
    13.602,
    -26.4155
  ],
  [
    13.631,
    -26.3983
  ],
  [
    13.639,
    -26.3969
  ],
  [
    13.654,
    -26.39
  ],
  [
    13.679,
    -26.3894
  ],
  [
    13.687,
    -26.383
  ],
  [
    13.703,
    -26.3742
  ],
  [
    13.732,
    -26.3789
  ],
  [
    13.741,
    -26.3776
  ],
  [
    13.767,
    -26.3733
  ],
  [
    13.779,
    -26.372
  ],
  [
    13.806,
    -26.3678
  ],
  [
    13.832,
    -26.3661
  ],
  [
    13.84,
    -26.3721
  ],
  [
    13.855,
    -26.3735
  ],
  [
    13.873,
    -26.3702
  ],
  [
    13.891,
    -26.3796
  ],
  [
    13.909,
    -26.3899
  ],
  [
    13.935,
    -26.3998
  ],
  [
    13.956,
    -26.4028
  ],
  [
    13.973,
    -26.4042
  ],
  [
    13.99,
    -26.4105
  ],
  [
    14.007,
    -26.4068
  ],
  [
    14.021,
    -26.4085
  ],
  [
    14.04,
    -26.4135
  ],
  [
    14.053,
    -26.4167
  ],
  [
    14.068,
    -26.421
  ],
  [
    14.093,
    -26.419
  ],
  [
    14.105,
    -26.4126
  ],
  [
    14.134,
    -26.3964
  ],
  [
    14.143,
    -26.3945
  ],
  [
    14.171,
    -26.3829
  ],
  [
    14.181,
    -26.3785
  ],
  [
    14.195,
    -26.3739
  ],
  [
    14.224,
    -26.375
  ],
  [
    14.234,
    -26.3731
  ],
  [
    14.246,
    -26.369
  ],
  [
    14.274,
    -26.365
  ],
  [
    14.283,
    -26.362
  ],
  [
    14.312,
    -26.3556
  ],
  [
    14.321,
    -26.3547
  ],
  [
    14.335,
    -26.3477
  ],
  [
    14.366,
    -26.3504
  ],
  [
    14.373,
    -26.3513
  ],
  [
    14.401,
    -26.3499
  ],
  [
    14.41,
    -26.3557
  ],
  [
    14.438,
    -26.3533
  ],
  [
    14.447,
    -26.3532
  ],
  [
    14.476,
    -26.3459
  ],
  [
    14.486,
    -26.3432
  ],
  [
    14.514,
    -26.346
  ],
  [
    14.527,
    -26.3449
  ],
  [
    14.54,
    -26.3427
  ],
  [
    14.564,
    -26.3434
  ],
  [
    14.574,
    -26.3396
  ],
  [
    14.597,
    -26.3453
  ],
  [
    14.614,
    -26.3523
  ],
  [
    14.628,
    -26.3572
  ],
  [
    14.641,
    -26.3639
  ],
  [
    14.658,
    -26.3667
  ],
  [
    14.682,
    -26.3684
  ],
  [
    14.695,
    -26.358
  ],
  [
    14.718,
    -26.3526
  ],
  [
    14.727,
    -26.3481
  ],
  [
    14.754,
    -26.349
  ],
  [
    14.762,
    -26.3521
  ],
  [
    14.793,
    -26.3406
  ],
  [
    14.802,
    -26.3408
  ],
  [
    14.83,
    -26.3447
  ],
  [
    14.84,
    -26.3401
  ],
  [
    14.864,
    -26.3333
  ],
  [
    14.881,
    -26.3305
  ],
  [
    14.889,
    -26.3279
  ],
  [
    14.918,
    -26.3319
  ],
  [
    14.925,
    -26.3316
  ],
  [
    14.955,
    -26.3331
  ],
  [
    14.97,
    -26.3356
  ],
  [
    14.977,
    -26.3341
  ],
  [
    15.003,
    -26.3309
  ],
  [
    15.014,
    -26.3315
  ],
  [
    15.041,
    -26.3186
  ],
  [
    15.051,
    -26.3171
  ],
  [
    15.081,
    -26.3176
  ],
  [
    15.091,
    -26.3192
  ],
  [
    15.118,
    -26.3219
  ],
  [
    15.126,
    -26.3199
  ],
  [
    15.141,
    -26.3152
  ],
  [
    15.166,
    -26.3153
  ],
  [
    15.183,
    -26.313
  ],
  [
    15.194,
    -26.315
  ],
  [
    15.205,
    -26.3192
  ],
  [
    15.236,
    -26.3221
  ],
  [
    15.243,
    -26.3233
  ],
  [
    15.273,
    -26.3163
  ],
  [
    15.283,
    -26.3171
  ],
  [
    15.311,
    -26.3178
  ],
  [
    15.319,
    -26.3212
  ],
  [
    15.345,
    -26.3211
  ],
  [
    15.357,
    -26.319
  ],
  [
    15.386,
    -26.3195
  ],
  [
    15.395,
    -26.3187
  ],
  [
    15.423,
    -26.3161
  ],
  [
    15.434,
    -26.3152
  ],
  [
    15.454,
    -26.3179
  ],
  [
    15.468,
    -26.3158
  ],
  [
    15.499,
    -26.3255
  ],
  [
    15.507,
    -26.3278
  ],
  [
    15.535,
    -26.3202
  ],
  [
    15.545,
    -26.3201
  ],
  [
    15.559,
    -26.3132
  ],
  [
    15.586,
    -26.316
  ],
  [
    15.599,
    -26.313
  ],
  [
    15.611,
    -26.3145
  ],
  [
    15.637,
    -26.3172
  ],
  [
    15.649,
    -26.3125
  ],
  [
    15.678,
    -26.3175
  ],
  [
    15.688,
    -26.3221
  ],
  [
    15.715,
    -26.3327
  ],
  [
    15.723,
    -26.3288
  ],
  [
    15.752,
    -26.3177
  ],
  [
    15.762,
    -26.3183
  ],
  [
    15.795,
    -26.3176
  ],
  [
    15.809,
    -26.3217
  ],
  [
    15.836,
    0.0
  ],
  [
    15.851,
    -1.2905
  ],
  [
    15.862,
    -2.9439
  ],
  [
    15.908,
    -5.5885
  ],
  [
    15.917,
    -8.4917
  ],
  [
    15.933,
    -9.8549
  ],
  [
    15.95,
    -11.3731
  ],
  [
    15.966,
    -13.0469
  ],
  [
    15.982,
    -14.7305
  ],
  [
    16.0,
    -16.3093
  ],
  [
    16.019,
    -18.069
  ],
  [
    16.037,
    -19.9606
  ],
  [
    16.059,
    -21.7777
  ],
  [
    16.073,
    -23.6401
  ],
  [
    16.092,
    -25.4127
  ],
  [
    16.12,
    -27.1231
  ],
  [
    16.142,
    -29.7716
  ],
  [
    16.154,
    -31.7231
  ],
  [
    16.174,
    -33.482
  ],
  [
    16.194,
    -35.4229
  ],
  [
    16.215,
    -37.5505
  ],
  [
    16.229,
    -39.3102
  ],
  [
    16.246,
    -40.0
  ],
  [
    16.265,
    -40.0
  ],
  [
    16.278,
    -40.0
  ],
  [
    16.294,
    -40.0
  ],
  [
    16.331,
    -40.0
  ],
  [
    16.338,
    -40.0
  ],
  [
    16.365,
    -40.0
  ],
  [
    16.374,
    -40.0
  ],
  [
    16.399,
    -40.0
  ],
  [
    16.408,
    -40.0
  ],
  [
    16.437,
    -40.0
  ],
  [
    16.443,
    -40.0
  ],
  [
    16.463,
    -40.0
  ],
  [
    16.491,
    -40.0
  ],
  [
    16.502,
    -40.0
  ],
  [
    16.528,
    -40.0
  ],
  [
    16.539,
    -40.0
  ],
  [
    16.565,
    -40.0
  ],
  [
    16.579,
    -40.0
  ],
  [
    16.611,
    -40.0
  ],
  [
    16.62,
    -40.0
  ],
  [
    16.653,
    -40.0
  ],
  [
    16.664,
    -40.0
  ],
  [
    16.692,
    -40.0
  ],
  [
    16.703,
    -40.0
  ],
  [
    16.716,
    -40.0
  ],
  [
    16.744,
    -40.0
  ],
  [
    16.75,
    -40.0
  ],
  [
    16.779,
    -40.0
  ],
  [
    16.79,
    -40.0
  ],
  [
    16.803,
    -40.0
  ],
  [
    16.831,
    -40.0
  ],
  [
    16.842,
    -40.0
  ],
  [
    16.857,
    -40.0
  ],
  [
    16.886,
    -38.0
  ],
  [
    16.898,
    -36.0
  ],
  [
    16.924,
    -34.0
  ],
  [
    16.939,
    -32.0043
  ],
  [
    16.946,
    -30.0
  ],
  [
    16.974,
    -28.0
  ],
  [
    16.992,
    -26.0
  ],
  [
    17.033,
    -24.0
  ],
  [
    17.041,
    -22.0
  ],
  [
    17.07,
    -20.0
  ],
  [
    17.076,
    -18.0
  ],
  [
    17.103,
    -16.0
  ],
  [
    17.115,
    -14.0
  ],
  [
    17.145,
    -12.0
  ],
  [
    17.163,
    -10.0
  ],
  [
    17.174,
    -8.0
  ],
  [
    17.209,
    -6.0
  ],
  [
    17.23,
    -4.0
  ],
  [
    17.243,
    -2.0
  ],
  [
    17.258,
    0.0
  ],
  [
    17.272,
    1.4257
  ],
  [
    17.301,
    4.1446
  ],
  [
    17.316,
    5.4381
  ],
  [
    17.33,
    6.7273
  ],
  [
    17.36,
    9.1213
  ],
  [
    17.369,
    10.2364
  ],
  [
    17.398,
    12.4206
  ],
  [
    17.432,
    13.3216
  ],
  [
    17.442,
    16.0087
  ],
  [
    17.46,
    16.8146
  ],
  [
    17.479,
    18.057
  ],
  [
    17.497,
    19.3429
  ],
  [
    17.515,
    20.5981
  ],
  [
    17.527,
    21.5735
  ],
  [
    17.555,
    23.3592
  ],
  [
    17.57,
    24.201
  ],
  [
    17.593,
    25.8619
  ],
  [
    17.606,
    26.6869
  ],
  [
    17.625,
    27.6194
  ],
  [
    17.638,
    28.6903
  ],
  [
    17.652,
    29.4447
  ],
  [
    17.68,
    29.7785
  ],
  [
    17.694,
    29.7773
  ],
  [
    17.707,
    29.7763
  ],
  [
    17.722,
    29.7762
  ],
  [
    17.737,
    29.7763
  ],
  [
    17.774,
    29.7759
  ],
  [
    17.793,
    29.7753
  ],
  [
    17.803,
    29.7576
  ],
  [
    17.821,
    29.7227
  ],
  [
    17.849,
    29.698
  ],
  [
    17.861,
    29.6867
  ],
  [
    17.874,
    29.686
  ],
  [
    17.907,
    29.6863
  ],
  [
    17.919,
    29.6863
  ],
  [
    17.934,
    29.6769
  ],
  [
    17.963,
    29.6586
  ],
  [
    17.973,
    29.6571
  ],
  [
    18.001,
    29.6575
  ],
  [
    18.012,
    29.6512
  ],
  [
    18.027,
    29.6454
  ],
  [
    18.055,
    29.6426
  ],
  [
    18.067,
    29.6258
  ],
  [
    18.095,
    29.6129
  ],
  [
    18.105,
    29.596
  ],
  [
    18.134,
    29.5575
  ],
  [
    18.145,
    29.5631
  ],
  [
    18.159,
    29.5659
  ],
  [
    18.188,
    29.569
  ],
  [
    18.195,
    29.5692
  ],
  [
    18.223,
    29.5661
  ],
  [
    18.237,
    29.5673
  ],
  [
    18.262,
    29.5689
  ],
  [
    18.272,
    29.5697
  ],
  [
    18.302,
    29.5447
  ],
  [
    18.312,
    29.5319
  ],
  [
    18.328,
    29.5246
  ],
  [
    18.355,
    29.5304
  ],
  [
    18.367,
    29.5231
  ],
  [
    18.394,
    29.5247
  ],
  [
    18.407,
    29.5207
  ],
  [
    18.419,
    29.5204
  ],
  [
    18.45,
    29.5037
  ],
  [
    18.46,
    29.4843
  ],
  [
    18.489,
    29.4765
  ],
  [
    18.499,
    29.4798
  ],
  [
    18.527,
    29.4817
  ],
  [
    18.538,
    29.4791
  ],
  [
    18.566,
    29.4771
  ],
  [
    18.575,
    29.4771
  ],
  [
    18.602,
    29.4671
  ],
  [
    18.614,
    29.4665
  ],
  [
    18.639,
    29.4633
  ],
  [
    18.652,
    29.4626
  ],
  [
    18.681,
    29.4566
  ],
  [
    18.688,
    29.4518
  ],
  [
    18.716,
    29.4444
  ],
  [
    18.726,
    29.443
  ],
  [
    18.754,
    29.4379
  ],
  [
    18.764,
    29.4376
  ],
  [
    18.791,
    29.4336
  ],
  [
    18.798,
    29.4302
  ],
  [
    18.828,
    29.4196
  ],
  [
    18.838,
    29.4173
  ],
  [
    18.866,
    29.416
  ],
  [
    18.876,
    29.413
  ],
  [
    18.891,
    29.4134
  ],
  [
    18.918,
    29.4158
  ],
  [
    18.929,
    29.4129
  ],
  [
    18.942,
    29.4077
  ],
  [
    18.969,
    29.4009
  ],
  [
    18.98,
    29.3968
  ],
  [
    19.005,
    29.3956
  ],
  [
    19.021,
    29.391
  ],
  [
    19.031,
    29.3836
  ],
  [
    19.062,
    29.386
  ],
  [
    19.071,
    29.3861
  ],
  [
    19.083,
    29.3831
  ],
  [
    19.118,
    29.4053
  ],
  [
    19.134,
    29.571
  ],
  [
    19.145,
    29.7188
  ],
  [
    19.16,
    29.794
  ],
  [
    19.189,
    29.7942
  ],
  [
    19.203,
    29.7942
  ],
  [
    19.23,
    29.7942
  ],
  [
    19.243,
    29.7943
  ],
  [
    19.255,
    29.7942
  ],
  [
    19.269,
    29.7942
  ],
  [
    19.297,
    29.7942
  ],
  [
    19.306,
    29.7942
  ],
  [
    19.331,
    29.7942
  ],
  [
    19.341,
    29.7942
  ],
  [
    19.356,
    29.7942
  ],
  [
    19.38,
    29.7942
  ],
  [
    19.394,
    29.7942
  ],
  [
    19.419,
    29.7942
  ],
  [
    19.429,
    29.7942
  ],
  [
    19.456,
    29.7942
  ],
  [
    19.466,
    29.7942
  ],
  [
    19.496,
    29.7942
  ],
  [
    19.504,
    29.7942
  ],
  [
    19.532,
    29.7942
  ],
  [
    19.542,
    29.7943
  ],
  [
    19.57,
    29.7943
  ],
  [
    19.58,
    29.7943
  ],
  [
    19.602,
    29.7943
  ],
  [
    19.613,
    29.7943
  ],
  [
    19.638,
    29.7943
  ],
  [
    19.65,
    29.7943
  ],
  [
    19.678,
    29.7943
  ],
  [
    19.686,
    29.7943
  ],
  [
    19.711,
    29.7943
  ],
  [
    19.721,
    29.7943
  ],
  [
    19.748,
    29.7943
  ],
  [
    19.755,
    29.7943
  ],
  [
    19.784,
    29.7943
  ],
  [
    19.805,
    29.7943
  ],
  [
    19.817,
    29.7943
  ],
  [
    19.843,
    29.7943
  ],
  [
    19.853,
    29.7943
  ],
  [
    19.87,
    29.7943
  ],
  [
    19.895,
    29.7943
  ],
  [
    19.906,
    29.7943
  ],
  [
    19.935,
    29.7943
  ],
  [
    19.944,
    29.7943
  ],
  [
    19.972,
    29.7943
  ],
  [
    19.981,
    29.7943
  ],
  [
    20.004,
    29.7943
  ],
  [
    20.013,
    29.7943
  ],
  [
    20.038,
    29.7943
  ],
  [
    20.049,
    29.7943
  ],
  [
    20.069,
    29.7943
  ],
  [
    20.08,
    29.7943
  ],
  [
    20.109,
    29.7943
  ],
  [
    20.118,
    29.7943
  ],
  [
    20.146,
    26.4942
  ],
  [
    20.157,
    25.1132
  ],
  [
    20.188,
    21.2707
  ],
  [
    20.209,
    19.6606
  ],
  [
    20.217,
    16.6194
  ],
  [
    20.23,
    15.1564
  ],
  [
    20.259,
    10.8762
  ],
  [
    20.27,
    9.1993
  ],
  [
    20.298,
    4.1143
  ],
  [
    20.307,
    1.8738
  ],
  [
    20.335,
    -1.7861
  ],
  [
    20.342,
    -2.9455
  ],
  [
    20.37,
    -5.208
  ],
  [
    20.381,
    -6.4502
  ],
  [
    20.405,
    -7.8077
  ],
  [
    20.416,
    -10.2506
  ],
  [
    20.441,
    -12.3999
  ],
  [
    20.451,
    -13.4635
  ],
  [
    20.464,
    -14.8558
  ],
  [
    20.489,
    -17.4847
  ],
  [
    20.502,
    -18.5777
  ],
  [
    20.531,
    -21.344
  ],
  [
    20.538,
    -22.4331
  ],
  [
    20.553,
    -23.5175
  ],
  [
    20.582,
    -26.2345
  ],
  [
    20.601,
    -27.7331
  ],
  [
    20.612,
    -29.5063
  ],
  [
    20.624,
    -30.8727
  ],
  [
    20.638,
    -32.1873
  ],
  [
    20.664,
    -34.9752
  ],
  [
    20.677,
    -36.192
  ],
  [
    20.705,
    -38.7152
  ],
  [
    20.726,
    -40.0
  ],
  [
    20.736,
    -40.0
  ],
  [
    20.766,
    -40.0
  ],
  [
    20.776,
    -40.0
  ],
  [
    20.806,
    -40.0
  ],
  [
    20.813,
    -40.0
  ],
  [
    20.84,
    -40.0
  ],
  [
    20.85,
    -40.0
  ],
  [
    20.876,
    -40.0
  ],
  [
    20.887,
    -40.0
  ],
  [
    20.912,
    -40.0
  ],
  [
    20.934,
    -40.0
  ],
  [
    20.943,
    -40.0
  ],
  [
    20.973,
    -40.0
  ],
  [
    20.984,
    -40.0
  ],
  [
    20.999,
    -40.0
  ],
  [
    21.028,
    -40.0
  ],
  [
    21.039,
    -40.0
  ],
  [
    21.066,
    -40.0
  ],
  [
    21.078,
    -40.0
  ],
  [
    21.09,
    -40.0
  ],
  [
    21.112,
    -40.0
  ],
  [
    21.138,
    -39.9692
  ],
  [
    21.147,
    -39.9744
  ],
  [
    21.174,
    -39.9748
  ],
  [
    21.181,
    -39.9752
  ],
  [
    21.199,
    -39.9779
  ],
  [
    21.225,
    -39.9764
  ],
  [
    21.235,
    -39.9855
  ],
  [
    21.261,
    -39.9806
  ],
  [
    21.274,
    -39.9888
  ],
  [
    21.301,
    -39.9908
  ],
  [
    21.308,
    -39.9924
  ],
  [
    21.337,
    -39.9906
  ],
  [
    21.345,
    -39.9879
  ],
  [
    21.374,
    -39.9585
  ],
  [
    21.384,
    -39.9433
  ],
  [
    21.401,
    -39.9307
  ],
  [
    21.422,
    -39.9204
  ],
  [
    21.435,
    -39.9179
  ],
  [
    21.462,
    -39.8946
  ],
  [
    21.47,
    -39.8644
  ],
  [
    21.486,
    -39.8708
  ],
  [
    21.51,
    -39.8724
  ],
  [
    21.534,
    -39.8527
  ],
  [
    21.541,
    -39.8226
  ],
  [
    21.571,
    -39.8236
  ],
  [
    21.577,
    -39.816
  ],
  [
    21.608,
    -39.7966
  ],
  [
    21.618,
    -39.786
  ],
  [
    21.64,
    -39.7824
  ],
  [
    21.666,
    -39.774
  ],
  [
    21.671,
    -39.762
  ],
  [
    21.702,
    -39.7291
  ],
  [
    21.709,
    -39.7257
  ],
  [
    21.737,
    -39.7095
  ],
  [
    21.747,
    -39.71
  ],
  [
    21.772,
    -39.7049
  ],
  [
    21.783,
    -39.6876
  ],
  [
    21.801,
    -39.6833
  ],
  [
    21.833,
    -39.6591
  ],
  [
    21.843,
    -39.6463
  ],
  [
    21.861,
    -39.6458
  ],
  [
    21.88,
    -39.6403
  ],
  [
    21.904,
    -39.6252
  ],
  [
    21.92,
    -39.6051
  ],
  [
    21.937,
    -39.6081
  ],
  [
    21.954,
    -39.592
  ],
  [
    21.973,
    -39.574
  ],
  [
    21.989,
    -39.5687
  ],
  [
    22.012,
    -39.5621
  ],
  [
    22.034,
    -39.5696
  ],
  [
    22.047,
    -39.5694
  ],
  [
    22.067,
    -39.5555
  ],
  [
    22.086,
    -39.5515
  ],
  [
    22.115,
    -39.5129
  ],
  [
    22.126,
    -39.5324
  ],
  [
    22.145,
    -39.5279
  ],
  [
    22.173,
    -39.5198
  ],
  [
    22.184,
    -39.5191
  ],
  [
    22.213,
    -39.4563
  ],
  [
    22.236,
    -39.4751
  ],
  [
    22.245,
    -39.4264
  ],
  [
    22.266,
    -39.4141
  ],
  [
    22.285,
    -39.4343
  ],
  [
    22.31,
    -39.4383
  ],
  [
    22.32,
    -39.4302
  ],
  [
    22.358,
    -39.4054
  ],
  [
    22.372,
    -39.3907
  ],
  [
    22.404,
    -39.3431
  ],
  [
    22.416,
    -39.3224
  ],
  [
    22.437,
    -39.3163
  ],
  [
    22.452,
    -39.3307
  ],
  [
    22.468,
    -39.3185
  ],
  [
    22.487,
    -39.3205
  ],
  [
    22.508,
    -39.3159
  ],
  [
    22.52,
    -39.3048
  ],
  [
    22.532,
    -39.2891
  ],
  [
    22.559,
    -39.2665
  ],
  [
    22.573,
    -39.2504
  ],
  [
    22.597,
    -39.233
  ],
  [
    22.604,
    -39.2231
  ],
  [
    22.633,
    -39.2142
  ],
  [
    22.641,
    -39.1947
  ],
  [
    22.667,
    -39.1887
  ],
  [
    22.677,
    -39.1763
  ],
  [
    22.701,
    -39.1592
  ],
  [
    22.714,
    -39.1548
  ],
  [
    22.741,
    -39.1418
  ],
  [
    22.75,
    -39.1456
  ],
  [
    22.778,
    -39.1599
  ],
  [
    22.785,
    -39.1495
  ],
  [
    22.814,
    -39.4622
  ],
  [
    22.822,
    -39.6621
  ],
  [
    22.844,
    -39.9973
  ],
  [
    22.854,
    -39.9998
  ],
  [
    22.883,
    -39.9999
  ],
  [
    22.891,
    -40.0
  ],
  [
    22.921,
    -40.0
  ],
  [
    22.929,
    -40.0
  ],
  [
    22.958,
    -40.0
  ],
  [
    22.968,
    -40.0
  ],
  [
    22.982,
    -39.9999
  ],
  [
    23.004,
    -39.9999
  ],
  [
    23.017,
    -39.9999
  ],
  [
    23.044,
    -39.9999
  ],
  [
    23.053,
    -39.9999
  ],
  [
    23.08,
    -40.0
  ],
  [
    23.096,
    -40.0
  ],
  [
    23.107,
    -40.0
  ],
  [
    23.134,
    -40.0
  ],
  [
    23.158,
    -40.0
  ],
  [
    23.166,
    -40.0
  ],
  [
    23.195,
    -40.0
  ],
  [
    23.206,
    -40.0
  ],
  [
    23.233,
    -40.0
  ],
  [
    23.24,
    -40.0
  ],
  [
    23.268,
    -40.0
  ],
  [
    23.279,
    -40.0
  ],
  [
    23.305,
    -40.0
  ],
  [
    23.315,
    -40.0
  ],
  [
    23.343,
    -40.0
  ],
  [
    23.351,
    -40.0
  ],
  [
    23.364,
    -40.0
  ],
  [
    23.387,
    -40.0
  ],
  [
    23.4,
    -40.0
  ],
  [
    23.419,
    -40.0
  ],
  [
    23.441,
    -40.0
  ],
  [
    23.448,
    -40.0
  ],
  [
    23.474,
    -40.0
  ],
  [
    23.484,
    -40.0
  ],
  [
    23.513,
    -40.0
  ],
  [
    23.522,
    -40.0
  ],
  [
    23.551,
    -40.0
  ],
  [
    23.562,
    -40.0
  ],
  [
    23.591,
    -40.0
  ],
  [
    23.598,
    -40.0
  ],
  [
    23.625,
    -40.0
  ],
  [
    23.634,
    -40.0
  ],
  [
    23.656,
    -40.0
  ],
  [
    23.67,
    -40.0
  ],
  [
    23.698,
    -40.0
  ],
  [
    23.707,
    -40.0
  ],
  [
    23.722,
    -40.0
  ],
  [
    23.744,
    -40.0
  ],
  [
    23.755,
    -38.0847
  ],
  [
    23.777,
    -33.3507
  ],
  [
    23.792,
    -31.3355
  ],
  [
    23.81,
    -28.3308
  ],
  [
    23.835,
    -22.6425
  ],
  [
    23.845,
    -20.4001
  ],
  [
    23.871,
    -15.6064
  ],
  [
    23.88,
    -13.3085
  ],
  [
    23.906,
    -8.2078
  ],
  [
    23.918,
    -6.0767
  ],
  [
    23.934,
    -3.1685
  ],
  [
    23.962,
    1.1471
  ],
  [
    23.971,
    2.2905
  ],
  [
    24.0,
    4.6661
  ],
  [
    24.007,
    5.9661
  ],
  [
    24.038,
    8.1275
  ],
  [
    24.062,
    10.0549
  ],
  [
    24.07,
    11.0147
  ],
  [
    24.1,
    13.1394
  ],
  [
    24.106,
    13.9824
  ],
  [
    24.131,
    15.7739
  ],
  [
    24.142,
    16.5924
  ],
  [
    24.169,
    18.3647
  ],
  [
    24.18,
    19.1308
  ],
  [
    24.207,
    20.795
  ],
  [
    24.216,
    21.5635
  ],
  [
    24.243,
    23.2252
  ],
  [
    24.252,
    23.9749
  ],
  [
    24.268,
    24.7246
  ],
  [
    24.296,
    26.4581
  ],
  [
    24.304,
    27.1788
  ],
  [
    24.322,
    27.9677
  ],
  [
    24.339,
    29.0413
  ],
  [
    24.365,
    29.6794
  ],
  [
    24.374,
    29.6614
  ],
  [
    24.398,
    29.6586
  ],
  [
    24.409,
    29.66
  ],
  [
    24.435,
    29.6341
  ],
  [
    24.444,
    29.63
  ],
  [
    24.472,
    29.6237
  ],
  [
    24.48,
    29.6225
  ],
  [
    24.495,
    29.6077
  ],
  [
    24.522,
    29.5919
  ],
  [
    24.533,
    29.5907
  ],
  [
    24.559,
    29.599
  ],
  [
    24.57,
    29.5986
  ],
  [
    24.596,
    29.5872
  ],
  [
    24.604,
    29.5893
  ],
  [
    24.634,
    29.565
  ],
  [
    24.648,
    29.5472
  ],
  [
    24.675,
    29.5556
  ],
  [
    24.682,
    29.5474
  ],
  [
    24.707,
    29.535
  ],
  [
    24.717,
    29.5358
  ],
  [
    24.732,
    29.5366
  ],
  [
    24.762,
    29.5415
  ],
  [
    24.783,
    29.5444
  ],
  [
    24.794,
    29.5401
  ],
  [
    24.817,
    29.5194
  ],
  [
    24.831,
    29.5049
  ],
  [
    24.845,
    29.5009
  ],
  [
    24.872,
    29.5035
  ],
  [
    24.88,
    29.4994
  ],
  [
    24.909,
    29.4963
  ],
  [
    24.918,
    29.4961
  ],
  [
    24.947,
    29.4952
  ],
  [
    24.955,
    29.4945
  ],
  [
    24.984,
    29.4888
  ],
  [
    24.995,
    29.4886
  ],
  [
    25.023,
    29.4876
  ],
  [
    25.031,
    29.4823
  ],
  [
    25.062,
    29.4751
  ],
  [
    25.07,
    29.4745
  ],
  [
    25.098,
    29.4756
  ],
  [
    25.106,
    29.4721
  ],
  [
    25.136,
    29.4639
  ],
  [
    25.146,
    29.4632
  ],
  [
    25.172,
    29.4586
  ],
  [
    25.18,
    29.454
  ],
  [
    25.208,
    29.444
  ],
  [
    25.218,
    29.438
  ],
  [
    25.245,
    29.4363
  ],
  [
    25.255,
    29.4314
  ],
  [
    25.282,
    29.4278
  ],
  [
    25.293,
    29.4234
  ],
  [
    25.319,
    29.4233
  ],
  [
    25.33,
    29.4199
  ],
  [
    25.358,
    29.4144
  ],
  [
    25.366,
    29.4091
  ],
  [
    25.393,
    29.405
  ],
  [
    25.404,
    29.399
  ],
  [
    25.428,
    29.3933
  ],
  [
    25.452,
    29.3887
  ],
  [
    25.461,
    29.3811
  ],
  [
    25.491,
    29.379
  ],
  [
    25.497,
    29.3792
  ],
  [
    25.526,
    29.3782
  ],
  [
    25.534,
    29.3805
  ],
  [
    25.563,
    29.3829
  ],
  [
    25.585,
    29.3861
  ],
  [
    25.594,
    29.3869
  ],
  [
    25.621,
    29.3939
  ],
  [
    25.631,
    29.3963
  ],
  [
    25.66,
    29.4065
  ],
  [
    25.672,
    29.4109
  ],
  [
    25.68,
    29.4161
  ],
  [
    25.71,
    29.4287
  ],
  [
    25.719,
    29.4327
  ],
  [
    25.748,
    29.4425
  ],
  [
    25.756,
    29.447
  ],
  [
    25.784,
    29.4578
  ],
  [
    25.791,
    29.4619
  ],
  [
    25.817,
    29.6906
  ],
  [
    25.826,
    29.7896
  ],
  [
    25.852,
    29.7942
  ],
  [
    25.86,
    29.7942
  ],
  [
    25.891,
    29.7942
  ],
  [
    25.898,
    29.7942
  ],
  [
    25.933,
    29.7943
  ],
  [
    25.947,
    29.7942
  ],
  [
    25.963,
    29.7942
  ],
  [
    25.989,
    29.7942
  ],
  [
    25.999,
    29.7942
  ],
  [
    26.02,
    29.7942
  ],
  [
    26.032,
    29.7942
  ],
  [
    26.055,
    29.7942
  ],
  [
    26.082,
    29.7942
  ],
  [
    26.102,
    29.7942
  ],
  [
    26.108,
    29.7942
  ],
  [
    26.137,
    29.7942
  ],
  [
    26.143,
    29.7942
  ],
  [
    26.167,
    29.7943
  ],
  [
    26.181,
    29.7943
  ],
  [
    26.207,
    29.7943
  ],
  [
    26.214,
    29.7943
  ],
  [
    26.242,
    29.7943
  ],
  [
    26.251,
    29.7943
  ],
  [
    26.278,
    29.7943
  ],
  [
    26.292,
    29.7943
  ],
  [
    26.318,
    29.7943
  ],
  [
    26.327,
    29.7943
  ],
  [
    26.356,
    29.7943
  ],
  [
    26.366,
    29.7943
  ],
  [
    26.393,
    29.7943
  ],
  [
    26.415,
    29.7943
  ],
  [
    26.422,
    29.7943
  ],
  [
    26.445,
    29.7943
  ],
  [
    26.457,
    29.7943
  ],
  [
    26.487,
    29.7943
  ],
  [
    26.499,
    29.7943
  ],
  [
    26.523,
    29.7943
  ],
  [
    26.534,
    29.7943
  ],
  [
    26.562,
    29.7943
  ],
  [
    26.571,
    29.7943
  ],
  [
    26.598,
    29.7943
  ],
  [
    26.608,
    29.7943
  ],
  [
    26.631,
    29.7943
  ],
  [
    26.641,
    29.7943
  ],
  [
    26.669,
    29.7943
  ],
  [
    26.68,
    29.7943
  ],
  [
    26.707,
    29.7943
  ],
  [
    26.715,
    29.7943
  ],
  [
    26.747,
    29.7943
  ],
  [
    26.755,
    29.7943
  ],
  [
    26.779,
    29.7943
  ],
  [
    26.789,
    29.7943
  ],
  [
    26.81,
    29.7943
  ],
  [
    26.822,
    28.5839
  ],
  [
    26.85,
    25.5252
  ],
  [
    26.874,
    22.3519
  ],
  [
    26.884,
    20.8448
  ],
  [
    26.913,
    17.0722
  ],
  [
    26.92,
    15.5602
  ],
  [
    26.936,
    13.7596
  ],
  [
    26.958,
    9.4612
  ],
  [
    26.971,
    7.6374
  ],
  [
    26.994,
    3.317
  ],
  [
    27.004,
    1.2421
  ],
  [
    27.029,
    -2.2292
  ],
  [
    27.041,
    -3.3722
  ],
  [
    27.063,
    -5.8544
  ],
  [
    27.093,
    -8.0284
  ],
  [
    27.102,
    -9.4275
  ],
  [
    27.128,
    -11.825
  ],
  [
    27.141,
    -13.0796
  ],
  [
    27.164,
    -15.7873
  ],
  [
    27.177,
    -16.9711
  ],
  [
    27.202,
    -19.4311
  ],
  [
    27.218,
    -20.6569
  ],
  [
    27.241,
    -23.0376
  ],
  [
    27.25,
    -24.271
  ],
  [
    27.277,
    -26.8865
  ],
  [
    27.286,
    -27.9268
  ],
  [
    27.301,
    -29.1195
  ],
  [
    27.325,
    -31.9186
  ],
  [
    27.338,
    -32.9718
  ],
  [
    27.362,
    -35.4454
  ],
  [
    27.371,
    -36.4857
  ],
  [
    27.401,
    -38.9811
  ],
  [
    27.409,
    -40.0
  ],
  [
    27.436,
    -40.0
  ],
  [
    27.444,
    -40.0
  ],
  [
    27.472,
    -40.0
  ],
  [
    27.481,
    -40.0
  ],
  [
    27.493,
    -40.0
  ],
  [
    27.523,
    -40.0
  ],
  [
    27.532,
    -40.0
  ],
  [
    27.559,
    -40.0
  ],
  [
    27.568,
    -40.0
  ],
  [
    27.59,
    -40.0
  ],
  [
    27.605,
    -40.0
  ],
  [
    27.633,
    -40.0
  ],
  [
    27.64,
    -40.0
  ],
  [
    27.668,
    -40.0
  ],
  [
    27.676,
    -40.0
  ],
  [
    27.705,
    -40.0
  ],
  [
    27.714,
    -40.0
  ],
  [
    27.741,
    -40.0
  ],
  [
    27.749,
    -40.0
  ],
  [
    27.776,
    -40.0
  ],
  [
    27.785,
    -40.0
  ],
  [
    27.819,
    -40.0
  ],
  [
    27.83,
    -39.992
  ],
  [
    27.853,
    -39.9956
  ],
  [
    27.865,
    -39.9946
  ],
  [
    27.892,
    -39.9997
  ],
  [
    27.902,
    -39.9968
  ],
  [
    27.93,
    -39.9959
  ],
  [
    27.94,
    -39.9909
  ],
  [
    27.968,
    -39.9851
  ],
  [
    27.977,
    -39.9893
  ],
  [
    28.004,
    -39.9808
  ],
  [
    28.018,
    -39.9894
  ],
  [
    28.045,
    -39.9812
  ],
  [
    28.054,
    -39.9812
  ],
  [
    28.079,
    -39.9781
  ],
  [
    28.09,
    -39.9892
  ],
  [
    28.103,
    -39.994
  ],
  [
    28.129,
    -39.9984
  ],
  [
    28.139,
    -39.995
  ],
  [
    28.169,
    -39.9991
  ],
  [
    28.176,
    -39.9932
  ],
  [
    28.201,
    -39.9875
  ],
  [
    28.225,
    -39.9816
  ],
  [
    28.234,
    -39.9756
  ],
  [
    28.259,
    -39.9731
  ],
  [
    28.27,
    -39.9369
  ],
  [
    28.296,
    -39.9417
  ],
  [
    28.304,
    -39.9457
  ],
  [
    28.32,
    -39.9352
  ],
  [
    28.345,
    -39.9231
  ],
  [
    28.358,
    -39.9357
  ],
  [
    28.374,
    -39.9185
  ],
  [
    28.398,
    -39.9194
  ],
  [
    28.407,
    -39.9064
  ],
  [
    28.435,
    -39.9181
  ],
  [
    28.455,
    -39.8917
  ],
  [
    28.479,
    -39.9026
  ],
  [
    28.489,
    -39.8797
  ],
  [
    28.515,
    -39.8802
  ],
  [
    28.526,
    -39.859
  ],
  [
    28.555,
    -39.8665
  ],
  [
    28.563,
    -39.8507
  ],
  [
    28.591,
    -39.8509
  ],
  [
    28.6,
    -39.8519
  ],
  [
    28.625,
    -39.8475
  ],
  [
    28.639,
    -39.8511
  ],
  [
    28.665,
    -39.8312
  ],
  [
    28.679,
    -39.836
  ],
  [
    28.701,
    -39.8189
  ],
  [
    28.711,
    -39.8203
  ],
  [
    28.742,
    -39.8107
  ],
  [
    28.764,
    -39.815
  ],
  [
    28.773,
    -39.8077
  ],
  [
    28.802,
    -39.8028
  ],
  [
    28.81,
    -39.8017
  ],
  [
    28.838,
    -39.7987
  ],
  [
    28.846,
    -39.7929
  ],
  [
    28.875,
    -39.7893
  ],
  [
    28.882,
    -39.7825
  ],
  [
    28.91,
    -39.793
  ],
  [
    28.917,
    -39.7738
  ],
  [
    28.943,
    -39.7694
  ],
  [
    28.954,
    -39.7725
  ],
  [
    28.969,
    -39.7744
  ],
  [
    28.985,
    -39.7879
  ],
  [
    29.013,
    -39.7783
  ],
  [
    29.021,
    -39.7668
  ],
  [
    29.05,
    -39.7759
  ],
  [
    29.057,
    -39.7645
  ],
  [
    29.082,
    -39.7729
  ],
  [
    29.095,
    -39.7573
  ],
  [
    29.12,
    -39.7624
  ],
  [
    29.131,
    -39.7305
  ],
  [
    29.158,
    -39.7544
  ],
  [
    29.169,
    -39.7453
  ],
  [
    29.195,
    -39.7456
  ],
  [
    29.206,
    -39.7433
  ],
  [
    29.232,
    -39.7376
  ],
  [
    29.239,
    -39.7431
  ],
  [
    29.254,
    -39.7422
  ],
  [
    29.282,
    -39.7431
  ],
  [
    29.289,
    -39.7444
  ],
  [
    29.316,
    -39.7471
  ],
  [
    29.326,
    -39.748
  ],
  [
    29.354,
    -39.7508
  ],
  [
    29.367,
    -39.7541
  ],
  [
    29.376,
    -39.7516
  ],
  [
    29.4,
    -39.7531
  ],
  [
    29.413,
    -39.7497
  ],
  [
    29.44,
    -39.7483
  ],
  [
    29.45,
    -39.7503
  ],
  [
    29.475,
    -34.6513
  ],
  [
    29.486,
    -32.2192
  ],
  [
    29.502,
    -30.1201
  ],
  [
    29.526,
    -24.5605
  ],
  [
    29.538,
    -22.1252
  ],
  [
    29.564,
    -17.0201
  ],
  [
    29.575,
    -14.6243
  ],
  [
    29.604,
    -9.6675
  ],
  [
    29.612,
    -7.2666
  ],
  [
    29.625,
    -5.0069
  ],
  [
    29.653,
    0.0
  ],
  [
    29.66,
    0.0
  ],
  [
    29.688,
    0.0
  ],
  [
    29.712,
    0.0
  ],
  [
    29.72,
    0.0
  ],
  [
    29.744,
    0.0
  ],
  [
    29.756,
    0.0
  ],
  [
    29.782,
    0.0
  ],
  [
    29.791,
    0.0
  ],
  [
    29.819,
    0.0
  ],
  [
    29.829,
    0.0
  ],
  [
    29.858,
    0.0
  ],
  [
    29.867,
    0.0
  ],
  [
    29.889,
    0.0
  ],
  [
    29.902,
    0.0
  ],
  [
    29.928,
    0.0
  ],
  [
    29.935,
    0.0
  ],
  [
    29.963,
    0.0
  ],
  [
    29.975,
    0.0
  ],
  [
    30.002,
    0.0
  ],
  [
    30.01,
    0.0
  ],
  [
    30.037,
    0.0
  ],
  [
    30.049,
    0.0
  ],
  [
    30.074,
    0.0
  ],
  [
    30.083,
    0.0
  ],
  [
    30.095,
    0.0
  ],
  [
    30.123,
    0.0
  ],
  [
    30.132,
    0.0
  ],
  [
    30.159,
    0.0
  ],
  [
    30.171,
    0.0
  ],
  [
    30.196,
    0.0
  ],
  [
    30.206,
    0.0
  ],
  [
    30.229,
    0.0
  ],
  [
    30.257,
    0.0
  ],
  [
    30.266,
    0.0
  ],
  [
    30.29,
    0.0
  ],
  [
    30.302,
    0.0
  ],
  [
    30.33,
    0.0
  ],
  [
    30.34,
    0.0
  ],
  [
    30.366,
    0.0
  ],
  [
    30.373,
    0.0
  ],
  [
    30.387,
    0.0
  ],
  [
    30.417,
    0.0
  ],
  [
    30.425,
    0.0
  ],
  [
    30.452,
    0.0
  ],
  [
    30.463,
    0.0
  ],
  [
    30.488,
    0.0
  ],
  [
    30.497,
    0.0
  ],
  [
    30.525,
    0.0
  ],
  [
    30.535,
    0.0
  ],
  [
    30.563,
    0.0
  ],
  [
    30.573,
    0.0
  ],
  [
    30.597,
    0.0
  ],
  [
    30.623,
    0.0
  ],
  [
    30.632,
    0.0
  ],
  [
    30.655,
    0.0
  ],
  [
    30.668,
    0.0
  ],
  [
    30.694,
    0.0
  ],
  [
    30.703,
    0.0
  ],
  [
    30.733,
    0.0
  ],
  [
    30.742,
    0.0
  ],
  [
    30.767,
    0.0
  ],
  [
    30.775,
    0.0
  ],
  [
    30.79,
    0.0
  ],
  [
    30.815,
    0.0
  ],
  [
    30.828,
    0.0
  ],
  [
    30.854,
    0.0
  ],
  [
    30.868,
    0.0
  ],
  [
    30.892,
    0.0
  ],
  [
    30.902,
    0.0
  ],
  [
    30.924,
    0.0
  ],
  [
    30.938,
    0.0
  ],
  [
    30.962,
    0.0
  ],
  [
    30.98,
    0.0
  ],
  [
    30.989,
    0.0
  ],
  [
    31.02,
    0.0
  ],
  [
    31.027,
    0.0
  ],
  [
    31.057,
    0.0
  ],
  [
    31.073,
    0.0
  ],
  [
    31.097,
    0.0
  ],
  [
    31.108,
    0.0
  ],
  [
    31.132,
    0.0
  ],
  [
    31.143,
    0.0
  ],
  [
    31.172,
    0.0
  ],
  [
    31.182,
    0.0
  ],
  [
    31.21,
    0.0
  ],
  [
    31.22,
    0.0
  ],
  [
    31.233,
    0.0
  ],
  [
    31.254,
    0.0
  ],
  [
    31.268,
    0.0
  ],
  [
    31.296,
    0.0
  ],
  [
    31.305,
    0.0
  ],
  [
    31.33,
    0.0
  ],
  [
    31.338,
    0.0
  ],
  [
    31.371,
    0.0
  ],
  [
    31.38,
    0.0
  ],
  [
    31.411,
    0.0
  ],
  [
    31.417,
    0.0
  ],
  [
    31.445,
    0.0
  ],
  [
    31.456,
    0.0
  ],
  [
    31.47,
    0.0
  ],
  [
    31.486,
    0.0
  ],
  [
    31.514,
    0.0
  ],
  [
    31.524,
    0.0
  ],
  [
    31.538,
    0.0
  ],
  [
    31.567,
    0.0
  ],
  [
    31.579,
    0.0
  ],
  [
    31.59,
    0.0
  ],
  [
    31.606,
    0.0
  ],
  [
    31.633,
    0.0
  ],
  [
    31.645,
    0.0
  ],
  [
    31.658,
    0.0
  ],
  [
    31.693,
    0.0
  ],
  [
    31.703,
    0.0
  ],
  [
    31.733,
    0.0
  ],
  [
    31.742,
    0.0
  ],
  [
    31.772,
    0.0
  ],
  [
    31.781,
    0.0
  ],
  [
    31.81,
    0.0
  ],
  [
    31.819,
    0.0
  ],
  [
    31.845,
    0.0
  ],
  [
    31.856,
    0.0
  ],
  [
    31.884,
    0.0
  ],
  [
    31.897,
    0.0
  ],
  [
    31.905,
    0.0
  ],
  [
    31.936,
    0.0
  ],
  [
    31.943,
    0.0
  ],
  [
    31.958,
    0.0
  ],
  [
    31.988,
    0.0
  ],
  [
    32.003,
    0.0
  ],
  [
    32.014,
    0.0
  ],
  [
    32.027,
    0.0
  ],
  [
    32.054,
    0.0
  ],
  [
    32.067,
    0.0
  ],
  [
    32.081,
    0.0
  ],
  [
    32.11,
    0.0
  ],
  [
    32.119,
    0.0
  ],
  [
    32.148,
    0.0
  ],
  [
    32.156,
    0.0
  ],
  [
    32.186,
    0.0
  ],
  [
    32.195,
    0.0
  ],
  [
    32.211,
    0.0
  ],
  [
    32.239,
    0.0
  ],
  [
    32.252,
    0.0
  ],
  [
    32.279,
    0.0
  ],
  [
    32.297,
    0.0
  ],
  [
    32.307,
    0.0
  ],
  [
    32.333,
    0.0
  ],
  [
    32.347,
    0.0
  ],
  [
    32.357,
    0.0
  ],
  [
    32.387,
    0.0
  ],
  [
    32.397,
    0.0
  ],
  [
    32.428,
    0.0
  ],
  [
    32.437,
    0.0
  ],
  [
    32.466,
    0.0
  ],
  [
    32.477,
    0.0
  ],
  [
    32.51,
    0.0
  ],
  [
    32.519,
    0.0
  ],
  [
    32.55,
    0.0
  ],
  [
    32.56,
    0.0
  ],
  [
    32.575,
    0.0
  ],
  [
    32.605,
    0.0
  ],
  [
    32.614,
    0.0
  ],
  [
    32.629,
    0.0
  ],
  [
    32.658,
    0.0
  ],
  [
    32.669,
    0.0
  ],
  [
    32.692,
    0.0
  ],
  [
    32.706,
    0.0
  ],
  [
    32.73,
    0.0
  ],
  [
    32.741,
    0.0
  ],
  [
    32.756,
    0.0
  ],
  [
    32.782,
    0.0
  ],
  [
    32.797,
    0.0
  ],
  [
    32.821,
    0.0
  ],
  [
    32.834,
    0.0
  ],
  [
    32.857,
    0.0
  ],
  [
    32.869,
    0.0
  ],
  [
    32.895,
    0.0
  ],
  [
    32.903,
    0.0
  ],
  [
    32.935,
    0.0
  ],
  [
    32.942,
    0.0
  ],
  [
    32.968,
    0.0
  ],
  [
    32.979,
    0.0
  ],
  [
    33.008,
    0.0
  ],
  [
    33.017,
    0.0
  ],
  [
    33.045,
    0.0
  ],
  [
    33.053,
    0.0
  ],
  [
    33.079,
    0.0
  ],
  [
    33.087,
    0.0
  ],
  [
    33.115,
    0.0
  ],
  [
    33.125,
    0.0
  ],
  [
    33.152,
    0.0
  ],
  [
    33.161,
    0.0
  ],
  [
    33.188,
    0.0
  ],
  [
    33.197,
    0.0
  ],
  [
    33.214,
    0.0
  ],
  [
    33.239,
    0.0
  ],
  [
    33.248,
    0.0
  ],
  [
    33.278,
    0.0
  ],
  [
    33.29,
    0.0
  ],
  [
    33.302,
    0.0
  ],
  [
    33.335,
    0.0
  ],
  [
    33.347,
    0.0
  ],
  [
    33.357,
    0.0
  ],
  [
    33.373,
    0.0
  ],
  [
    33.401,
    0.0
  ],
  [
    33.416,
    0.0
  ],
  [
    33.43,
    0.0
  ],
  [
    33.442,
    0.0
  ],
  [
    33.479,
    0.0
  ],
  [
    33.486,
    0.0
  ],
  [
    33.502,
    0.0
  ],
  [
    33.532,
    0.0
  ],
  [
    33.541,
    0.0
  ],
  [
    33.571,
    0.0
  ],
  [
    33.584,
    0.0
  ],
  [
    33.612,
    0.0
  ],
  [
    33.621,
    0.0
  ],
  [
    33.633,
    0.0
  ],
  [
    33.662,
    0.0
  ],
  [
    33.67,
    0.0
  ],
  [
    33.685,
    0.0
  ],
  [
    33.712,
    0.0
  ],
  [
    33.726,
    0.0
  ],
  [
    33.736,
    0.0
  ],
  [
    33.767,
    0.0
  ],
  [
    33.779,
    0.0
  ],
  [
    33.805,
    0.0
  ],
  [
    33.812,
    0.0
  ],
  [
    33.84,
    0.0
  ],
  [
    33.851,
    0.0
  ],
  [
    33.877,
    0.0
  ],
  [
    33.886,
    0.0
  ],
  [
    33.913,
    0.0
  ],
  [
    33.922,
    0.0
  ],
  [
    33.934,
    0.0
  ],
  [
    33.964,
    0.0
  ],
  [
    33.98,
    0.0
  ],
  [
    33.989,
    0.0
  ],
  [
    34.018,
    0.0
  ],
  [
    34.033,
    0.0
  ],
  [
    34.047,
    0.0
  ],
  [
    34.077,
    0.0
  ],
  [
    34.087,
    0.0
  ],
  [
    34.101,
    0.0
  ],
  [
    34.131,
    0.0
  ],
  [
    34.141,
    0.0
  ],
  [
    34.175,
    0.0
  ],
  [
    34.183,
    0.0
  ],
  [
    34.197,
    0.0
  ],
  [
    34.22,
    0.0
  ],
  [
    34.234,
    0.0
  ],
  [
    34.249,
    0.0
  ],
  [
    34.263,
    0.0
  ],
  [
    34.295,
    0.0
  ],
  [
    34.319,
    0.0
  ],
  [
    34.329,
    0.0
  ],
  [
    34.343,
    0.0
  ],
  [
    34.369,
    0.0
  ],
  [
    34.383,
    0.0
  ],
  [
    34.397,
    0.0
  ],
  [
    34.424,
    0.0
  ],
  [
    34.435,
    0.0
  ],
  [
    34.465,
    0.0
  ],
  [
    34.476,
    0.0
  ],
  [
    34.49,
    0.0
  ],
  [
    34.517,
    0.0
  ],
  [
    34.528,
    0.0
  ],
  [
    34.554,
    0.0
  ],
  [
    34.565,
    0.0
  ],
  [
    34.59,
    0.0
  ],
  [
    34.602,
    0.0
  ],
  [
    34.614,
    0.0
  ],
  [
    34.644,
    0.0
  ],
  [
    34.652,
    0.0
  ],
  [
    34.68,
    0.0
  ],
  [
    34.688,
    0.0
  ],
  [
    34.718,
    0.0
  ],
  [
    34.729,
    0.0
  ],
  [
    34.756,
    0.0
  ],
  [
    34.77,
    0.0
  ],
  [
    34.782,
    0.0
  ],
  [
    34.812,
    0.0
  ],
  [
    34.823,
    0.0
  ],
  [
    34.838,
    0.0
  ],
  [
    34.865,
    0.0
  ],
  [
    34.88,
    0.0
  ],
  [
    34.888,
    0.0
  ],
  [
    34.915,
    0.0
  ],
  [
    34.925,
    0.0
  ],
  [
    34.954,
    0.0
  ],
  [
    34.963,
    0.0
  ],
  [
    34.99,
    0.0
  ],
  [
    35.002,
    0.0
  ],
  [
    35.012,
    0.0
  ],
  [
    35.041,
    0.0
  ],
  [
    35.059,
    0.0
  ],
  [
    35.072,
    0.0
  ],
  [
    35.098,
    0.0
  ],
  [
    35.107,
    0.0
  ],
  [
    35.134,
    0.0
  ],
  [
    35.144,
    0.0
  ],
  [
    35.174,
    0.0
  ],
  [
    35.183,
    0.0
  ],
  [
    35.21,
    0.0
  ],
  [
    35.219,
    0.0
  ],
  [
    35.246,
    0.0
  ],
  [
    35.261,
    0.0
  ],
  [
    35.286,
    0.0
  ],
  [
    35.295,
    0.0
  ],
  [
    35.324,
    0.0
  ],
  [
    35.338,
    0.0
  ],
  [
    35.346,
    0.0
  ],
  [
    35.372,
    0.0
  ],
  [
    35.381,
    0.0
  ],
  [
    35.395,
    0.0
  ],
  [
    35.425,
    0.0
  ],
  [
    35.435,
    0.0
  ],
  [
    35.464,
    0.0
  ],
  [
    35.472,
    0.0
  ],
  [
    35.501,
    0.0
  ],
  [
    35.512,
    0.0
  ],
  [
    35.543,
    0.0
  ],
  [
    35.552,
    0.0
  ],
  [
    35.58,
    0.0
  ],
  [
    35.59,
    0.0
  ],
  [
    35.616,
    0.0
  ],
  [
    35.624,
    0.0
  ],
  [
    35.639,
    0.0
  ],
  [
    35.659,
    0.0
  ],
  [
    35.675,
    0.0
  ],
  [
    35.689,
    0.0
  ],
  [
    35.703,
    0.0
  ],
  [
    35.735,
    0.0
  ],
  [
    35.741,
    0.0
  ],
  [
    35.77,
    0.0
  ],
  [
    35.779,
    0.0
  ],
  [
    35.807,
    0.0
  ],
  [
    35.817,
    0.0
  ],
  [
    35.845,
    0.0
  ],
  [
    35.855,
    0.0
  ],
  [
    35.884,
    0.0
  ],
  [
    35.893,
    0.0
  ],
  [
    35.907,
    0.0
  ],
  [
    35.934,
    0.0
  ],
  [
    35.945,
    0.0
  ],
  [
    35.97,
    0.0
  ],
  [
    35.983,
    0.0
  ],
  [
    36.009,
    0.0
  ],
  [
    36.023,
    0.0
  ],
  [
    36.04,
    0.0
  ],
  [
    36.055,
    0.0
  ],
  [
    36.085,
    0.0
  ],
  [
    36.097,
    0.0
  ],
  [
    36.11,
    0.0
  ],
  [
    36.123,
    0.0
  ],
  [
    36.158,
    0.0
  ],
  [
    36.167,
    0.0
  ],
  [
    36.197,
    0.0
  ],
  [
    36.207,
    0.0
  ],
  [
    36.235,
    0.0
  ],
  [
    36.244,
    0.0
  ],
  [
    36.257,
    0.0
  ],
  [
    36.284,
    0.0
  ],
  [
    36.298,
    0.0
  ],
  [
    36.31,
    0.0
  ],
  [
    36.339,
    0.0
  ],
  [
    36.35,
    0.0
  ],
  [
    36.364,
    0.0
  ],
  [
    36.393,
    0.0
  ],
  [
    36.401,
    0.0
  ],
  [
    36.429,
    0.0
  ],
  [
    36.443,
    0.0
  ],
  [
    36.455,
    0.0
  ],
  [
    36.483,
    0.0
  ],
  [
    36.493,
    0.0
  ],
  [
    36.523,
    0.0
  ],
  [
    36.532,
    0.0
  ],
  [
    36.561,
    0.0
  ],
  [
    36.578,
    0.0
  ],
  [
    36.589,
    0.0
  ],
  [
    36.613,
    0.0
  ],
  [
    36.629,
    0.0
  ],
  [
    36.646,
    0.0
  ],
  [
    36.66,
    0.0
  ],
  [
    36.69,
    0.0
  ],
  [
    36.699,
    0.0
  ],
  [
    36.725,
    0.0
  ],
  [
    36.735,
    0.0
  ],
  [
    36.751,
    0.0
  ],
  [
    36.774,
    0.0
  ],
  [
    36.783,
    0.0
  ],
  [
    36.812,
    0.0
  ],
  [
    36.822,
    0.0
  ],
  [
    36.852,
    0.0
  ],
  [
    36.868,
    0.0
  ],
  [
    36.897,
    0.0
  ],
  [
    36.907,
    0.0
  ],
  [
    36.923,
    0.0
  ],
  [
    36.955,
    0.0
  ],
  [
    36.964,
    0.0
  ],
  [
    36.993,
    0.0
  ],
  [
    37.004,
    0.0
  ],
  [
    37.033,
    0.0
  ],
  [
    37.045,
    0.0
  ],
  [
    37.059,
    0.0
  ],
  [
    37.075,
    0.0
  ],
  [
    37.1,
    0.0
  ],
  [
    37.112,
    0.0
  ],
  [
    37.127,
    0.0
  ],
  [
    37.144,
    0.0
  ],
  [
    37.168,
    0.0
  ],
  [
    37.186,
    0.0
  ],
  [
    37.195,
    0.0
  ],
  [
    37.23,
    0.0
  ],
  [
    37.251,
    0.0
  ],
  [
    37.266,
    0.0
  ],
  [
    37.291,
    0.0
  ],
  [
    37.302,
    0.0
  ],
  [
    37.318,
    0.0
  ],
  [
    37.335,
    0.0
  ],
  [
    37.352,
    0.0
  ],
  [
    37.367,
    0.0
  ],
  [
    37.398,
    0.0
  ],
  [
    37.41,
    0.0
  ],
  [
    37.425,
    0.0
  ],
  [
    37.44,
    0.0
  ],
  [
    37.469,
    0.0
  ],
  [
    37.477,
    0.0
  ],
  [
    37.514,
    0.0
  ],
  [
    37.537,
    0.0
  ],
  [
    37.554,
    0.0
  ],
  [
    37.572,
    0.0
  ],
  [
    37.587,
    0.0
  ],
  [
    37.602,
    0.0
  ],
  [
    37.633,
    0.0
  ],
  [
    37.65,
    0.0
  ],
  [
    37.662,
    0.0
  ],
  [
    37.674,
    0.0
  ],
  [
    37.71,
    0.0
  ],
  [
    37.72,
    0.0
  ],
  [
    37.735,
    0.0
  ],
  [
    37.769,
    0.0
  ],
  [
    37.779,
    0.0
  ],
  [
    37.809,
    0.0
  ],
  [
    37.823,
    0.0
  ],
  [
    37.832,
    0.0
  ],
  [
    37.858,
    0.0
  ],
  [
    37.869,
    0.0
  ],
  [
    37.884,
    0.0
  ],
  [
    37.912,
    0.0
  ],
  [
    37.922,
    0.0
  ],
  [
    37.933,
    0.0
  ],
  [
    37.957,
    0.0
  ],
  [
    37.972,
    0.0
  ]
]