# Steering Wheel Angle Log (Actual Physical Angle)
# Start time : 2026-05-27 04:38:18
# End time   : 2026-05-27 04:38:58
# Total time : 39.45 seconds
# Points     : 2137
# Format     : [[elapsed_seconds, wheel_angle_degrees], ...]
[
  [
    0.303,
    0.0
  ],
  [
    0.334,
    0.0
  ],
  [
    0.35,
    0.0
  ],
  [
    0.376,
    0.0
  ],
  [
    0.408,
    0.0
  ],
  [
    0.414,
    0.0
  ],
  [
    0.445,
    0.0
  ],
  [
    0.469,
    0.0
  ],
  [
    0.488,
    0.0
  ],
  [
    0.498,
    0.0
  ],
  [
    0.532,
    0.0
  ],
  [
    0.541,
    0.0
  ],
  [
    0.572,
    0.0
  ],
  [
    0.585,
    0.0
  ],
  [
    0.616,
    0.0
  ],
  [
    0.625,
    0.0
  ],
  [
    0.654,
    0.0
  ],
  [
    0.666,
    0.0
  ],
  [
    0.685,
    0.0
  ],
  [
    0.713,
    0.0
  ],
  [
    0.731,
    0.0
  ],
  [
    0.746,
    0.0
  ],
  [
    0.763,
    0.0
  ],
  [
    0.778,
    0.0
  ],
  [
    0.809,
    0.0
  ],
  [
    0.819,
    0.0
  ],
  [
    0.845,
    0.0
  ],
  [
    0.86,
    0.0
  ],
  [
    0.876,
    0.0
  ],
  [
    0.892,
    0.0
  ],
  [
    0.907,
    0.0
  ],
  [
    0.941,
    0.0
  ],
  [
    0.948,
    0.0
  ],
  [
    0.965,
    0.0
  ],
  [
    0.981,
    0.0
  ],
  [
    0.998,
    0.0
  ],
  [
    1.025,
    0.0
  ],
  [
    1.032,
    0.0
  ],
  [
    1.064,
    0.0
  ],
  [
    1.075,
    0.0
  ],
  [
    1.091,
    0.0
  ],
  [
    1.108,
    0.0
  ],
  [
    1.12,
    0.0
  ],
  [
    1.15,
    0.0
  ],
  [
    1.157,
    0.0
  ],
  [
    1.186,
    0.0
  ],
  [
    1.197,
    0.0
  ],
  [
    1.213,
    0.0
  ],
  [
    1.228,
    0.0
  ],
  [
    1.246,
    0.0
  ],
  [
    1.276,
    0.0
  ],
  [
    1.291,
    0.0
  ],
  [
    1.304,
    0.0
  ],
  [
    1.319,
    0.0
  ],
  [
    1.354,
    0.0
  ],
  [
    1.363,
    0.0
  ],
  [
    1.38,
    0.0
  ],
  [
    1.398,
    0.0
  ],
  [
    1.414,
    0.0
  ],
  [
    1.429,
    0.0
  ],
  [
    1.444,
    0.0
  ],
  [
    1.461,
    0.0
  ],
  [
    1.489,
    0.0
  ],
  [
    1.501,
    0.0
  ],
  [
    1.517,
    0.0
  ],
  [
    1.545,
    0.0
  ],
  [
    1.555,
    0.0
  ],
  [
    1.572,
    0.0
  ],
  [
    1.588,
    0.0
  ],
  [
    1.606,
    0.0
  ],
  [
    1.619,
    0.0
  ],
  [
    1.647,
    0.0
  ],
  [
    1.659,
    0.0
  ],
  [
    1.688,
    0.0
  ],
  [
    1.699,
    0.0
  ],
  [
    1.727,
    0.0
  ],
  [
    1.738,
    0.0
  ],
  [
    1.754,
    0.0
  ],
  [
    1.767,
    0.0
  ],
  [
    1.799,
    0.0
  ],
  [
    1.815,
    0.0
  ],
  [
    1.826,
    0.0
  ],
  [
    1.841,
    0.0
  ],
  [
    1.856,
    0.0
  ],
  [
    1.869,
    0.0
  ],
  [
    1.901,
    0.0
  ],
  [
    1.91,
    0.0
  ],
  [
    1.928,
    0.0
  ],
  [
    1.945,
    0.0
  ],
  [
    1.957,
    0.0
  ],
  [
    1.991,
    0.0
  ],
  [
    2.005,
    0.0
  ],
  [
    2.021,
    0.0
  ],
  [
    2.034,
    0.0
  ],
  [
    2.052,
    0.0
  ],
  [
    2.079,
    0.0
  ],
  [
    2.091,
    0.0
  ],
  [
    2.119,
    0.0
  ],
  [
    2.127,
    0.0
  ],
  [
    2.154,
    0.0
  ],
  [
    2.165,
    0.0
  ],
  [
    2.195,
    0.0
  ],
  [
    2.205,
    0.0
  ],
  [
    2.235,
    0.0
  ],
  [
    2.245,
    0.0
  ],
  [
    2.272,
    0.0
  ],
  [
    2.286,
    0.0
  ],
  [
    2.296,
    0.0
  ],
  [
    2.31,
    0.0
  ],
  [
    2.336,
    0.0
  ],
  [
    2.349,
    0.0
  ],
  [
    2.364,
    0.0
  ],
  [
    2.393,
    0.0
  ],
  [
    2.408,
    0.0
  ],
  [
    2.434,
    0.0
  ],
  [
    2.444,
    0.0
  ],
  [
    2.458,
    0.0
  ],
  [
    2.482,
    0.0
  ],
  [
    2.495,
    0.0
  ],
  [
    2.524,
    0.0
  ],
  [
    2.532,
    0.0
  ],
  [
    2.547,
    0.0
  ],
  [
    2.576,
    0.0
  ],
  [
    2.587,
    0.0
  ],
  [
    2.618,
    0.0
  ],
  [
    2.629,
    0.0
  ],
  [
    2.658,
    0.0
  ],
  [
    2.667,
    0.0
  ],
  [
    2.696,
    0.0
  ],
  [
    2.707,
    0.0
  ],
  [
    2.734,
    0.0
  ],
  [
    2.743,
    0.0
  ],
  [
    2.77,
    0.0
  ],
  [
    2.782,
    0.0
  ],
  [
    2.811,
    0.0
  ],
  [
    2.82,
    0.0
  ],
  [
    2.847,
    0.0
  ],
  [
    2.855,
    0.0
  ],
  [
    2.868,
    0.0
  ],
  [
    2.894,
    0.0
  ],
  [
    2.902,
    0.0
  ],
  [
    2.931,
    0.0
  ],
  [
    2.944,
    0.0
  ],
  [
    2.981,
    0.0
  ],
  [
    2.988,
    0.0
  ],
  [
    3.018,
    0.0
  ],
  [
    3.037,
    0.0
  ],
  [
    3.045,
    0.0
  ],
  [
    3.075,
    0.0
  ],
  [
    3.084,
    0.0
  ],
  [
    3.113,
    0.0
  ],
  [
    3.126,
    0.0
  ],
  [
    3.138,
    0.0
  ],
  [
    3.153,
    0.0
  ],
  [
    3.176,
    0.0
  ],
  [
    3.188,
    0.0
  ],
  [
    3.202,
    0.0
  ],
  [
    3.232,
    0.0
  ],
  [
    3.242,
    0.0
  ],
  [
    3.272,
    0.0
  ],
  [
    3.282,
    0.0
  ],
  [
    3.295,
    0.0
  ],
  [
    3.321,
    0.0
  ],
  [
    3.332,
    0.0
  ],
  [
    3.346,
    0.0
  ],
  [
    3.369,
    0.0
  ],
  [
    3.38,
    0.0
  ],
  [
    3.41,
    0.0
  ],
  [
    3.418,
    0.0
  ],
  [
    3.45,
    0.0
  ],
  [
    3.459,
    0.0
  ],
  [
    3.475,
    0.0
  ],
  [
    3.506,
    0.0
  ],
  [
    3.521,
    0.0
  ],
  [
    3.532,
    0.0
  ],
  [
    3.546,
    0.0
  ],
  [
    3.573,
    0.0
  ],
  [
    3.584,
    0.0
  ],
  [
    3.597,
    0.0
  ],
  [
    3.626,
    0.0
  ],
  [
    3.631,
    0.0
  ],
  [
    3.659,
    0.0
  ],
  [
    3.67,
    0.0
  ],
  [
    3.684,
    0.0
  ],
  [
    3.713,
    0.0
  ],
  [
    3.725,
    0.0
  ],
  [
    3.755,
    0.0
  ],
  [
    3.765,
    0.0
  ],
  [
    3.792,
    0.0
  ],
  [
    3.802,
    0.0
  ],
  [
    3.833,
    0.0
  ],
  [
    3.844,
    0.0
  ],
  [
    3.87,
    0.0
  ],
  [
    3.882,
    0.0
  ],
  [
    3.898,
    0.0
  ],
  [
    3.914,
    0.0
  ],
  [
    3.94,
    0.0
  ],
  [
    3.95,
    0.0
  ],
  [
    3.969,
    0.0
  ],
  [
    3.984,
    0.0
  ],
  [
    4.006,
    0.0
  ],
  [
    4.018,
    0.0
  ],
  [
    4.033,
    0.0
  ],
  [
    4.061,
    0.0
  ],
  [
    4.07,
    0.0
  ],
  [
    4.098,
    0.0
  ],
  [
    4.11,
    0.0
  ],
  [
    4.125,
    0.0
  ],
  [
    4.152,
    0.0
  ],
  [
    4.163,
    0.0
  ],
  [
    4.19,
    0.0
  ],
  [
    4.199,
    0.0
  ],
  [
    4.232,
    0.0
  ],
  [
    4.24,
    0.0
  ],
  [
    4.255,
    0.0
  ],
  [
    4.283,
    0.0
  ],
  [
    4.29,
    0.0
  ],
  [
    4.318,
    0.0
  ],
  [
    4.328,
    0.0
  ],
  [
    4.355,
    0.0
  ],
  [
    4.366,
    0.0
  ],
  [
    4.394,
    0.0
  ],
  [
    4.399,
    0.0
  ],
  [
    4.424,
    0.0
  ],
  [
    4.437,
    0.0
  ],
  [
    4.453,
    0.0
  ],
  [
    4.479,
    0.0
  ],
  [
    4.489,
    0.0
  ],
  [
    4.518,
    0.0
  ],
  [
    4.528,
    0.0
  ],
  [
    4.557,
    0.0
  ],
  [
    4.566,
    0.0
  ],
  [
    4.594,
    0.0
  ],
  [
    4.6,
    0.0
  ],
  [
    4.631,
    0.0
  ],
  [
    4.642,
    0.0
  ],
  [
    4.668,
    0.0
  ],
  [
    4.678,
    0.0
  ],
  [
    4.707,
    0.0
  ],
  [
    4.714,
    0.0
  ],
  [
    4.743,
    0.0
  ],
  [
    4.754,
    0.0
  ],
  [
    4.766,
    0.0
  ],
  [
    4.793,
    0.0
  ],
  [
    4.8,
    0.0
  ],
  [
    4.829,
    0.0
  ],
  [
    4.837,
    0.0
  ],
  [
    4.865,
    0.0
  ],
  [
    4.874,
    0.0
  ],
  [
    4.904,
    0.0
  ],
  [
    4.912,
    0.0
  ],
  [
    4.945,
    0.0
  ],
  [
    4.955,
    0.0
  ],
  [
    4.973,
    0.0
  ],
  [
    4.988,
    0.0
  ],
  [
    5.0,
    0.0
  ],
  [
    5.026,
    0.0
  ],
  [
    5.037,
    0.0
  ],
  [
    5.064,
    0.0
  ],
  [
    5.074,
    0.0
  ],
  [
    5.105,
    0.0
  ],
  [
    5.112,
    0.0
  ],
  [
    5.14,
    0.0
  ],
  [
    5.152,
    0.0
  ],
  [
    5.18,
    0.0
  ],
  [
    5.189,
    0.0
  ],
  [
    5.204,
    0.0
  ],
  [
    5.233,
    0.0
  ],
  [
    5.243,
    0.0
  ],
  [
    5.272,
    0.0
  ],
  [
    5.279,
    0.0
  ],
  [
    5.307,
    0.0
  ],
  [
    5.321,
    0.0
  ],
  [
    5.343,
    0.0
  ],
  [
    5.359,
    0.0
  ],
  [
    5.367,
    0.0
  ],
  [
    5.395,
    0.0
  ],
  [
    5.405,
    0.0
  ],
  [
    5.433,
    0.0
  ],
  [
    5.443,
    0.0
  ],
  [
    5.457,
    0.0
  ],
  [
    5.484,
    0.0
  ],
  [
    5.495,
    0.0
  ],
  [
    5.524,
    0.0
  ],
  [
    5.537,
    0.0
  ],
  [
    5.548,
    0.0
  ],
  [
    5.562,
    0.0
  ],
  [
    5.593,
    0.0
  ],
  [
    5.604,
    0.0
  ],
  [
    5.619,
    0.0
  ],
  [
    5.65,
    0.0
  ],
  [
    5.66,
    0.0
  ],
  [
    5.675,
    0.0
  ],
  [
    5.706,
    0.0
  ],
  [
    5.718,
    0.0
  ],
  [
    5.734,
    0.0
  ],
  [
    5.75,
    0.0
  ],
  [
    5.776,
    0.0
  ],
  [
    5.789,
    0.0
  ],
  [
    5.804,
    0.0
  ],
  [
    5.833,
    0.0
  ],
  [
    5.844,
    0.0
  ],
  [
    5.877,
    0.0
  ],
  [
    5.886,
    0.0
  ],
  [
    5.914,
    0.0
  ],
  [
    5.928,
    0.0
  ],
  [
    5.937,
    0.0
  ],
  [
    5.955,
    0.0
  ],
  [
    5.97,
    0.0
  ],
  [
    6.005,
    0.0
  ],
  [
    6.014,
    0.0
  ],
  [
    6.029,
    0.0
  ],
  [
    6.059,
    0.0
  ],
  [
    6.073,
    0.0
  ],
  [
    6.087,
    0.0
  ],
  [
    6.102,
    0.0
  ],
  [
    6.119,
    0.0
  ],
  [
    6.144,
    0.0
  ],
  [
    6.158,
    0.0
  ],
  [
    6.186,
    0.0
  ],
  [
    6.198,
    0.0
  ],
  [
    6.214,
    0.0
  ],
  [
    6.228,
    0.0
  ],
  [
    6.256,
    0.0
  ],
  [
    6.264,
    0.0
  ],
  [
    6.279,
    0.0
  ],
  [
    6.308,
    0.0
  ],
  [
    6.317,
    0.0
  ],
  [
    6.344,
    0.0
  ],
  [
    6.354,
    0.0
  ],
  [
    6.384,
    0.0
  ],
  [
    6.393,
    0.0
  ],
  [
    6.407,
    0.0
  ],
  [
    6.435,
    0.0
  ],
  [
    6.444,
    0.0
  ],
  [
    6.473,
    0.0
  ],
  [
    6.48,
    0.0
  ],
  [
    6.507,
    0.0
  ],
  [
    6.518,
    0.0
  ],
  [
    6.545,
    0.0
  ],
  [
    6.552,
    0.0
  ],
  [
    6.569,
    0.0
  ],
  [
    6.596,
    0.0
  ],
  [
    6.604,
    0.0
  ],
  [
    6.632,
    0.0
  ],
  [
    6.642,
    0.0
  ],
  [
    6.655,
    0.0
  ],
  [
    6.671,
    0.0
  ],
  [
    6.693,
    0.0
  ],
  [
    6.721,
    0.0
  ],
  [
    6.729,
    0.0
  ],
  [
    6.754,
    0.0
  ],
  [
    6.764,
    0.0
  ],
  [
    6.792,
    0.0
  ],
  [
    6.802,
    0.0
  ],
  [
    6.827,
    0.0
  ],
  [
    6.836,
    0.0
  ],
  [
    6.863,
    0.0
  ],
  [
    6.878,
    0.0
  ],
  [
    6.886,
    0.0
  ],
  [
    6.914,
    0.0
  ],
  [
    6.926,
    0.0
  ],
  [
    6.952,
    0.0
  ],
  [
    6.963,
    0.0
  ],
  [
    6.992,
    0.0
  ],
  [
    6.998,
    0.0
  ],
  [
    7.022,
    0.0
  ],
  [
    7.048,
    0.0
  ],
  [
    7.056,
    0.0
  ],
  [
    7.083,
    0.0
  ],
  [
    7.092,
    0.0
  ],
  [
    7.118,
    0.0
  ],
  [
    7.127,
    0.0
  ],
  [
    7.153,
    0.0
  ],
  [
    7.161,
    0.0
  ],
  [
    7.192,
    0.0
  ],
  [
    7.201,
    0.0
  ],
  [
    7.229,
    0.0
  ],
  [
    7.237,
    0.0
  ],
  [
    7.262,
    0.0
  ],
  [
    7.271,
    0.0
  ],
  [
    7.284,
    0.0
  ],
  [
    7.311,
    0.0
  ],
  [
    7.319,
    0.0
  ],
  [
    7.345,
    0.0
  ],
  [
    7.354,
    0.0
  ],
  [
    7.378,
    0.0
  ],
  [
    7.389,
    0.0
  ],
  [
    7.414,
    0.0
  ],
  [
    7.423,
    0.0
  ],
  [
    7.449,
    0.0
  ],
  [
    7.458,
    0.0
  ],
  [
    7.486,
    0.0
  ],
  [
    7.499,
    0.0
  ],
  [
    7.522,
    0.0
  ],
  [
    7.529,
    0.0
  ],
  [
    7.555,
    0.0
  ],
  [
    7.565,
    0.0
  ],
  [
    7.59,
    0.0
  ],
  [
    7.599,
    0.0
  ],
  [
    7.627,
    0.0
  ],
  [
    7.635,
    0.0
  ],
  [
    7.655,
    0.0
  ],
  [
    7.683,
    0.0
  ],
  [
    7.691,
    0.0
  ],
  [
    7.717,
    0.0
  ],
  [
    7.727,
    0.0
  ],
  [
    7.748,
    0.0
  ],
  [
    7.76,
    0.0
  ],
  [
    7.787,
    0.0
  ],
  [
    7.794,
    0.0
  ],
  [
    7.821,
    0.0
  ],
  [
    7.829,
    0.0
  ],
  [
    7.853,
    0.0
  ],
  [
    7.868,
    0.0
  ],
  [
    7.891,
    0.0
  ],
  [
    7.9,
    0.0
  ],
  [
    7.928,
    0.0
  ],
  [
    7.934,
    0.0
  ],
  [
    7.961,
    0.0
  ],
  [
    7.97,
    0.0
  ],
  [
    7.985,
    0.0
  ],
  [
    8.01,
    0.0
  ],
  [
    8.024,
    0.0
  ],
  [
    8.057,
    0.0
  ],
  [
    8.062,
    0.0
  ],
  [
    8.091,
    0.0
  ],
  [
    8.098,
    0.0
  ],
  [
    8.126,
    0.0
  ],
  [
    8.13,
    0.0
  ],
  [
    8.156,
    0.0
  ],
  [
    8.173,
    0.0
  ],
  [
    8.18,
    0.0
  ],
  [
    8.196,
    0.0
  ],
  [
    8.218,
    0.0
  ],
  [
    8.246,
    0.0
  ],
  [
    8.263,
    0.0
  ],
  [
    8.272,
    0.0
  ],
  [
    8.299,
    0.0
  ],
  [
    8.309,
    0.0
  ],
  [
    8.334,
    0.0
  ],
  [
    8.344,
    0.0
  ],
  [
    8.37,
    0.0
  ],
  [
    8.38,
    0.0
  ],
  [
    8.409,
    0.0
  ],
  [
    8.416,
    0.0
  ],
  [
    8.442,
    0.0
  ],
  [
    8.45,
    0.0
  ],
  [
    8.478,
    0.0
  ],
  [
    8.485,
    0.0
  ],
  [
    8.5,
    0.0
  ],
  [
    8.524,
    0.0
  ],
  [
    8.548,
    0.0
  ],
  [
    8.557,
    0.0
  ],
  [
    8.585,
    0.0
  ],
  [
    8.593,
    0.0
  ],
  [
    8.622,
    0.0
  ],
  [
    8.629,
    0.0
  ],
  [
    8.65,
    0.0
  ],
  [
    8.664,
    0.0
  ],
  [
    8.69,
    0.0
  ],
  [
    8.701,
    0.0
  ],
  [
    8.726,
    0.0
  ],
  [
    8.734,
    0.0
  ],
  [
    8.76,
    0.0
  ],
  [
    8.77,
    0.0
  ],
  [
    8.798,
    0.0
  ],
  [
    8.807,
    0.0
  ],
  [
    8.833,
    0.0
  ],
  [
    8.841,
    0.0
  ],
  [
    8.867,
    0.0
  ],
  [
    8.876,
    0.0
  ],
  [
    8.915,
    0.0
  ],
  [
    8.924,
    0.0
  ],
  [
    8.942,
    0.0
  ],
  [
    8.96,
    0.0
  ],
  [
    8.983,
    0.0
  ],
  [
    8.994,
    0.0
  ],
  [
    9.02,
    0.0
  ],
  [
    9.039,
    0.0
  ],
  [
    9.053,
    0.0
  ],
  [
    9.071,
    0.0
  ],
  [
    9.087,
    0.0
  ],
  [
    9.098,
    0.0
  ],
  [
    9.125,
    0.0
  ],
  [
    9.139,
    0.0
  ],
  [
    9.16,
    0.0
  ],
  [
    9.171,
    0.0
  ],
  [
    9.196,
    0.0
  ],
  [
    9.207,
    0.0
  ],
  [
    9.233,
    0.0
  ],
  [
    9.253,
    0.0
  ],
  [
    9.259,
    0.0
  ],
  [
    9.274,
    0.0
  ],
  [
    9.304,
    0.0
  ],
  [
    9.319,
    0.0
  ],
  [
    9.347,
    0.0
  ],
  [
    9.356,
    0.0
  ],
  [
    9.377,
    0.0
  ],
  [
    9.402,
    0.0
  ],
  [
    9.422,
    0.0
  ],
  [
    9.432,
    0.0
  ],
  [
    9.46,
    0.0
  ],
  [
    9.469,
    0.0
  ],
  [
    9.495,
    0.0
  ],
  [
    9.506,
    0.0
  ],
  [
    9.534,
    0.0
  ],
  [
    9.543,
    0.0
  ],
  [
    9.572,
    0.0
  ],
  [
    9.579,
    0.0
  ],
  [
    9.604,
    0.0
  ],
  [
    9.612,
    0.0
  ],
  [
    9.64,
    0.0
  ],
  [
    9.648,
    0.0
  ],
  [
    9.675,
    0.0
  ],
  [
    9.689,
    0.0
  ],
  [
    9.697,
    0.0
  ],
  [
    9.726,
    0.0
  ],
  [
    9.732,
    0.0
  ],
  [
    9.754,
    0.0
  ],
  [
    9.769,
    0.0
  ],
  [
    9.795,
    0.0
  ],
  [
    9.802,
    0.0
  ],
  [
    9.828,
    0.0
  ],
  [
    9.838,
    0.0
  ],
  [
    9.863,
    0.0
  ],
  [
    9.871,
    0.0
  ],
  [
    9.898,
    0.0
  ],
  [
    9.906,
    0.0
  ],
  [
    9.933,
    0.0
  ],
  [
    9.941,
    0.0
  ],
  [
    9.962,
    0.0
  ],
  [
    9.977,
    0.0
  ],
  [
    10.004,
    0.0
  ],
  [
    10.014,
    0.0
  ],
  [
    10.041,
    0.0
  ],
  [
    10.05,
    0.0
  ],
  [
    10.08,
    0.0
  ],
  [
    10.089,
    0.0
  ],
  [
    10.117,
    0.0
  ],
  [
    10.125,
    0.0
  ],
  [
    10.15,
    0.0
  ],
  [
    10.159,
    0.0
  ],
  [
    10.188,
    0.0
  ],
  [
    10.195,
    0.0
  ],
  [
    10.216,
    0.0
  ],
  [
    10.229,
    0.0
  ],
  [
    10.26,
    0.0
  ],
  [
    10.266,
    0.0
  ],
  [
    10.292,
    0.0
  ],
  [
    10.315,
    0.0
  ],
  [
    10.324,
    0.0
  ],
  [
    10.352,
    -1.6162
  ],
  [
    10.36,
    -2.4012
  ],
  [
    10.386,
    -3.7693
  ],
  [
    10.395,
    -4.4742
  ],
  [
    10.423,
    -6.0179
  ],
  [
    10.446,
    -7.433
  ],
  [
    10.454,
    -8.27
  ],
  [
    10.483,
    -9.8366
  ],
  [
    10.489,
    -10.4847
  ],
  [
    10.517,
    -11.9648
  ],
  [
    10.525,
    -12.5548
  ],
  [
    10.537,
    -13.3221
  ],
  [
    10.566,
    -15.0186
  ],
  [
    10.583,
    -15.8429
  ],
  [
    10.592,
    -16.7395
  ],
  [
    10.616,
    -18.2578
  ],
  [
    10.623,
    -18.879
  ],
  [
    10.657,
    -20.4261
  ],
  [
    10.667,
    -21.3679
  ],
  [
    10.683,
    -22.1883
  ],
  [
    10.711,
    -23.9608
  ],
  [
    10.722,
    -24.7248
  ],
  [
    10.754,
    -24.9505
  ],
  [
    10.762,
    -24.9233
  ],
  [
    10.79,
    -24.9314
  ],
  [
    10.799,
    -24.9342
  ],
  [
    10.815,
    -24.9315
  ],
  [
    10.838,
    -24.9339
  ],
  [
    10.851,
    -24.9103
  ],
  [
    10.879,
    -24.9071
  ],
  [
    10.891,
    -24.8957
  ],
  [
    10.901,
    -24.8944
  ],
  [
    10.927,
    -24.8709
  ],
  [
    10.933,
    -24.8713
  ],
  [
    10.963,
    -24.8647
  ],
  [
    10.974,
    -24.8681
  ],
  [
    11.003,
    -24.8613
  ],
  [
    11.013,
    -24.8586
  ],
  [
    11.041,
    -24.8556
  ],
  [
    11.051,
    -24.8515
  ],
  [
    11.065,
    -24.852
  ],
  [
    11.094,
    -24.8473
  ],
  [
    11.106,
    -24.8456
  ],
  [
    11.117,
    -24.8417
  ],
  [
    11.145,
    -24.8356
  ],
  [
    11.155,
    -24.8043
  ],
  [
    11.17,
    -24.7802
  ],
  [
    11.198,
    -24.7738
  ],
  [
    11.206,
    -24.7748
  ],
  [
    11.231,
    -24.7487
  ],
  [
    11.239,
    -24.751
  ],
  [
    11.254,
    -24.7192
  ],
  [
    11.277,
    -24.7175
  ],
  [
    11.291,
    -24.7179
  ],
  [
    11.32,
    -24.7164
  ],
  [
    11.332,
    -24.7191
  ],
  [
    11.358,
    -24.7206
  ],
  [
    11.365,
    -24.7213
  ],
  [
    11.387,
    -24.6854
  ],
  [
    11.414,
    -24.6607
  ],
  [
    11.422,
    -24.6602
  ],
  [
    11.449,
    -24.6609
  ],
  [
    11.46,
    -24.6609
  ],
  [
    11.484,
    -24.6625
  ],
  [
    11.495,
    -24.6602
  ],
  [
    11.51,
    -24.654
  ],
  [
    11.536,
    -24.6588
  ],
  [
    11.546,
    -24.6554
  ],
  [
    11.572,
    -24.6515
  ],
  [
    11.582,
    -24.6481
  ],
  [
    11.609,
    -24.642
  ],
  [
    11.619,
    -24.6405
  ],
  [
    11.642,
    -24.6359
  ],
  [
    11.652,
    -24.6326
  ],
  [
    11.667,
    -24.6246
  ],
  [
    11.691,
    -24.6243
  ],
  [
    11.715,
    -24.6173
  ],
  [
    11.726,
    -24.6019
  ],
  [
    11.751,
    -24.6014
  ],
  [
    11.762,
    -24.5961
  ],
  [
    11.789,
    -24.5967
  ],
  [
    11.796,
    -24.5944
  ],
  [
    11.825,
    -24.5941
  ],
  [
    11.834,
    -24.5904
  ],
  [
    11.847,
    -24.5845
  ],
  [
    11.871,
    -24.5858
  ],
  [
    11.886,
    -24.5823
  ],
  [
    11.914,
    -24.5755
  ],
  [
    11.922,
    -24.5671
  ],
  [
    11.949,
    -24.5655
  ],
  [
    11.957,
    -24.5603
  ],
  [
    11.985,
    -24.551
  ],
  [
    11.993,
    -24.5494
  ],
  [
    12.016,
    -24.5416
  ],
  [
    12.044,
    -24.5343
  ],
  [
    12.052,
    -24.5305
  ],
  [
    12.068,
    -24.5253
  ],
  [
    12.092,
    -24.5311
  ],
  [
    12.104,
    -24.5273
  ],
  [
    12.13,
    -24.5197
  ],
  [
    12.139,
    -24.5156
  ],
  [
    12.169,
    -24.5117
  ],
  [
    12.177,
    -24.5105
  ],
  [
    12.207,
    -24.5101
  ],
  [
    12.213,
    -24.5082
  ],
  [
    12.24,
    -24.5002
  ],
  [
    12.251,
    -24.4992
  ],
  [
    12.281,
    -24.4945
  ],
  [
    12.289,
    -24.4959
  ],
  [
    12.317,
    -24.4902
  ],
  [
    12.323,
    -24.4886
  ],
  [
    12.347,
    -24.4862
  ],
  [
    12.358,
    -24.4787
  ],
  [
    12.384,
    -24.4764
  ],
  [
    12.394,
    -24.474
  ],
  [
    12.407,
    -24.4702
  ],
  [
    12.434,
    -24.4712
  ],
  [
    12.444,
    -24.4672
  ],
  [
    12.471,
    -24.4637
  ],
  [
    12.478,
    -24.4582
  ],
  [
    12.501,
    -24.4548
  ],
  [
    12.527,
    -24.4475
  ],
  [
    12.54,
    -24.4455
  ],
  [
    12.567,
    -24.4459
  ],
  [
    12.576,
    -24.4435
  ],
  [
    12.603,
    -24.4471
  ],
  [
    12.612,
    -24.4451
  ],
  [
    12.626,
    -24.4405
  ],
  [
    12.653,
    -24.4438
  ],
  [
    12.664,
    -24.4414
  ],
  [
    12.68,
    -24.4369
  ],
  [
    12.706,
    -24.4468
  ],
  [
    12.714,
    -24.4432
  ],
  [
    12.736,
    -24.4318
  ],
  [
    12.762,
    -24.4227
  ],
  [
    12.777,
    -24.4204
  ],
  [
    12.798,
    -24.4232
  ],
  [
    12.811,
    -24.4231
  ],
  [
    12.84,
    -24.4201
  ],
  [
    12.862,
    -24.4177
  ],
  [
    12.876,
    -24.4153
  ],
  [
    12.885,
    -24.4149
  ],
  [
    12.914,
    -24.419
  ],
  [
    12.923,
    -24.4197
  ],
  [
    12.95,
    -24.4173
  ],
  [
    12.959,
    -24.4141
  ],
  [
    12.976,
    -24.4124
  ],
  [
    13.002,
    -24.4204
  ],
  [
    13.013,
    -24.4189
  ],
  [
    13.037,
    -24.4256
  ],
  [
    13.048,
    -24.4205
  ],
  [
    13.08,
    -24.4148
  ],
  [
    13.089,
    -24.4175
  ],
  [
    13.117,
    -24.4207
  ],
  [
    13.124,
    -24.4177
  ],
  [
    13.153,
    -24.4102
  ],
  [
    13.163,
    -24.4115
  ],
  [
    13.19,
    -24.4217
  ],
  [
    13.198,
    -24.4178
  ],
  [
    13.222,
    -24.4059
  ],
  [
    13.233,
    -24.4004
  ],
  [
    13.261,
    -24.3991
  ],
  [
    13.268,
    -24.3997
  ],
  [
    13.295,
    -24.4017
  ],
  [
    13.318,
    -24.4084
  ],
  [
    13.341,
    -24.4015
  ],
  [
    13.349,
    -24.3996
  ],
  [
    13.381,
    -24.4057
  ],
  [
    13.39,
    -24.4083
  ],
  [
    13.415,
    -24.404
  ],
  [
    13.425,
    -24.402
  ],
  [
    13.446,
    -24.3894
  ],
  [
    13.464,
    -24.3842
  ],
  [
    13.488,
    -24.3864
  ],
  [
    13.496,
    -24.3848
  ],
  [
    13.525,
    -24.3804
  ],
  [
    13.533,
    -24.3804
  ],
  [
    13.561,
    -24.3758
  ],
  [
    13.571,
    -24.378
  ],
  [
    13.586,
    -24.378
  ],
  [
    13.615,
    -24.3855
  ],
  [
    13.622,
    -24.3839
  ],
  [
    13.651,
    -24.3781
  ],
  [
    13.659,
    -24.3787
  ],
  [
    13.688,
    -24.3745
  ],
  [
    13.696,
    -24.375
  ],
  [
    13.717,
    -24.3677
  ],
  [
    13.73,
    -24.3665
  ],
  [
    13.756,
    -24.3746
  ],
  [
    13.763,
    -24.3726
  ],
  [
    13.79,
    -24.3645
  ],
  [
    13.802,
    -24.3672
  ],
  [
    13.828,
    -24.3775
  ],
  [
    13.838,
    -24.375
  ],
  [
    13.865,
    -24.3718
  ],
  [
    13.875,
    -24.3699
  ],
  [
    13.902,
    -24.3723
  ],
  [
    13.926,
    -24.3658
  ],
  [
    13.935,
    -24.3645
  ],
  [
    13.968,
    -24.3672
  ],
  [
    13.977,
    -24.3703
  ],
  [
    14.004,
    -24.377
  ],
  [
    14.015,
    -24.3762
  ],
  [
    14.043,
    -24.3738
  ],
  [
    14.053,
    -24.3721
  ],
  [
    14.085,
    -24.3728
  ],
  [
    14.103,
    -24.3783
  ],
  [
    14.111,
    -24.3835
  ],
  [
    14.127,
    -24.3867
  ],
  [
    14.153,
    -24.3942
  ],
  [
    14.165,
    -24.3897
  ],
  [
    14.19,
    -24.381
  ],
  [
    14.197,
    -24.3776
  ],
  [
    14.226,
    -24.3829
  ],
  [
    14.24,
    -24.3807
  ],
  [
    14.249,
    -24.3749
  ],
  [
    14.277,
    -24.3787
  ],
  [
    14.286,
    -24.3776
  ],
  [
    14.315,
    -24.373
  ],
  [
    14.324,
    -24.3704
  ],
  [
    14.35,
    -24.3699
  ],
  [
    14.359,
    -24.3692
  ],
  [
    14.39,
    -24.3757
  ],
  [
    14.4,
    -24.3755
  ],
  [
    14.425,
    -24.3794
  ],
  [
    14.444,
    -24.3826
  ],
  [
    14.454,
    -24.3878
  ],
  [
    14.481,
    -24.3929
  ],
  [
    14.491,
    -24.3879
  ],
  [
    14.52,
    -24.3826
  ],
  [
    14.529,
    -24.3826
  ],
  [
    14.557,
    -24.3767
  ],
  [
    14.565,
    -24.3751
  ],
  [
    14.594,
    -24.3854
  ],
  [
    14.603,
    -24.3822
  ],
  [
    14.631,
    -24.3759
  ],
  [
    14.642,
    -24.3737
  ],
  [
    14.667,
    -24.3715
  ],
  [
    14.677,
    -24.3663
  ],
  [
    14.707,
    -24.3646
  ],
  [
    14.717,
    -24.3647
  ],
  [
    14.744,
    -24.3653
  ],
  [
    14.752,
    -24.3605
  ],
  [
    14.783,
    -24.3585
  ],
  [
    14.79,
    -24.3598
  ],
  [
    14.819,
    -24.3581
  ],
  [
    14.828,
    -24.3574
  ],
  [
    14.858,
    -24.3578
  ],
  [
    14.869,
    -24.3609
  ],
  [
    14.897,
    -24.3763
  ],
  [
    14.907,
    -24.3762
  ],
  [
    14.933,
    -24.3698
  ],
  [
    14.942,
    -24.3684
  ],
  [
    14.969,
    -24.3741
  ],
  [
    14.976,
    -24.3699
  ],
  [
    15.009,
    -24.3598
  ],
  [
    15.02,
    -24.3648
  ],
  [
    15.033,
    -24.3701
  ],
  [
    15.058,
    -24.3726
  ],
  [
    15.071,
    -24.3699
  ],
  [
    15.101,
    -24.37
  ],
  [
    15.112,
    -24.3715
  ],
  [
    15.141,
    -24.3745
  ],
  [
    15.151,
    -24.374
  ],
  [
    15.166,
    -24.3698
  ],
  [
    15.196,
    -24.3771
  ],
  [
    15.207,
    -24.3774
  ],
  [
    15.221,
    -24.3761
  ],
  [
    15.235,
    -24.3776
  ],
  [
    15.264,
    -24.3799
  ],
  [
    15.275,
    -24.3787
  ],
  [
    15.287,
    -24.3813
  ],
  [
    15.318,
    -24.3782
  ],
  [
    15.328,
    -24.3761
  ],
  [
    15.357,
    -24.3731
  ],
  [
    15.371,
    -24.3714
  ],
  [
    15.388,
    -24.3736
  ],
  [
    15.411,
    -24.3838
  ],
  [
    15.44,
    0.0
  ],
  [
    15.469,
    -2.9488
  ],
  [
    15.479,
    -4.4734
  ],
  [
    15.495,
    -5.6896
  ],
  [
    15.51,
    -7.2543
  ],
  [
    15.541,
    -10.3012
  ],
  [
    15.553,
    -11.4488
  ],
  [
    15.584,
    -14.4673
  ],
  [
    15.594,
    -15.718
  ],
  [
    15.608,
    -17.1556
  ],
  [
    15.623,
    -18.5871
  ],
  [
    15.654,
    -21.5805
  ],
  [
    15.662,
    -22.7294
  ],
  [
    15.676,
    -24.0474
  ],
  [
    15.707,
    -26.6518
  ],
  [
    15.718,
    -27.9426
  ],
  [
    15.73,
    -29.5647
  ],
  [
    15.761,
    -32.3554
  ],
  [
    15.772,
    -33.5545
  ],
  [
    15.802,
    -36.2596
  ],
  [
    15.812,
    -37.6648
  ],
  [
    15.842,
    -40.0
  ],
  [
    15.853,
    -40.0
  ],
  [
    15.865,
    -40.0
  ],
  [
    15.888,
    -40.0
  ],
  [
    15.906,
    -40.0
  ],
  [
    15.916,
    -40.0
  ],
  [
    15.93,
    -40.0
  ],
  [
    15.952,
    -40.0
  ],
  [
    15.965,
    -40.0
  ],
  [
    15.993,
    -40.0
  ],
  [
    16.0,
    -40.0
  ],
  [
    16.029,
    -40.0
  ],
  [
    16.045,
    -40.0
  ],
  [
    16.053,
    -40.0
  ],
  [
    16.082,
    -40.0
  ],
  [
    16.09,
    -40.0
  ],
  [
    16.108,
    -40.0
  ],
  [
    16.137,
    -40.0
  ],
  [
    16.148,
    -40.0
  ],
  [
    16.172,
    -40.0
  ],
  [
    16.185,
    -40.0
  ],
  [
    16.214,
    -40.0
  ],
  [
    16.223,
    -40.0
  ],
  [
    16.246,
    -40.0
  ],
  [
    16.264,
    -40.0
  ],
  [
    16.274,
    -40.0
  ],
  [
    16.315,
    -40.0
  ],
  [
    16.324,
    -40.0
  ],
  [
    16.342,
    -40.0
  ],
  [
    16.358,
    -40.0
  ],
  [
    16.389,
    -40.0
  ],
  [
    16.398,
    -40.0
  ],
  [
    16.42,
    -40.0
  ],
  [
    16.436,
    -40.0
  ],
  [
    16.45,
    -40.0
  ],
  [
    16.478,
    -40.0
  ],
  [
    16.488,
    -38.0
  ],
  [
    16.51,
    -36.0
  ],
  [
    16.52,
    -34.0
  ],
  [
    16.535,
    -32.0
  ],
  [
    16.56,
    -30.0
  ],
  [
    16.569,
    -28.0
  ],
  [
    16.596,
    -26.0
  ],
  [
    16.606,
    -24.0
  ],
  [
    16.635,
    -22.0
  ],
  [
    16.642,
    -20.0
  ],
  [
    16.67,
    -18.0
  ],
  [
    16.678,
    -16.0
  ],
  [
    16.718,
    -14.0
  ],
  [
    16.728,
    -12.0
  ],
  [
    16.745,
    -10.0
  ],
  [
    16.777,
    -8.0
  ],
  [
    16.787,
    -6.0
  ],
  [
    16.802,
    -4.0
  ],
  [
    16.829,
    -2.0
  ],
  [
    16.836,
    0.0
  ],
  [
    16.849,
    1.0668
  ],
  [
    16.878,
    3.6848
  ],
  [
    16.885,
    4.6411
  ],
  [
    16.912,
    5.6231
  ],
  [
    16.926,
    8.0123
  ],
  [
    16.949,
    9.0522
  ],
  [
    16.957,
    10.6042
  ],
  [
    16.974,
    11.7239
  ],
  [
    17.012,
    14.2162
  ],
  [
    17.022,
    15.4957
  ],
  [
    17.037,
    16.6256
  ],
  [
    17.066,
    18.6629
  ],
  [
    17.075,
    19.4098
  ],
  [
    17.118,
    21.0416
  ],
  [
    17.127,
    22.8428
  ],
  [
    17.144,
    23.7303
  ],
  [
    17.16,
    24.767
  ],
  [
    17.178,
    25.7724
  ],
  [
    17.192,
    26.8897
  ],
  [
    17.229,
    28.7397
  ],
  [
    17.249,
    29.6437
  ],
  [
    17.26,
    29.7446
  ],
  [
    17.276,
    29.7368
  ],
  [
    17.311,
    29.7216
  ],
  [
    17.33,
    29.7102
  ],
  [
    17.341,
    29.7191
  ],
  [
    17.36,
    29.7183
  ],
  [
    17.38,
    29.7235
  ],
  [
    17.398,
    29.6998
  ],
  [
    17.414,
    29.691
  ],
  [
    17.436,
    29.6906
  ],
  [
    17.455,
    29.6861
  ],
  [
    17.473,
    29.6818
  ],
  [
    17.495,
    29.6772
  ],
  [
    17.514,
    29.6519
  ],
  [
    17.529,
    29.6459
  ],
  [
    17.552,
    29.6534
  ],
  [
    17.564,
    29.6517
  ],
  [
    17.583,
    29.6392
  ],
  [
    17.604,
    29.6315
  ],
  [
    17.62,
    29.6356
  ],
  [
    17.635,
    29.6364
  ],
  [
    17.657,
    29.6394
  ],
  [
    17.673,
    29.6288
  ],
  [
    17.697,
    29.629
  ],
  [
    17.71,
    29.6285
  ],
  [
    17.729,
    29.6224
  ],
  [
    17.751,
    29.6321
  ],
  [
    17.764,
    29.6304
  ],
  [
    17.78,
    29.6222
  ],
  [
    17.804,
    29.6045
  ],
  [
    17.813,
    29.5602
  ],
  [
    17.842,
    29.5204
  ],
  [
    17.847,
    29.5248
  ],
  [
    17.874,
    29.5026
  ],
  [
    17.881,
    29.5047
  ],
  [
    17.905,
    29.4954
  ],
  [
    17.918,
    29.4782
  ],
  [
    17.941,
    29.4757
  ],
  [
    17.97,
    29.4767
  ],
  [
    17.979,
    29.4797
  ],
  [
    18.003,
    29.4845
  ],
  [
    18.015,
    29.4755
  ],
  [
    18.045,
    29.4757
  ],
  [
    18.052,
    29.4754
  ],
  [
    18.075,
    29.4739
  ],
  [
    18.087,
    29.4722
  ],
  [
    18.115,
    29.4692
  ],
  [
    18.125,
    29.4717
  ],
  [
    18.153,
    29.4679
  ],
  [
    18.166,
    29.468
  ],
  [
    18.181,
    29.468
  ],
  [
    18.206,
    29.4725
  ],
  [
    18.22,
    29.4716
  ],
  [
    18.245,
    29.4677
  ],
  [
    18.258,
    29.4607
  ],
  [
    18.269,
    29.4541
  ],
  [
    18.297,
    29.4565
  ],
  [
    18.307,
    29.4536
  ],
  [
    18.334,
    29.4486
  ],
  [
    18.343,
    29.4474
  ],
  [
    18.369,
    29.4172
  ],
  [
    18.38,
    29.4162
  ],
  [
    18.408,
    29.3935
  ],
  [
    18.416,
    29.3898
  ],
  [
    18.444,
    29.3922
  ],
  [
    18.456,
    29.3924
  ],
  [
    18.468,
    29.3944
  ],
  [
    18.495,
    29.3976
  ],
  [
    18.505,
    29.3993
  ],
  [
    18.528,
    29.4011
  ],
  [
    18.54,
    29.3962
  ],
  [
    18.557,
    29.3962
  ],
  [
    18.573,
    29.3932
  ],
  [
    18.588,
    29.399
  ],
  [
    18.623,
    29.4083
  ],
  [
    18.633,
    29.409
  ],
  [
    18.646,
    29.4102
  ],
  [
    18.668,
    29.4063
  ],
  [
    18.68,
    29.3942
  ],
  [
    18.71,
    29.3812
  ],
  [
    18.725,
    29.3793
  ],
  [
    18.732,
    29.3749
  ],
  [
    18.76,
    29.3673
  ],
  [
    18.768,
    29.3597
  ],
  [
    18.783,
    29.3475
  ],
  [
    18.811,
    29.335
  ],
  [
    18.821,
    29.3253
  ],
  [
    18.851,
    29.3119
  ],
  [
    18.86,
    29.3063
  ],
  [
    18.887,
    29.2915
  ],
  [
    18.898,
    29.28
  ],
  [
    18.925,
    29.2665
  ],
  [
    18.935,
    29.2582
  ],
  [
    18.951,
    29.2462
  ],
  [
    18.964,
    29.2561
  ],
  [
    18.979,
    29.3711
  ],
  [
    19.008,
    29.6638
  ],
  [
    19.017,
    29.7896
  ],
  [
    19.047,
    29.7942
  ],
  [
    19.056,
    29.7942
  ],
  [
    19.086,
    29.7942
  ],
  [
    19.095,
    29.7942
  ],
  [
    19.12,
    29.7943
  ],
  [
    19.144,
    29.7942
  ],
  [
    19.157,
    29.7942
  ],
  [
    19.17,
    29.7942
  ],
  [
    19.189,
    29.7942
  ],
  [
    19.202,
    29.7942
  ],
  [
    19.218,
    29.7942
  ],
  [
    19.245,
    29.7942
  ],
  [
    19.256,
    29.7942
  ],
  [
    19.287,
    29.7942
  ],
  [
    19.294,
    29.7942
  ],
  [
    19.32,
    29.7942
  ],
  [
    19.333,
    29.7942
  ],
  [
    19.346,
    29.7942
  ],
  [
    19.371,
    29.7942
  ],
  [
    19.395,
    29.7943
  ],
  [
    19.406,
    29.7943
  ],
  [
    19.43,
    29.7943
  ],
  [
    19.442,
    29.7943
  ],
  [
    19.454,
    29.7943
  ],
  [
    19.482,
    29.7943
  ],
  [
    19.49,
    29.7943
  ],
  [
    19.514,
    29.7943
  ],
  [
    19.543,
    29.7943
  ],
  [
    19.548,
    29.7943
  ],
  [
    19.578,
    29.7943
  ],
  [
    19.588,
    29.7943
  ],
  [
    19.601,
    29.7943
  ],
  [
    19.629,
    29.7943
  ],
  [
    19.636,
    29.7943
  ],
  [
    19.662,
    29.7943
  ],
  [
    19.672,
    29.7943
  ],
  [
    19.687,
    29.7943
  ],
  [
    19.714,
    29.7943
  ],
  [
    19.727,
    29.7943
  ],
  [
    19.736,
    29.7943
  ],
  [
    19.766,
    29.7943
  ],
  [
    19.776,
    29.7943
  ],
  [
    19.804,
    29.7943
  ],
  [
    19.811,
    29.7943
  ],
  [
    19.835,
    29.7943
  ],
  [
    19.845,
    29.7943
  ],
  [
    19.858,
    29.7943
  ],
  [
    19.886,
    29.7943
  ],
  [
    19.918,
    29.7943
  ],
  [
    19.926,
    29.7943
  ],
  [
    19.94,
    29.7943
  ],
  [
    19.956,
    29.7943
  ],
  [
    19.977,
    27.8372
  ],
  [
    19.993,
    25.3515
  ],
  [
    20.011,
    23.2092
  ],
  [
    20.027,
    20.8702
  ],
  [
    20.05,
    18.7644
  ],
  [
    20.062,
    15.5786
  ],
  [
    20.077,
    13.5109
  ],
  [
    20.109,
    11.1653
  ],
  [
    20.118,
    5.8896
  ],
  [
    20.147,
    1.7851
  ],
  [
    20.164,
    -0.491
  ],
  [
    20.184,
    -2.15
  ],
  [
    20.198,
    -4.0634
  ],
  [
    20.215,
    -5.9565
  ],
  [
    20.236,
    -7.7125
  ],
  [
    20.254,
    -9.7145
  ],
  [
    20.283,
    -11.5894
  ],
  [
    20.298,
    -13.7901
  ],
  [
    20.312,
    -15.55
  ],
  [
    20.328,
    -17.493
  ],
  [
    20.345,
    -19.0591
  ],
  [
    20.36,
    -20.7247
  ],
  [
    20.379,
    -22.2167
  ],
  [
    20.394,
    -24.1101
  ],
  [
    20.414,
    -25.6083
  ],
  [
    20.432,
    -27.6124
  ],
  [
    20.45,
    -29.3915
  ],
  [
    20.471,
    -31.2306
  ],
  [
    20.49,
    -33.3118
  ],
  [
    20.516,
    -35.127
  ],
  [
    20.528,
    -37.1852
  ],
  [
    20.543,
    -39.1068
  ],
  [
    20.557,
    -40.0
  ],
  [
    20.575,
    -40.0
  ],
  [
    20.593,
    -40.0
  ],
  [
    20.609,
    -40.0
  ],
  [
    20.624,
    -40.0
  ],
  [
    20.64,
    -40.0
  ],
  [
    20.657,
    -40.0
  ],
  [
    20.671,
    -40.0
  ],
  [
    20.699,
    -40.0
  ],
  [
    20.713,
    -40.0
  ],
  [
    20.728,
    -40.0
  ],
  [
    20.739,
    -40.0
  ],
  [
    20.767,
    -40.0
  ],
  [
    20.777,
    -40.0
  ],
  [
    20.802,
    -40.0
  ],
  [
    20.811,
    -40.0
  ],
  [
    20.826,
    -40.0
  ],
  [
    20.85,
    -40.0
  ],
  [
    20.862,
    -40.0
  ],
  [
    20.888,
    -40.0
  ],
  [
    20.896,
    -40.0
  ],
  [
    20.928,
    -40.0
  ],
  [
    20.936,
    -40.0
  ],
  [
    20.966,
    -40.0
  ],
  [
    20.977,
    -39.9896
  ],
  [
    21.007,
    -39.9861
  ],
  [
    21.015,
    -39.9886
  ],
  [
    21.043,
    -39.9814
  ],
  [
    21.055,
    -39.9828
  ],
  [
    21.068,
    -39.9843
  ],
  [
    21.095,
    -39.9792
  ],
  [
    21.104,
    -39.9867
  ],
  [
    21.131,
    -39.9746
  ],
  [
    21.144,
    -39.9782
  ],
  [
    21.173,
    -39.9717
  ],
  [
    21.183,
    -39.9711
  ],
  [
    21.208,
    -39.969
  ],
  [
    21.222,
    -39.9595
  ],
  [
    21.236,
    -39.9575
  ],
  [
    21.262,
    -39.9575
  ],
  [
    21.273,
    -39.9712
  ],
  [
    21.298,
    -39.9366
  ],
  [
    21.32,
    -39.9222
  ],
  [
    21.328,
    -39.9061
  ],
  [
    21.354,
    -39.8961
  ],
  [
    21.362,
    -39.9017
  ],
  [
    21.386,
    -39.8978
  ],
  [
    21.412,
    -39.8803
  ],
  [
    21.422,
    -39.8745
  ],
  [
    21.45,
    -39.8636
  ],
  [
    21.458,
    -39.8344
  ],
  [
    21.475,
    -39.814
  ],
  [
    21.503,
    -39.8048
  ],
  [
    21.515,
    -39.7958
  ],
  [
    21.542,
    -39.7874
  ],
  [
    21.549,
    -39.7849
  ],
  [
    21.575,
    -39.77
  ],
  [
    21.584,
    -39.7634
  ],
  [
    21.606,
    -39.7571
  ],
  [
    21.621,
    -39.7439
  ],
  [
    21.648,
    -39.732
  ],
  [
    21.659,
    -39.7281
  ],
  [
    21.686,
    -39.7146
  ],
  [
    21.693,
    -39.7096
  ],
  [
    21.722,
    -39.6901
  ],
  [
    21.732,
    -39.6923
  ],
  [
    21.755,
    -39.6859
  ],
  [
    21.766,
    -39.6786
  ],
  [
    21.806,
    -39.666
  ],
  [
    21.817,
    -39.6837
  ],
  [
    21.833,
    -39.673
  ],
  [
    21.852,
    -39.6746
  ],
  [
    21.868,
    -39.6802
  ],
  [
    21.883,
    -39.6767
  ],
  [
    21.912,
    -39.6589
  ],
  [
    21.921,
    -39.6454
  ],
  [
    21.951,
    -39.6457
  ],
  [
    21.957,
    -39.6271
  ],
  [
    21.972,
    -39.5999
  ],
  [
    21.997,
    -39.595
  ],
  [
    22.005,
    -39.5884
  ],
  [
    22.036,
    -39.5816
  ],
  [
    22.045,
    -39.5785
  ],
  [
    22.073,
    -39.5691
  ],
  [
    22.081,
    -39.5671
  ],
  [
    22.108,
    -39.5609
  ],
  [
    22.117,
    -39.554
  ],
  [
    22.132,
    -39.5484
  ],
  [
    22.145,
    -39.5457
  ],
  [
    22.17,
    -39.5388
  ],
  [
    22.185,
    -39.5322
  ],
  [
    22.215,
    -39.5265
  ],
  [
    22.224,
    -39.5231
  ],
  [
    22.253,
    -39.5148
  ],
  [
    22.261,
    -39.5097
  ],
  [
    22.289,
    -39.5018
  ],
  [
    22.296,
    -39.4973
  ],
  [
    22.322,
    -39.4888
  ],
  [
    22.331,
    -39.4842
  ],
  [
    22.346,
    -39.4809
  ],
  [
    22.372,
    -39.4758
  ],
  [
    22.383,
    -39.4714
  ],
  [
    22.406,
    -39.4656
  ],
  [
    22.418,
    -39.4622
  ],
  [
    22.444,
    -39.4556
  ],
  [
    22.456,
    -39.4535
  ],
  [
    22.484,
    -39.448
  ],
  [
    22.492,
    -39.4428
  ],
  [
    22.518,
    -39.4381
  ],
  [
    22.527,
    -39.4333
  ],
  [
    22.556,
    -39.4278
  ],
  [
    22.566,
    -39.4268
  ],
  [
    22.579,
    -39.4253
  ],
  [
    22.608,
    -39.4224
  ],
  [
    22.616,
    -39.4182
  ],
  [
    22.644,
    -39.4144
  ],
  [
    22.653,
    -39.4099
  ],
  [
    22.68,
    -39.4071
  ],
  [
    22.69,
    -39.403
  ],
  [
    22.717,
    -39.4007
  ],
  [
    22.728,
    -39.3981
  ],
  [
    22.756,
    -39.3973
  ],
  [
    22.766,
    -39.3935
  ],
  [
    22.794,
    -39.3915
  ],
  [
    22.803,
    -39.3905
  ],
  [
    22.817,
    -39.3892
  ],
  [
    22.846,
    -39.3885
  ],
  [
    22.852,
    -39.3847
  ],
  [
    22.88,
    -39.382
  ],
  [
    22.92,
    -39.3776
  ],
  [
    22.929,
    -39.3801
  ],
  [
    22.943,
    -39.3762
  ],
  [
    22.96,
    -39.4166
  ],
  [
    22.978,
    -39.6345
  ],
  [
    22.993,
    -39.8791
  ],
  [
    23.012,
    -39.9996
  ],
  [
    23.028,
    -39.9999
  ],
  [
    23.047,
    -40.0
  ],
  [
    23.065,
    -40.0
  ],
  [
    23.087,
    -40.0
  ],
  [
    23.105,
    -40.0
  ],
  [
    23.127,
    -40.0
  ],
  [
    23.141,
    -40.0
  ],
  [
    23.165,
    -40.0
  ],
  [
    23.187,
    -40.0
  ],
  [
    23.206,
    -40.0
  ],
  [
    23.227,
    -40.0
  ],
  [
    23.25,
    -40.0
  ],
  [
    23.268,
    -40.0
  ],
  [
    23.283,
    -40.0
  ],
  [
    23.306,
    -40.0
  ],
  [
    23.334,
    -40.0
  ],
  [
    23.345,
    -40.0
  ],
  [
    23.36,
    -40.0
  ],
  [
    23.379,
    -40.0
  ],
  [
    23.393,
    -40.0
  ],
  [
    23.409,
    -40.0
  ],
  [
    23.428,
    -40.0
  ],
  [
    23.446,
    -40.0
  ],
  [
    23.463,
    -40.0
  ],
  [
    23.479,
    -40.0
  ],
  [
    23.494,
    -40.0
  ],
  [
    23.508,
    -40.0
  ],
  [
    23.542,
    -40.0
  ],
  [
    23.557,
    -40.0
  ],
  [
    23.57,
    -40.0
  ],
  [
    23.583,
    -40.0
  ],
  [
    23.608,
    -40.0
  ],
  [
    23.617,
    -40.0
  ],
  [
    23.646,
    -40.0
  ],
  [
    23.654,
    -40.0
  ],
  [
    23.679,
    -40.0
  ],
  [
    23.688,
    -40.0
  ],
  [
    23.72,
    -40.0
  ],
  [
    23.731,
    -40.0
  ],
  [
    23.745,
    -40.0
  ],
  [
    23.758,
    -40.0
  ],
  [
    23.782,
    -40.0
  ],
  [
    23.794,
    -40.0
  ],
  [
    23.823,
    -40.0
  ],
  [
    23.832,
    -40.0
  ],
  [
    23.856,
    -40.0
  ],
  [
    23.869,
    -40.0
  ],
  [
    23.889,
    -40.0
  ],
  [
    23.905,
    -40.0
  ],
  [
    23.918,
    -40.0
  ],
  [
    23.933,
    -40.0
  ],
  [
    23.962,
    -40.0
  ],
  [
    23.972,
    -40.0
  ],
  [
    24.002,
    -34.3565
  ],
  [
    24.012,
    -31.9368
  ],
  [
    24.033,
    -26.8648
  ],
  [
    24.062,
    -22.5538
  ],
  [
    24.072,
    -20.1715
  ],
  [
    24.103,
    -14.616
  ],
  [
    24.112,
    -12.2698
  ],
  [
    24.14,
    -6.8683
  ],
  [
    24.151,
    -4.4042
  ],
  [
    24.175,
    0.8926
  ],
  [
    24.188,
    2.0733
  ],
  [
    24.205,
    3.288
  ],
  [
    24.233,
    6.0853
  ],
  [
    24.241,
    7.0656
  ],
  [
    24.27,
    9.1224
  ],
  [
    24.28,
    10.178
  ],
  [
    24.294,
    11.2148
  ],
  [
    24.315,
    12.3243
  ],
  [
    24.341,
    14.7765
  ],
  [
    24.351,
    15.6717
  ],
  [
    24.378,
    17.5022
  ],
  [
    24.386,
    18.2421
  ],
  [
    24.401,
    19.099
  ],
  [
    24.43,
    21.1049
  ],
  [
    24.452,
    22.4708
  ],
  [
    24.461,
    23.159
  ],
  [
    24.476,
    24.038
  ],
  [
    24.508,
    25.7422
  ],
  [
    24.515,
    26.58
  ],
  [
    24.542,
    27.4478
  ],
  [
    24.553,
    29.0185
  ],
  [
    24.571,
    29.7263
  ],
  [
    24.586,
    29.7872
  ],
  [
    24.607,
    29.7862
  ],
  [
    24.618,
    29.7892
  ],
  [
    24.647,
    29.7812
  ],
  [
    24.667,
    29.78
  ],
  [
    24.676,
    29.7769
  ],
  [
    24.71,
    29.7667
  ],
  [
    24.716,
    29.7694
  ],
  [
    24.744,
    29.746
  ],
  [
    24.754,
    29.748
  ],
  [
    24.783,
    29.7504
  ],
  [
    24.79,
    29.741
  ],
  [
    24.818,
    29.7209
  ],
  [
    24.825,
    29.7162
  ],
  [
    24.849,
    29.7208
  ],
  [
    24.862,
    29.7219
  ],
  [
    24.89,
    29.7178
  ],
  [
    24.9,
    29.7169
  ],
  [
    24.928,
    29.7119
  ],
  [
    24.937,
    29.7149
  ],
  [
    24.977,
    29.7125
  ],
  [
    24.984,
    29.7099
  ],
  [
    25.005,
    29.7098
  ],
  [
    25.025,
    29.7136
  ],
  [
    25.041,
    29.7094
  ],
  [
    25.056,
    29.6991
  ],
  [
    25.073,
    29.6965
  ],
  [
    25.096,
    29.6996
  ],
  [
    25.116,
    29.6997
  ],
  [
    25.135,
    29.701
  ],
  [
    25.154,
    29.7035
  ],
  [
    25.169,
    29.7037
  ],
  [
    25.194,
    29.7046
  ],
  [
    25.207,
    29.7045
  ],
  [
    25.227,
    29.7078
  ],
  [
    25.253,
    29.7041
  ],
  [
    25.264,
    29.701
  ],
  [
    25.278,
    29.6975
  ],
  [
    25.297,
    29.6938
  ],
  [
    25.321,
    29.6985
  ],
  [
    25.338,
    29.6936
  ],
  [
    25.353,
    29.6873
  ],
  [
    25.376,
    29.6734
  ],
  [
    25.398,
    29.6752
  ],
  [
    25.424,
    29.678
  ],
  [
    25.435,
    29.6784
  ],
  [
    25.46,
    29.6828
  ],
  [
    25.476,
    29.6819
  ],
  [
    25.494,
    29.6769
  ],
  [
    25.505,
    29.6788
  ],
  [
    25.524,
    29.6757
  ],
  [
    25.538,
    29.6844
  ],
  [
    25.55,
    29.6873
  ],
  [
    25.573,
    29.6661
  ],
  [
    25.596,
    29.6536
  ],
  [
    25.609,
    29.6548
  ],
  [
    25.62,
    29.6532
  ],
  [
    25.65,
    29.6568
  ],
  [
    25.659,
    29.6583
  ],
  [
    25.673,
    29.6602
  ],
  [
    25.698,
    29.6639
  ],
  [
    25.707,
    29.6645
  ],
  [
    25.736,
    29.6668
  ],
  [
    25.752,
    29.6649
  ],
  [
    25.764,
    29.6633
  ],
  [
    25.792,
    29.6687
  ],
  [
    25.801,
    29.6697
  ],
  [
    25.83,
    29.6746
  ],
  [
    25.844,
    29.675
  ],
  [
    25.854,
    29.6763
  ],
  [
    25.881,
    29.6776
  ],
  [
    25.89,
    29.6801
  ],
  [
    25.917,
    29.6804
  ],
  [
    25.929,
    29.6822
  ],
  [
    25.955,
    29.6854
  ],
  [
    25.967,
    29.6869
  ],
  [
    25.995,
    29.6892
  ],
  [
    26.014,
    29.6919
  ],
  [
    26.025,
    29.6917
  ],
  [
    26.056,
    29.6957
  ],
  [
    26.063,
    29.6959
  ],
  [
    26.089,
    29.6977
  ],
  [
    26.099,
    29.6941
  ],
  [
    26.128,
    29.6934
  ],
  [
    26.137,
    29.6945
  ],
  [
    26.173,
    29.7003
  ],
  [
    26.183,
    29.701
  ],
  [
    26.213,
    29.6964
  ],
  [
    26.226,
    29.698
  ],
  [
    26.255,
    29.6916
  ],
  [
    26.263,
    29.6887
  ],
  [
    26.287,
    29.6869
  ],
  [
    26.313,
    29.672
  ],
  [
    26.323,
    29.659
  ],
  [
    26.35,
    29.6652
  ],
  [
    26.358,
    29.667
  ],
  [
    26.383,
    29.6721
  ],
  [
    26.394,
    29.6718
  ],
  [
    26.423,
    29.6736
  ],
  [
    26.432,
    29.6761
  ],
  [
    26.446,
    29.6786
  ],
  [
    26.471,
    29.6823
  ],
  [
    26.479,
    29.6825
  ],
  [
    26.495,
    29.6844
  ],
  [
    26.518,
    29.6893
  ],
  [
    26.543,
    29.6879
  ],
  [
    26.564,
    29.6881
  ],
  [
    26.586,
    29.6862
  ],
  [
    26.593,
    29.6909
  ],
  [
    26.621,
    29.6937
  ],
  [
    26.644,
    29.6946
  ],
  [
    26.651,
    29.696
  ],
  [
    26.68,
    29.6999
  ],
  [
    26.692,
    29.7017
  ],
  [
    26.715,
    29.6996
  ],
  [
    26.724,
    29.6969
  ],
  [
    26.752,
    29.702
  ],
  [
    26.762,
    29.7045
  ],
  [
    26.789,
    29.712
  ],
  [
    26.8,
    29.7125
  ],
  [
    26.827,
    29.7163
  ],
  [
    26.847,
    29.7083
  ],
  [
    26.865,
    29.7114
  ],
  [
    26.877,
    29.7145
  ],
  [
    26.895,
    29.7177
  ],
  [
    26.911,
    29.7186
  ],
  [
    26.923,
    29.7218
  ],
  [
    26.948,
    29.7163
  ],
  [
    26.961,
    29.7182
  ],
  [
    26.978,
    29.7202
  ],
  [
    27.003,
    29.7258
  ],
  [
    27.012,
    29.7268
  ],
  [
    27.044,
    29.7297
  ],
  [
    27.052,
    29.729
  ],
  [
    27.078,
    29.712
  ],
  [
    27.088,
    29.717
  ],
  [
    27.115,
    29.7176
  ],
  [
    27.128,
    29.7202
  ],
  [
    27.15,
    29.7261
  ],
  [
    27.162,
    29.7299
  ],
  [
    27.186,
    29.731
  ],
  [
    27.195,
    29.7214
  ],
  [
    27.225,
    29.7251
  ],
  [
    27.235,
    29.7279
  ],
  [
    27.264,
    29.7334
  ],
  [
    27.275,
    29.7323
  ],
  [
    27.301,
    29.7301
  ],
  [
    27.312,
    29.7325
  ],
  [
    27.339,
    29.7332
  ],
  [
    27.349,
    29.7353
  ],
  [
    27.378,
    29.7396
  ],
  [
    27.391,
    29.7413
  ],
  [
    27.4,
    29.7423
  ],
  [
    27.427,
    29.733
  ],
  [
    27.436,
    29.7404
  ],
  [
    27.465,
    29.73
  ],
  [
    27.487,
    29.7329
  ],
  [
    27.495,
    29.7338
  ],
  [
    27.522,
    29.7387
  ],
  [
    27.547,
    29.7326
  ],
  [
    27.556,
    29.7383
  ],
  [
    27.574,
    29.7404
  ],
  [
    27.598,
    29.7446
  ],
  [
    27.608,
    29.7439
  ],
  [
    27.633,
    29.7498
  ],
  [
    27.646,
    29.7508
  ],
  [
    27.661,
    29.7555
  ],
  [
    27.687,
    29.7497
  ],
  [
    27.695,
    29.7514
  ],
  [
    27.721,
    29.7539
  ],
  [
    27.73,
    29.7542
  ],
  [
    27.746,
    29.7558
  ],
  [
    27.772,
    29.7582
  ],
  [
    27.78,
    29.7578
  ],
  [
    27.81,
    29.7605
  ],
  [
    27.818,
    29.761
  ],
  [
    27.847,
    29.7585
  ],
  [
    27.858,
    29.7595
  ],
  [
    27.884,
    29.7619
  ],
  [
    27.894,
    29.7628
  ],
  [
    27.922,
    29.7651
  ],
  [
    27.93,
    29.7654
  ],
  [
    27.961,
    29.7658
  ],
  [
    27.978,
    29.7663
  ],
  [
    27.987,
    29.7668
  ],
  [
    28.014,
    29.7639
  ],
  [
    28.026,
    29.7648
  ],
  [
    28.053,
    29.7665
  ],
  [
    28.061,
    29.7673
  ],
  [
    28.075,
    29.7683
  ],
  [
    28.102,
    29.7696
  ],
  [
    28.111,
    29.7704
  ],
  [
    28.135,
    29.771
  ],
  [
    28.149,
    29.7722
  ],
  [
    28.167,
    29.7726
  ],
  [
    28.185,
    29.7734
  ],
  [
    28.2,
    29.774
  ],
  [
    28.215,
    29.7745
  ],
  [
    28.236,
    29.7749
  ],
  [
    28.261,
    29.7749
  ],
  [
    28.28,
    29.776
  ],
  [
    28.295,
    29.7759
  ],
  [
    28.313,
    29.7761
  ],
  [
    28.328,
    29.7764
  ],
  [
    28.355,
    29.7769
  ],
  [
    28.371,
    29.7781
  ],
  [
    28.387,
    29.7785
  ],
  [
    28.406,
    29.7788
  ],
  [
    28.424,
    29.7793
  ],
  [
    28.445,
    29.7797
  ],
  [
    28.475,
    29.7792
  ],
  [
    28.49,
    29.78
  ],
  [
    28.514,
    29.7797
  ],
  [
    28.523,
    29.7796
  ],
  [
    28.544,
    29.7801
  ],
  [
    28.577,
    29.7802
  ],
  [
    28.59,
    29.7816
  ],
  [
    28.612,
    29.7821
  ],
  [
    28.626,
    29.7815
  ],
  [
    28.644,
    29.7817
  ],
  [
    28.665,
    29.7817
  ],
  [
    28.678,
    29.7818
  ],
  [
    28.697,
    29.7825
  ],
  [
    28.71,
    29.7825
  ],
  [
    28.726,
    29.783
  ],
  [
    28.743,
    29.7831
  ],
  [
    28.761,
    29.7831
  ],
  [
    28.777,
    29.7833
  ],
  [
    28.794,
    29.7836
  ],
  [
    28.815,
    29.7838
  ],
  [
    28.834,
    29.7838
  ],
  [
    28.854,
    29.784
  ],
  [
    28.873,
    29.7852
  ],
  [
    28.887,
    29.7857
  ],
  [
    28.9,
    29.7855
  ],
  [
    28.924,
    29.7853
  ],
  [
    28.937,
    29.7852
  ],
  [
    28.959,
    29.7853
  ],
  [
    28.986,
    29.7858
  ],
  [
    28.998,
    29.7874
  ],
  [
    29.024,
    29.7882
  ],
  [
    29.03,
    29.7869
  ],
  [
    29.06,
    29.7799
  ],
  [
    29.068,
    29.7828
  ],
  [
    29.095,
    29.788
  ],
  [
    29.104,
    29.7751
  ],
  [
    29.129,
    29.7788
  ],
  [
    29.138,
    29.7794
  ],
  [
    29.165,
    29.7805
  ],
  [
    29.175,
    29.7808
  ],
  [
    29.205,
    29.7817
  ],
  [
    29.213,
    29.7819
  ],
  [
    29.241,
    29.7823
  ],
  [
    29.251,
    29.7824
  ],
  [
    29.265,
    29.7827
  ],
  [
    29.293,
    29.7832
  ],
  [
    29.301,
    29.7834
  ],
  [
    29.327,
    29.7851
  ],
  [
    29.339,
    29.7851
  ],
  [
    29.367,
    29.7866
  ],
  [
    29.375,
    29.7868
  ],
  [
    29.401,
    29.7878
  ],
  [
    29.411,
    29.7861
  ],
  [
    29.439,
    29.7888
  ],
  [
    29.45,
    29.7877
  ],
  [
    29.481,
    29.7888
  ],
  [
    29.494,
    29.789
  ],
  [
    29.504,
    29.7895
  ],
  [
    29.529,
    29.7893
  ],
  [
    29.539,
    29.7872
  ],
  [
    29.565,
    29.7877
  ],
  [
    29.572,
    29.7776
  ],
  [
    29.587,
    29.7774
  ],
  [
    29.615,
    29.779
  ],
  [
    29.623,
    29.7791
  ],
  [
    29.636,
    29.7792
  ],
  [
    29.66,
    29.7799
  ],
  [
    29.673,
    29.7802
  ],
  [
    29.687,
    29.7802
  ],
  [
    29.715,
    29.7807
  ],
  [
    29.725,
    29.781
  ],
  [
    29.752,
    29.7815
  ],
  [
    29.766,
    29.7817
  ],
  [
    29.777,
    29.7815
  ],
  [
    29.796,
    29.782
  ],
  [
    29.81,
    29.7816
  ],
  [
    29.834,
    29.7826
  ],
  [
    29.861,
    29.783
  ],
  [
    29.868,
    29.7831
  ],
  [
    29.909,
    29.7832
  ],
  [
    29.914,
    29.7829
  ],
  [
    29.945,
    29.784
  ],
  [
    29.956,
    29.784
  ],
  [
    29.971,
    29.7841
  ],
  [
    29.985,
    29.7841
  ],
  [
    30.001,
    29.7844
  ],
  [
    30.014,
    29.7844
  ],
  [
    30.038,
    29.785
  ],
  [
    30.06,
    29.7849
  ],
  [
    30.07,
    29.7849
  ],
  [
    30.11,
    29.7869
  ],
  [
    30.117,
    29.7758
  ],
  [
    30.131,
    29.7809
  ],
  [
    30.159,
    29.7783
  ],
  [
    30.168,
    29.7794
  ],
  [
    30.208,
    29.7797
  ],
  [
    30.224,
    29.7903
  ],
  [
    30.247,
    29.7899
  ],
  [
    30.263,
    29.7768
  ],
  [
    30.281,
    29.7731
  ],
  [
    30.299,
    29.774
  ],
  [
    30.315,
    29.7751
  ],
  [
    30.336,
    29.7913
  ],
  [
    30.351,
    29.793
  ],
  [
    30.361,
    29.7924
  ],
  [
    30.387,
    29.7913
  ],
  [
    30.394,
    29.7881
  ],
  [
    30.418,
    29.7886
  ],
  [
    30.429,
    29.7793
  ],
  [
    30.456,
    29.779
  ],
  [
    30.465,
    29.7817
  ],
  [
    30.493,
    29.7772
  ],
  [
    30.512,
    29.7805
  ],
  [
    30.52,
    29.7727
  ],
  [
    30.547,
    29.7794
  ],
  [
    30.555,
    29.7798
  ],
  [
    30.582,
    29.7777
  ],
  [
    30.592,
    29.7793
  ],
  [
    30.606,
    29.7776
  ],
  [
    30.633,
    29.7769
  ],
  [
    30.641,
    29.7901
  ],
  [
    30.667,
    29.7854
  ],
  [
    30.678,
    29.7855
  ],
  [
    30.692,
    29.7891
  ],
  [
    30.72,
    29.7909
  ],
  [
    30.727,
    29.79
  ],
  [
    30.741,
    29.7793
  ],
  [
    30.766,
    29.7832
  ],
  [
    30.777,
    29.7829
  ],
  [
    30.809,
    29.7813
  ],
  [
    30.819,
    29.7792
  ],
  [
    30.834,
    29.7795
  ],
  [
    30.861,
    29.7806
  ],
  [
    30.876,
    29.7835
  ],
  [
    30.901,
    29.783
  ],
  [
    30.913,
    29.7814
  ],
  [
    30.939,
    29.7835
  ],
  [
    30.948,
    29.7842
  ],
  [
    30.978,
    29.7814
  ],
  [
    30.986,
    29.7834
  ],
  [
    31.018,
    29.7812
  ],
  [
    31.026,
    29.7856
  ],
  [
    31.054,
    29.7844
  ],
  [
    31.062,
    29.7847
  ],
  [
    31.076,
    29.7845
  ],
  [
    31.112,
    29.783
  ],
  [
    31.119,
    29.7806
  ],
  [
    31.135,
    29.7881
  ],
  [
    31.152,
    29.7834
  ],
  [
    31.169,
    29.7826
  ],
  [
    31.196,
    29.7874
  ],
  [
    31.219,
    29.7867
  ],
  [
    31.228,
    29.7889
  ],
  [
    31.253,
    29.7886
  ],
  [
    31.269,
    29.7862
  ],
  [
    31.281,
    29.7833
  ],
  [
    31.314,
    29.787
  ],
  [
    31.322,
    29.7836
  ],
  [
    31.348,
    29.7927
  ],
  [
    31.358,
    29.7897
  ],
  [
    31.374,
    29.7876
  ],
  [
    31.403,
    29.7883
  ],
  [
    31.414,
    29.7919
  ],
  [
    31.427,
    29.7904
  ],
  [
    31.454,
    29.7901
  ],
  [
    31.467,
    29.7903
  ],
  [
    31.482,
    29.7913
  ],
  [
    31.497,
    29.7927
  ],
  [
    31.528,
    29.7923
  ],
  [
    31.544,
    29.79
  ],
  [
    31.56,
    29.7922
  ],
  [
    31.583,
    29.7939
  ],
  [
    31.593,
    29.7928
  ],
  [
    31.623,
    29.7936
  ],
  [
    31.64,
    29.7782
  ],
  [
    31.658,
    29.7915
  ],
  [
    31.684,
    29.7791
  ],
  [
    31.697,
    29.7911
  ],
  [
    31.716,
    29.7923
  ],
  [
    31.736,
    29.7927
  ],
  [
    31.754,
    29.7941
  ],
  [
    31.781,
    29.7934
  ],
  [
    31.795,
    29.7776
  ],
  [
    31.817,
    29.7726
  ],
  [
    31.836,
    29.7909
  ],
  [
    31.852,
    29.7935
  ],
  [
    31.865,
    29.7928
  ],
  [
    31.901,
    29.7912
  ],
  [
    31.912,
    29.791
  ],
  [
    31.942,
    29.79
  ],
  [
    31.953,
    29.7892
  ],
  [
    31.971,
    29.792
  ],
  [
    31.984,
    29.7936
  ],
  [
    32.001,
    29.7909
  ],
  [
    32.016,
    29.7928
  ],
  [
    32.041,
    29.7887
  ],
  [
    32.063,
    29.7885
  ],
  [
    32.071,
    29.7941
  ],
  [
    32.085,
    29.7895
  ],
  [
    32.119,
    29.7926
  ],
  [
    32.131,
    29.7918
  ],
  [
    32.146,
    29.7906
  ],
  [
    32.162,
    29.7929
  ],
  [
    32.177,
    29.7924
  ],
  [
    32.208,
    29.7902
  ],
  [
    32.217,
    29.7906
  ],
  [
    32.232,
    29.7898
  ],
  [
    32.248,
    29.7917
  ],
  [
    32.265,
    29.793
  ],
  [
    32.283,
    29.7936
  ],
  [
    32.297,
    29.7941
  ],
  [
    32.314,
    29.791
  ],
  [
    32.332,
    29.7932
  ],
  [
    32.363,
    29.7914
  ],
  [
    32.376,
    29.7894
  ],
  [
    32.388,
    29.7919
  ],
  [
    32.422,
    29.792
  ],
  [
    32.436,
    29.7913
  ],
  [
    32.446,
    29.7895
  ],
  [
    32.462,
    29.7923
  ],
  [
    32.493,
    29.7922
  ],
  [
    32.513,
    29.7896
  ],
  [
    32.523,
    29.7784
  ],
  [
    32.537,
    29.7791
  ],
  [
    32.57,
    29.7769
  ],
  [
    32.582,
    29.7792
  ],
  [
    32.599,
    29.7773
  ],
  [
    32.624,
    29.7801
  ],
  [
    32.633,
    29.7813
  ],
  [
    32.66,
    29.7785
  ],
  [
    32.669,
    29.7795
  ],
  [
    32.698,
    29.7786
  ],
  [
    32.727,
    29.7786
  ],
  [
    32.736,
    29.776
  ],
  [
    32.764,
    29.7884
  ],
  [
    32.781,
    29.7865
  ],
  [
    32.802,
    29.7912
  ],
  [
    32.83,
    29.7774
  ],
  [
    32.843,
    29.7913
  ],
  [
    32.865,
    29.7793
  ],
  [
    32.876,
    29.7761
  ],
  [
    32.89,
    29.7781
  ],
  [
    32.903,
    29.7803
  ],
  [
    32.926,
    29.7821
  ],
  [
    32.939,
    29.7799
  ],
  [
    32.965,
    29.7813
  ],
  [
    32.977,
    29.7807
  ],
  [
    33.005,
    29.7814
  ],
  [
    33.013,
    29.78
  ],
  [
    33.05,
    29.7812
  ],
  [
    33.06,
    29.7915
  ],
  [
    33.078,
    29.7904
  ],
  [
    33.096,
    29.794
  ],
  [
    33.112,
    29.794
  ],
  [
    33.136,
    29.7926
  ],
  [
    33.143,
    29.7939
  ],
  [
    33.174,
    29.791
  ],
  [
    33.192,
    29.7935
  ],
  [
    33.209,
    29.7935
  ],
  [
    33.236,
    29.7937
  ],
  [
    33.255,
    29.7792
  ],
  [
    33.272,
    29.7922
  ],
  [
    33.298,
    29.7919
  ],
  [
    33.316,
    29.7773
  ],
  [
    33.333,
    29.7768
  ],
  [
    33.363,
    29.779
  ],
  [
    33.378,
    29.794
  ],
  [
    33.399,
    29.7919
  ],
  [
    33.423,
    29.7793
  ],
  [
    33.435,
    29.7768
  ],
  [
    33.453,
    29.777
  ],
  [
    33.468,
    29.777
  ],
  [
    33.488,
    29.7797
  ],
  [
    33.509,
    29.7765
  ],
  [
    33.528,
    29.7939
  ],
  [
    33.545,
    29.7815
  ],
  [
    33.561,
    29.7784
  ],
  [
    33.578,
    29.7802
  ],
  [
    33.598,
    29.779
  ],
  [
    33.62,
    29.7938
  ],
  [
    33.631,
    29.792
  ],
  [
    33.657,
    29.7936
  ],
  [
    33.675,
    29.7802
  ],
  [
    33.706,
    29.7801
  ],
  [
    33.729,
    29.7932
  ],
  [
    33.754,
    29.7802
  ],
  [
    33.775,
    29.7936
  ],
  [
    33.796,
    29.7798
  ],
  [
    33.812,
    29.7937
  ],
  [
    33.833,
    29.7799
  ],
  [
    33.843,
    29.7776
  ],
  [
    33.857,
    29.7776
  ],
  [
    33.888,
    29.7792
  ],
  [
    33.909,
    29.7808
  ],
  [
    33.92,
    29.7923
  ],
  [
    33.935,
    29.7908
  ],
  [
    33.962,
    29.7904
  ],
  [
    33.973,
    29.7794
  ],
  [
    34.003,
    29.783
  ],
  [
    34.012,
    29.7799
  ],
  [
    34.026,
    29.7776
  ],
  [
    34.056,
    29.7786
  ],
  [
    34.067,
    29.78
  ],
  [
    34.092,
    29.7801
  ],
  [
    34.108,
    29.7809
  ],
  [
    34.122,
    29.7759
  ],
  [
    34.138,
    29.7764
  ],
  [
    34.154,
    29.7761
  ],
  [
    34.184,
    29.7785
  ],
  [
    34.197,
    29.7803
  ],
  [
    34.212,
    29.7763
  ],
  [
    34.229,
    29.7774
  ],
  [
    34.256,
    29.779
  ],
  [
    34.274,
    29.7797
  ],
  [
    34.281,
    29.779
  ],
  [
    34.316,
    29.7799
  ],
  [
    34.326,
    29.7756
  ],
  [
    34.356,
    29.7777
  ],
  [
    34.365,
    29.7792
  ],
  [
    34.394,
    29.7791
  ],
  [
    34.406,
    29.7799
  ],
  [
    34.437,
    29.7778
  ],
  [
    34.448,
    29.7788
  ],
  [
    34.461,
    29.7782
  ],
  [
    34.49,
    29.7777
  ],
  [
    34.505,
    29.7809
  ],
  [
    34.52,
    29.7756
  ],
  [
    34.537,
    29.7762
  ],
  [
    34.561,
    29.7765
  ],
  [
    34.577,
    29.7919
  ],
  [
    34.589,
    29.7903
  ],
  [
    34.605,
    29.7906
  ],
  [
    34.621,
    29.7922
  ],
  [
    34.644,
    29.7898
  ],
  [
    34.657,
    29.7903
  ],
  [
    34.684,
    29.7904
  ],
  [
    34.692,
    29.7895
  ],
  [
    34.722,
    29.7917
  ],
  [
    34.732,
    29.7916
  ],
  [
    34.758,
    29.7911
  ],
  [
    34.768,
    29.791
  ],
  [
    34.795,
    29.791
  ],
  [
    34.804,
    29.7918
  ],
  [
    34.835,
    29.793
  ],
  [
    34.846,
    29.7921
  ],
  [
    34.86,
    29.7939
  ],
  [
    34.889,
    29.7932
  ],
  [
    34.897,
    29.79
  ],
  [
    34.913,
    29.7923
  ],
  [
    34.94,
    29.7926
  ],
  [
    34.948,
    29.7898
  ],
  [
    34.976,
    29.7925
  ],
  [
    34.985,
    29.791
  ],
  [
    35.013,
    29.7919
  ],
  [
    35.021,
    29.791
  ],
  [
    35.034,
    29.7912
  ],
  [
    35.058,
    29.793
  ],
  [
    35.082,
    29.7811
  ],
  [
    35.089,
    29.7834
  ],
  [
    35.117,
    29.7887
  ],
  [
    35.126,
    29.7879
  ],
  [
    35.155,
    29.7911
  ],
  [
    35.164,
    29.7895
  ],
  [
    35.194,
    29.7925
  ],
  [
    35.202,
    29.7898
  ],
  [
    35.219,
    28.1681
  ],
  [
    35.245,
    24.5547
  ],
  [
    35.257,
    22.9328
  ],
  [
    35.282,
    19.5447
  ],
  [
    35.294,
    17.8672
  ],
  [
    35.322,
    14.1324
  ],
  [
    35.333,
    12.1847
  ],
  [
    35.361,
    7.709
  ],
  [
    35.37,
    5.9429
  ],
  [
    35.399,
    1.395
  ],
  [
    35.409,
    0.0
  ],
  [
    35.439,
    0.0
  ],
  [
    35.448,
    0.0
  ],
  [
    35.474,
    0.0
  ],
  [
    35.483,
    0.0
  ],
  [
    35.51,
    0.0
  ],
  [
    35.519,
    0.0
  ],
  [
    35.548,
    0.0
  ],
  [
    35.557,
    0.0
  ],
  [
    35.585,
    0.0
  ],
  [
    35.594,
    0.0
  ],
  [
    35.621,
    0.0
  ],
  [
    35.635,
    0.0
  ],
  [
    35.658,
    0.0
  ],
  [
    35.666,
    0.0
  ],
  [
    35.694,
    0.0
  ],
  [
    35.704,
    0.0
  ],
  [
    35.733,
    0.0
  ],
  [
    35.74,
    0.0
  ],
  [
    35.753,
    0.0
  ],
  [
    35.783,
    0.0
  ],
  [
    35.791,
    0.0
  ],
  [
    35.814,
    0.0
  ],
  [
    35.822,
    0.0
  ],
  [
    35.842,
    0.0
  ],
  [
    35.868,
    0.0
  ],
  [
    35.879,
    0.0
  ],
  [
    35.905,
    0.0
  ],
  [
    35.916,
    0.0
  ],
  [
    35.944,
    0.0
  ],
  [
    35.954,
    0.0
  ],
  [
    35.966,
    0.0
  ],
  [
    35.996,
    0.0
  ],
  [
    36.006,
    0.0
  ],
  [
    36.02,
    0.0
  ],
  [
    36.051,
    0.0
  ],
  [
    36.064,
    0.0
  ],
  [
    36.075,
    0.0
  ],
  [
    36.104,
    0.0
  ],
  [
    36.112,
    0.0
  ],
  [
    36.14,
    0.0
  ],
  [
    36.151,
    0.0
  ],
  [
    36.165,
    0.0
  ],
  [
    36.196,
    0.0
  ],
  [
    36.204,
    0.0
  ],
  [
    36.232,
    0.0
  ],
  [
    36.245,
    0.0
  ],
  [
    36.258,
    0.0
  ],
  [
    36.286,
    0.0
  ],
  [
    36.298,
    0.0
  ],
  [
    36.315,
    0.0
  ],
  [
    36.325,
    0.0
  ],
  [
    36.339,
    0.0
  ],
  [
    36.369,
    0.0
  ],
  [
    36.378,
    0.0
  ],
  [
    36.407,
    0.0
  ],
  [
    36.416,
    0.0
  ],
  [
    36.43,
    0.0
  ],
  [
    36.457,
    0.0
  ],
  [
    36.467,
    0.0
  ],
  [
    36.496,
    0.0
  ],
  [
    36.509,
    0.0
  ],
  [
    36.518,
    0.0
  ],
  [
    36.533,
    0.0
  ],
  [
    36.559,
    0.0
  ],
  [
    36.57,
    0.0
  ],
  [
    36.585,
    0.0
  ],
  [
    36.615,
    0.0
  ],
  [
    36.623,
    0.0
  ],
  [
    36.636,
    0.0
  ],
  [
    36.664,
    0.0
  ],
  [
    36.676,
    0.0
  ],
  [
    36.686,
    0.0
  ],
  [
    36.714,
    0.0
  ],
  [
    36.727,
    0.0
  ],
  [
    36.738,
    0.0
  ],
  [
    36.754,
    0.0
  ],
  [
    36.782,
    0.0
  ],
  [
    36.79,
    0.0
  ],
  [
    36.817,
    0.0
  ],
  [
    36.827,
    0.0
  ],
  [
    36.855,
    0.0
  ],
  [
    36.867,
    0.0
  ],
  [
    36.877,
    0.0
  ],
  [
    36.903,
    0.0
  ],
  [
    36.914,
    0.0
  ],
  [
    36.925,
    0.0
  ],
  [
    36.941,
    0.0
  ],
  [
    36.958,
    0.0
  ],
  [
    36.991,
    0.0
  ],
  [
    37.001,
    0.0
  ],
  [
    37.015,
    0.0
  ],
  [
    37.046,
    0.0
  ],
  [
    37.056,
    0.0
  ],
  [
    37.082,
    0.0
  ],
  [
    37.094,
    0.0
  ],
  [
    37.125,
    0.0
  ],
  [
    37.133,
    0.0
  ],
  [
    37.148,
    0.0
  ],
  [
    37.178,
    0.0
  ],
  [
    37.189,
    0.0
  ],
  [
    37.205,
    0.0
  ],
  [
    37.232,
    0.0
  ],
  [
    37.24,
    0.0
  ],
  [
    37.255,
    0.0
  ],
  [
    37.286,
    0.0
  ],
  [
    37.296,
    0.0
  ],
  [
    37.312,
    0.0
  ],
  [
    37.326,
    0.0
  ],
  [
    37.359,
    0.0
  ],
  [
    37.372,
    0.0
  ],
  [
    37.399,
    0.0
  ],
  [
    37.41,
    0.0
  ],
  [
    37.439,
    0.0
  ],
  [
    37.448,
    0.0
  ],
  [
    37.477,
    0.0
  ],
  [
    37.487,
    0.0
  ],
  [
    37.517,
    0.0
  ],
  [
    37.526,
    0.0
  ],
  [
    37.552,
    0.0
  ],
  [
    37.561,
    0.0
  ],
  [
    37.577,
    0.0
  ],
  [
    37.607,
    0.0
  ],
  [
    37.616,
    0.0
  ],
  [
    37.645,
    0.0
  ],
  [
    37.655,
    0.0
  ],
  [
    37.672,
    0.0
  ],
  [
    37.7,
    0.0
  ],
  [
    37.711,
    0.0
  ],
  [
    37.738,
    0.0
  ],
  [
    37.749,
    0.0
  ],
  [
    37.781,
    0.0
  ],
  [
    37.791,
    0.0
  ],
  [
    37.808,
    0.0
  ],
  [
    37.825,
    0.0
  ],
  [
    37.84,
    0.0
  ],
  [
    37.855,
    0.0
  ],
  [
    37.89,
    0.0
  ],
  [
    37.9,
    0.0
  ],
  [
    37.915,
    0.0
  ],
  [
    37.945,
    0.0
  ],
  [
    37.954,
    0.0
  ],
  [
    37.982,
    0.0
  ],
  [
    37.993,
    0.0
  ],
  [
    38.007,
    0.0
  ],
  [
    38.034,
    0.0
  ],
  [
    38.043,
    0.0
  ],
  [
    38.077,
    0.0
  ],
  [
    38.085,
    0.0
  ],
  [
    38.107,
    0.0
  ],
  [
    38.127,
    0.0
  ],
  [
    38.143,
    0.0
  ],
  [
    38.156,
    0.0
  ],
  [
    38.173,
    0.0
  ],
  [
    38.202,
    0.0
  ],
  [
    38.215,
    0.0
  ],
  [
    38.245,
    0.0
  ],
  [
    38.26,
    0.0
  ],
  [
    38.272,
    0.0
  ],
  [
    38.302,
    0.0
  ],
  [
    38.312,
    0.0
  ],
  [
    38.328,
    0.0
  ],
  [
    38.359,
    0.0
  ],
  [
    38.372,
    0.0
  ],
  [
    38.385,
    0.0
  ],
  [
    38.4,
    0.0
  ],
  [
    38.431,
    0.0
  ],
  [
    38.444,
    0.0
  ],
  [
    38.457,
    0.0
  ],
  [
    38.488,
    0.0
  ],
  [
    38.514,
    0.0
  ],
  [
    38.523,
    0.0
  ],
  [
    38.549,
    0.0
  ],
  [
    38.558,
    0.0
  ],
  [
    38.584,
    0.0
  ],
  [
    38.593,
    0.0
  ],
  [
    38.621,
    0.0
  ],
  [
    38.631,
    0.0
  ],
  [
    38.658,
    0.0
  ],
  [
    38.664,
    0.0
  ],
  [
    38.692,
    0.0
  ],
  [
    38.716,
    0.0
  ],
  [
    38.725,
    0.0
  ],
  [
    38.754,
    0.0
  ],
  [
    38.763,
    0.0
  ],
  [
    38.776,
    0.0
  ],
  [
    38.804,
    0.0
  ],
  [
    38.815,
    0.0
  ],
  [
    38.841,
    0.0
  ],
  [
    38.85,
    0.0
  ],
  [
    38.874,
    0.0
  ],
  [
    38.89,
    0.0
  ],
  [
    38.907,
    0.0
  ],
  [
    38.919,
    0.0
  ],
  [
    38.932,
    0.0
  ],
  [
    38.96,
    0.0
  ],
  [
    38.973,
    0.0
  ],
  [
    38.983,
    0.0
  ],
  [
    39.01,
    0.0
  ],
  [
    39.018,
    0.0
  ],
  [
    39.046,
    0.0
  ],
  [
    39.058,
    0.0
  ],
  [
    39.082,
    0.0
  ],
  [
    39.092,
    0.0
  ],
  [
    39.108,
    0.0
  ],
  [
    39.134,
    0.0
  ],
  [
    39.143,
    0.0
  ],
  [
    39.171,
    0.0
  ],
  [
    39.181,
    0.0
  ],
  [
    39.209,
    0.0
  ],
  [
    39.219,
    0.0
  ],
  [
    39.231,
    0.0
  ],
  [
    39.261,
    0.0
  ],
  [
    39.272,
    0.0
  ],
  [
    39.286,
    0.0
  ],
  [
    39.306,
    0.0
  ],
  [
    39.319,
    0.0
  ],
  [
    39.346,
    0.0
  ],
  [
    39.355,
    0.0
  ],
  [
    39.384,
    0.0
  ],
  [
    39.393,
    0.0
  ]
]