# Steering Wheel Angle Log (Actual Physical Angle)
# Start time : 2026-05-27 04:08:39
# End time   : 2026-05-27 04:09:19
# Total time : 40.41 seconds
# Points     : 2187
# Format     : [[elapsed_seconds, wheel_angle_degrees], ...]
[
  [
    0.258,
    0.0
  ],
  [
    0.275,
    0.0
  ],
  [
    0.291,
    0.0
  ],
  [
    0.307,
    0.0
  ],
  [
    0.323,
    0.0
  ],
  [
    0.355,
    0.0
  ],
  [
    0.367,
    0.0
  ],
  [
    0.394,
    0.0
  ],
  [
    0.413,
    0.0
  ],
  [
    0.421,
    0.0
  ],
  [
    0.449,
    0.0
  ],
  [
    0.46,
    0.0
  ],
  [
    0.488,
    0.0
  ],
  [
    0.499,
    0.0
  ],
  [
    0.512,
    0.0
  ],
  [
    0.538,
    0.0
  ],
  [
    0.554,
    0.0
  ],
  [
    0.565,
    0.0
  ],
  [
    0.596,
    0.0
  ],
  [
    0.607,
    0.0
  ],
  [
    0.634,
    0.0
  ],
  [
    0.646,
    0.0
  ],
  [
    0.662,
    0.0
  ],
  [
    0.676,
    0.0
  ],
  [
    0.704,
    0.0
  ],
  [
    0.716,
    0.0
  ],
  [
    0.728,
    0.0
  ],
  [
    0.761,
    0.0
  ],
  [
    0.78,
    0.0
  ],
  [
    0.793,
    0.0
  ],
  [
    0.814,
    0.0
  ],
  [
    0.828,
    0.0
  ],
  [
    0.843,
    0.0
  ],
  [
    0.864,
    0.0
  ],
  [
    0.881,
    0.0
  ],
  [
    0.909,
    0.0
  ],
  [
    0.923,
    0.0
  ],
  [
    0.937,
    0.0
  ],
  [
    0.949,
    0.0
  ],
  [
    0.98,
    0.0
  ],
  [
    0.993,
    0.0
  ],
  [
    1.007,
    0.0
  ],
  [
    1.02,
    0.0
  ],
  [
    1.038,
    0.0
  ],
  [
    1.055,
    0.0
  ],
  [
    1.083,
    0.0
  ],
  [
    1.114,
    0.0
  ],
  [
    1.124,
    0.0
  ],
  [
    1.138,
    0.0
  ],
  [
    1.17,
    0.0
  ],
  [
    1.182,
    0.0
  ],
  [
    1.198,
    0.0
  ],
  [
    1.215,
    0.0
  ],
  [
    1.23,
    0.0
  ],
  [
    1.244,
    0.0
  ],
  [
    1.262,
    0.0
  ],
  [
    1.278,
    0.0
  ],
  [
    1.293,
    0.0
  ],
  [
    1.308,
    0.0
  ],
  [
    1.34,
    0.0
  ],
  [
    1.357,
    0.0
  ],
  [
    1.368,
    0.0
  ],
  [
    1.403,
    0.0
  ],
  [
    1.417,
    0.0
  ],
  [
    1.437,
    0.0
  ],
  [
    1.45,
    0.0
  ],
  [
    1.468,
    0.0
  ],
  [
    1.48,
    0.0
  ],
  [
    1.499,
    0.0
  ],
  [
    1.527,
    0.0
  ],
  [
    1.545,
    0.0
  ],
  [
    1.559,
    0.0
  ],
  [
    1.575,
    0.0
  ],
  [
    1.593,
    0.0
  ],
  [
    1.613,
    0.0
  ],
  [
    1.626,
    0.0
  ],
  [
    1.643,
    0.0
  ],
  [
    1.658,
    0.0
  ],
  [
    1.674,
    0.0
  ],
  [
    1.691,
    0.0
  ],
  [
    1.707,
    0.0
  ],
  [
    1.738,
    0.0
  ],
  [
    1.752,
    0.0
  ],
  [
    1.786,
    0.0
  ],
  [
    1.794,
    0.0
  ],
  [
    1.812,
    0.0
  ],
  [
    1.827,
    0.0
  ],
  [
    1.868,
    0.0
  ],
  [
    1.877,
    0.0
  ],
  [
    1.895,
    0.0
  ],
  [
    1.913,
    0.0
  ],
  [
    1.929,
    0.0
  ],
  [
    1.945,
    0.0
  ],
  [
    1.962,
    0.0
  ],
  [
    1.977,
    0.0
  ],
  [
    1.996,
    0.0
  ],
  [
    2.01,
    0.0
  ],
  [
    2.024,
    0.0
  ],
  [
    2.055,
    0.0
  ],
  [
    2.066,
    0.0
  ],
  [
    2.093,
    0.0
  ],
  [
    2.105,
    0.0
  ],
  [
    2.118,
    0.0
  ],
  [
    2.15,
    0.0
  ],
  [
    2.163,
    0.0
  ],
  [
    2.178,
    0.0
  ],
  [
    2.206,
    0.0
  ],
  [
    2.216,
    0.0
  ],
  [
    2.228,
    0.0
  ],
  [
    2.26,
    0.0
  ],
  [
    2.272,
    0.0
  ],
  [
    2.294,
    0.0
  ],
  [
    2.31,
    0.0
  ],
  [
    2.324,
    0.0
  ],
  [
    2.354,
    0.0
  ],
  [
    2.365,
    0.0
  ],
  [
    2.378,
    0.0
  ],
  [
    2.394,
    0.0
  ],
  [
    2.414,
    0.0
  ],
  [
    2.442,
    0.0
  ],
  [
    2.454,
    0.0
  ],
  [
    2.468,
    0.0
  ],
  [
    2.483,
    0.0
  ],
  [
    2.499,
    0.0
  ],
  [
    2.526,
    0.0
  ],
  [
    2.534,
    0.0
  ],
  [
    2.547,
    0.0
  ],
  [
    2.58,
    0.0
  ],
  [
    2.595,
    0.0
  ],
  [
    2.618,
    0.0
  ],
  [
    2.629,
    0.0
  ],
  [
    2.643,
    0.0
  ],
  [
    2.672,
    0.0
  ],
  [
    2.682,
    0.0
  ],
  [
    2.709,
    0.0
  ],
  [
    2.722,
    0.0
  ],
  [
    2.753,
    0.0
  ],
  [
    2.764,
    0.0
  ],
  [
    2.776,
    0.0
  ],
  [
    2.801,
    0.0
  ],
  [
    2.812,
    0.0
  ],
  [
    2.828,
    0.0
  ],
  [
    2.853,
    0.0
  ],
  [
    2.866,
    0.0
  ],
  [
    2.893,
    0.0
  ],
  [
    2.905,
    0.0
  ],
  [
    2.933,
    0.0
  ],
  [
    2.944,
    0.0
  ],
  [
    2.959,
    0.0
  ],
  [
    2.987,
    0.0
  ],
  [
    2.998,
    0.0
  ],
  [
    3.029,
    0.0
  ],
  [
    3.04,
    0.0
  ],
  [
    3.073,
    0.0
  ],
  [
    3.082,
    0.0
  ],
  [
    3.112,
    0.0
  ],
  [
    3.118,
    0.0
  ],
  [
    3.134,
    0.0
  ],
  [
    3.161,
    0.0
  ],
  [
    3.174,
    0.0
  ],
  [
    3.202,
    0.0
  ],
  [
    3.211,
    0.0
  ],
  [
    3.237,
    0.0
  ],
  [
    3.249,
    0.0
  ],
  [
    3.263,
    0.0
  ],
  [
    3.292,
    0.0
  ],
  [
    3.301,
    0.0
  ],
  [
    3.328,
    0.0
  ],
  [
    3.339,
    0.0
  ],
  [
    3.369,
    0.0
  ],
  [
    3.378,
    0.0
  ],
  [
    3.406,
    0.0
  ],
  [
    3.415,
    0.0
  ],
  [
    3.429,
    0.0
  ],
  [
    3.455,
    0.0
  ],
  [
    3.469,
    0.0
  ],
  [
    3.494,
    0.0
  ],
  [
    3.502,
    0.0
  ],
  [
    3.532,
    0.0
  ],
  [
    3.54,
    0.0
  ],
  [
    3.572,
    0.0
  ],
  [
    3.582,
    0.0
  ],
  [
    3.61,
    0.0
  ],
  [
    3.62,
    0.0
  ],
  [
    3.636,
    0.0
  ],
  [
    3.664,
    0.0
  ],
  [
    3.686,
    0.0
  ],
  [
    3.696,
    0.0
  ],
  [
    3.71,
    0.0
  ],
  [
    3.736,
    0.0
  ],
  [
    3.75,
    0.0
  ],
  [
    3.766,
    0.0
  ],
  [
    3.792,
    0.0
  ],
  [
    3.803,
    0.0
  ],
  [
    3.83,
    0.0
  ],
  [
    3.838,
    0.0
  ],
  [
    3.868,
    0.0
  ],
  [
    3.88,
    0.0
  ],
  [
    3.896,
    0.0
  ],
  [
    3.925,
    0.0
  ],
  [
    3.935,
    0.0
  ],
  [
    3.958,
    0.0
  ],
  [
    3.972,
    0.0
  ],
  [
    3.998,
    0.0
  ],
  [
    4.013,
    0.0
  ],
  [
    4.037,
    0.0
  ],
  [
    4.046,
    0.0
  ],
  [
    4.061,
    0.0
  ],
  [
    4.075,
    0.0
  ],
  [
    4.103,
    0.0
  ],
  [
    4.114,
    0.0
  ],
  [
    4.141,
    0.0
  ],
  [
    4.151,
    0.0
  ],
  [
    4.182,
    0.0
  ],
  [
    4.191,
    0.0
  ],
  [
    4.216,
    0.0
  ],
  [
    4.228,
    0.0
  ],
  [
    4.254,
    0.0
  ],
  [
    4.262,
    0.0
  ],
  [
    4.277,
    0.0
  ],
  [
    4.31,
    0.0
  ],
  [
    4.32,
    0.0
  ],
  [
    4.345,
    0.0
  ],
  [
    4.355,
    0.0
  ],
  [
    4.382,
    0.0
  ],
  [
    4.393,
    0.0
  ],
  [
    4.423,
    0.0
  ],
  [
    4.432,
    0.0
  ],
  [
    4.465,
    0.0
  ],
  [
    4.475,
    0.0
  ],
  [
    4.507,
    0.0
  ],
  [
    4.517,
    0.0
  ],
  [
    4.533,
    0.0
  ],
  [
    4.559,
    0.0
  ],
  [
    4.571,
    0.0
  ],
  [
    4.598,
    0.0
  ],
  [
    4.606,
    0.0
  ],
  [
    4.632,
    0.0
  ],
  [
    4.645,
    0.0
  ],
  [
    4.672,
    0.0
  ],
  [
    4.688,
    0.0
  ],
  [
    4.702,
    0.0
  ],
  [
    4.713,
    0.0
  ],
  [
    4.742,
    0.0
  ],
  [
    4.751,
    0.0
  ],
  [
    4.782,
    0.0
  ],
  [
    4.788,
    0.0
  ],
  [
    4.815,
    0.0
  ],
  [
    4.822,
    0.0
  ],
  [
    4.838,
    0.0
  ],
  [
    4.868,
    0.0
  ],
  [
    4.877,
    0.0
  ],
  [
    4.905,
    0.0
  ],
  [
    4.915,
    0.0
  ],
  [
    4.929,
    0.0
  ],
  [
    4.956,
    0.0
  ],
  [
    4.965,
    0.0
  ],
  [
    4.999,
    0.0
  ],
  [
    5.006,
    0.0
  ],
  [
    5.036,
    0.0
  ],
  [
    5.046,
    0.0
  ],
  [
    5.061,
    0.0
  ],
  [
    5.092,
    0.0
  ],
  [
    5.102,
    0.0
  ],
  [
    5.128,
    0.0
  ],
  [
    5.136,
    0.0
  ],
  [
    5.164,
    0.0
  ],
  [
    5.171,
    0.0
  ],
  [
    5.2,
    0.0
  ],
  [
    5.211,
    0.0
  ],
  [
    5.239,
    0.0
  ],
  [
    5.244,
    0.0
  ],
  [
    5.273,
    0.0
  ],
  [
    5.287,
    0.0
  ],
  [
    5.297,
    0.0
  ],
  [
    5.324,
    0.0
  ],
  [
    5.332,
    0.0
  ],
  [
    5.346,
    0.0
  ],
  [
    5.375,
    0.0
  ],
  [
    5.387,
    0.0
  ],
  [
    5.412,
    0.0
  ],
  [
    5.421,
    0.0
  ],
  [
    5.45,
    0.0
  ],
  [
    5.462,
    0.0
  ],
  [
    5.476,
    0.0
  ],
  [
    5.507,
    0.0
  ],
  [
    5.518,
    0.0
  ],
  [
    5.546,
    0.0
  ],
  [
    5.556,
    0.0
  ],
  [
    5.58,
    0.0
  ],
  [
    5.595,
    0.0
  ],
  [
    5.625,
    0.0
  ],
  [
    5.635,
    0.0
  ],
  [
    5.665,
    0.0
  ],
  [
    5.672,
    0.0
  ],
  [
    5.704,
    0.0
  ],
  [
    5.712,
    0.0
  ],
  [
    5.726,
    0.0
  ],
  [
    5.754,
    0.0
  ],
  [
    5.764,
    0.0
  ],
  [
    5.791,
    0.0
  ],
  [
    5.8,
    0.0
  ],
  [
    5.814,
    0.0
  ],
  [
    5.843,
    0.0
  ],
  [
    5.851,
    0.0
  ],
  [
    5.88,
    0.0
  ],
  [
    5.888,
    0.0
  ],
  [
    5.905,
    0.0
  ],
  [
    5.927,
    0.0
  ],
  [
    5.955,
    0.0
  ],
  [
    5.968,
    0.0
  ],
  [
    5.976,
    0.0
  ],
  [
    6.008,
    0.0
  ],
  [
    6.017,
    0.0
  ],
  [
    6.031,
    0.0
  ],
  [
    6.064,
    0.0
  ],
  [
    6.074,
    0.0
  ],
  [
    6.09,
    0.0
  ],
  [
    6.106,
    0.0
  ],
  [
    6.127,
    0.0
  ],
  [
    6.137,
    0.0
  ],
  [
    6.16,
    0.0
  ],
  [
    6.171,
    0.0
  ],
  [
    6.201,
    0.0
  ],
  [
    6.21,
    0.0
  ],
  [
    6.226,
    0.0
  ],
  [
    6.251,
    0.0
  ],
  [
    6.262,
    0.0
  ],
  [
    6.287,
    0.0
  ],
  [
    6.3,
    0.0
  ],
  [
    6.325,
    0.0
  ],
  [
    6.335,
    0.0
  ],
  [
    6.36,
    0.0
  ],
  [
    6.374,
    0.0
  ],
  [
    6.398,
    0.0
  ],
  [
    6.409,
    0.0
  ],
  [
    6.436,
    0.0
  ],
  [
    6.446,
    0.0
  ],
  [
    6.476,
    0.0
  ],
  [
    6.485,
    0.0
  ],
  [
    6.514,
    0.0
  ],
  [
    6.539,
    0.0
  ],
  [
    6.548,
    0.0
  ],
  [
    6.574,
    0.0
  ],
  [
    6.584,
    0.0
  ],
  [
    6.615,
    0.0
  ],
  [
    6.628,
    0.0
  ],
  [
    6.655,
    0.0
  ],
  [
    6.663,
    0.0
  ],
  [
    6.687,
    0.0
  ],
  [
    6.701,
    0.0
  ],
  [
    6.711,
    0.0
  ],
  [
    6.737,
    0.0
  ],
  [
    6.759,
    0.0
  ],
  [
    6.768,
    0.0
  ],
  [
    6.792,
    0.0
  ],
  [
    6.803,
    0.0
  ],
  [
    6.832,
    0.0
  ],
  [
    6.841,
    0.0
  ],
  [
    6.868,
    0.0
  ],
  [
    6.888,
    0.0
  ],
  [
    6.897,
    0.0
  ],
  [
    6.919,
    0.0
  ],
  [
    6.934,
    0.0
  ],
  [
    6.959,
    0.0
  ],
  [
    6.968,
    0.0
  ],
  [
    6.994,
    0.0
  ],
  [
    7.001,
    0.0
  ],
  [
    7.032,
    0.0
  ],
  [
    7.04,
    0.0
  ],
  [
    7.07,
    0.0
  ],
  [
    7.079,
    0.0
  ],
  [
    7.106,
    0.0
  ],
  [
    7.118,
    0.0
  ],
  [
    7.145,
    0.0
  ],
  [
    7.152,
    0.0
  ],
  [
    7.18,
    0.0
  ],
  [
    7.187,
    0.0
  ],
  [
    7.201,
    0.0
  ],
  [
    7.229,
    0.0
  ],
  [
    7.237,
    0.0
  ],
  [
    7.254,
    0.0
  ],
  [
    7.283,
    0.0
  ],
  [
    7.294,
    0.0
  ],
  [
    7.304,
    0.0
  ],
  [
    7.332,
    0.0
  ],
  [
    7.339,
    0.0
  ],
  [
    7.368,
    0.0
  ],
  [
    7.376,
    0.0
  ],
  [
    7.403,
    0.0
  ],
  [
    7.41,
    0.0
  ],
  [
    7.428,
    0.0
  ],
  [
    7.454,
    0.0
  ],
  [
    7.46,
    0.0
  ],
  [
    7.489,
    0.0
  ],
  [
    7.493,
    0.0
  ],
  [
    7.521,
    0.0
  ],
  [
    7.531,
    0.0
  ],
  [
    7.544,
    0.0
  ],
  [
    7.57,
    0.0
  ],
  [
    7.581,
    0.0
  ],
  [
    7.607,
    0.0
  ],
  [
    7.615,
    0.0
  ],
  [
    7.643,
    0.0
  ],
  [
    7.652,
    0.0
  ],
  [
    7.668,
    0.0
  ],
  [
    7.694,
    0.0
  ],
  [
    7.704,
    0.0
  ],
  [
    7.732,
    0.0
  ],
  [
    7.74,
    0.0
  ],
  [
    7.768,
    0.0
  ],
  [
    7.775,
    0.0
  ],
  [
    7.805,
    0.0
  ],
  [
    7.813,
    0.0
  ],
  [
    7.841,
    0.0
  ],
  [
    7.849,
    0.0
  ],
  [
    7.876,
    0.0
  ],
  [
    7.886,
    0.0
  ],
  [
    7.914,
    0.0
  ],
  [
    7.923,
    0.0
  ],
  [
    7.948,
    0.0
  ],
  [
    7.956,
    0.0
  ],
  [
    7.983,
    0.0
  ],
  [
    7.993,
    0.0
  ],
  [
    8.018,
    0.0
  ],
  [
    8.031,
    0.0
  ],
  [
    8.058,
    0.0
  ],
  [
    8.067,
    0.0
  ],
  [
    8.091,
    0.0
  ],
  [
    8.099,
    0.0
  ],
  [
    8.126,
    0.0
  ],
  [
    8.135,
    0.0
  ],
  [
    8.163,
    0.0
  ],
  [
    8.172,
    0.0
  ],
  [
    8.195,
    0.0
  ],
  [
    8.22,
    0.0
  ],
  [
    8.23,
    0.0
  ],
  [
    8.256,
    0.0
  ],
  [
    8.268,
    0.0
  ],
  [
    8.291,
    0.0
  ],
  [
    8.301,
    0.0
  ],
  [
    8.325,
    0.0
  ],
  [
    8.335,
    0.0
  ],
  [
    8.357,
    0.0
  ],
  [
    8.37,
    0.0
  ],
  [
    8.394,
    0.0
  ],
  [
    8.405,
    0.0
  ],
  [
    8.435,
    0.0
  ],
  [
    8.44,
    0.0
  ],
  [
    8.47,
    0.0
  ],
  [
    8.481,
    0.0
  ],
  [
    8.496,
    0.0
  ],
  [
    8.521,
    0.0
  ],
  [
    8.534,
    0.0
  ],
  [
    8.558,
    0.0
  ],
  [
    8.567,
    0.0
  ],
  [
    8.592,
    0.0
  ],
  [
    8.602,
    0.0
  ],
  [
    8.632,
    0.0
  ],
  [
    8.64,
    0.0
  ],
  [
    8.667,
    0.0
  ],
  [
    8.676,
    0.0
  ],
  [
    8.703,
    0.0
  ],
  [
    8.711,
    0.0
  ],
  [
    8.74,
    0.0
  ],
  [
    8.749,
    0.0
  ],
  [
    8.774,
    0.0
  ],
  [
    8.784,
    0.0
  ],
  [
    8.808,
    0.0
  ],
  [
    8.82,
    0.0
  ],
  [
    8.848,
    0.0
  ],
  [
    8.857,
    0.0
  ],
  [
    8.884,
    0.0
  ],
  [
    8.894,
    0.0
  ],
  [
    8.921,
    0.0
  ],
  [
    8.929,
    0.0
  ],
  [
    8.943,
    0.0
  ],
  [
    8.973,
    0.0
  ],
  [
    8.982,
    0.0
  ],
  [
    9.01,
    0.0
  ],
  [
    9.017,
    0.0
  ],
  [
    9.042,
    0.0
  ],
  [
    9.053,
    0.0
  ],
  [
    9.074,
    0.0
  ],
  [
    9.097,
    0.0
  ],
  [
    9.11,
    0.0
  ],
  [
    9.136,
    0.0
  ],
  [
    9.145,
    0.0
  ],
  [
    9.158,
    0.0
  ],
  [
    9.19,
    0.0
  ],
  [
    9.21,
    0.0
  ],
  [
    9.223,
    0.0
  ],
  [
    9.242,
    0.0
  ],
  [
    9.258,
    0.0
  ],
  [
    9.272,
    0.0
  ],
  [
    9.294,
    0.0
  ],
  [
    9.316,
    0.0
  ],
  [
    9.326,
    0.0
  ],
  [
    9.35,
    0.0
  ],
  [
    9.359,
    0.0
  ],
  [
    9.383,
    0.0
  ],
  [
    9.391,
    0.0
  ],
  [
    9.416,
    0.0
  ],
  [
    9.425,
    0.0
  ],
  [
    9.452,
    0.0
  ],
  [
    9.462,
    0.0
  ],
  [
    9.488,
    0.0
  ],
  [
    9.494,
    0.0
  ],
  [
    9.52,
    0.0
  ],
  [
    9.532,
    0.0
  ],
  [
    9.558,
    0.0
  ],
  [
    9.567,
    0.0
  ],
  [
    9.592,
    0.0
  ],
  [
    9.606,
    0.0
  ],
  [
    9.629,
    0.0
  ],
  [
    9.642,
    0.0
  ],
  [
    9.656,
    0.0
  ],
  [
    9.685,
    0.0
  ],
  [
    9.703,
    0.0
  ],
  [
    9.715,
    0.0
  ],
  [
    9.729,
    0.0
  ],
  [
    9.761,
    0.0
  ],
  [
    9.771,
    0.0
  ],
  [
    9.785,
    0.0
  ],
  [
    9.804,
    0.0
  ],
  [
    9.82,
    0.0
  ],
  [
    9.84,
    0.0
  ],
  [
    9.865,
    0.0
  ],
  [
    9.892,
    0.0
  ],
  [
    9.909,
    0.0
  ],
  [
    9.928,
    0.0
  ],
  [
    9.952,
    0.0
  ],
  [
    9.963,
    0.0
  ],
  [
    9.981,
    0.0
  ],
  [
    9.993,
    0.0
  ],
  [
    10.02,
    0.0
  ],
  [
    10.033,
    0.0
  ],
  [
    10.059,
    0.0
  ],
  [
    10.069,
    0.0
  ],
  [
    10.106,
    0.0
  ],
  [
    10.113,
    0.0
  ],
  [
    10.143,
    0.0
  ],
  [
    10.15,
    0.0
  ],
  [
    10.166,
    0.0
  ],
  [
    10.197,
    0.0
  ],
  [
    10.206,
    0.0
  ],
  [
    10.238,
    0.0
  ],
  [
    10.247,
    0.0
  ],
  [
    10.272,
    0.0
  ],
  [
    10.286,
    0.0
  ],
  [
    10.308,
    0.0
  ],
  [
    10.325,
    0.0
  ],
  [
    10.337,
    0.0
  ],
  [
    10.364,
    0.0
  ],
  [
    10.376,
    0.0
  ],
  [
    10.404,
    0.0
  ],
  [
    10.413,
    0.0
  ],
  [
    10.428,
    0.0
  ],
  [
    10.457,
    0.0
  ],
  [
    10.468,
    0.0
  ],
  [
    10.506,
    0.0
  ],
  [
    10.515,
    0.0
  ],
  [
    10.54,
    0.0
  ],
  [
    10.547,
    0.0
  ],
  [
    10.574,
    0.0
  ],
  [
    10.583,
    0.0
  ],
  [
    10.606,
    0.0
  ],
  [
    10.631,
    0.0
  ],
  [
    10.64,
    0.0
  ],
  [
    10.668,
    0.0
  ],
  [
    10.674,
    0.0
  ],
  [
    10.694,
    0.0
  ],
  [
    10.724,
    0.0
  ],
  [
    10.733,
    0.0
  ],
  [
    10.762,
    0.0
  ],
  [
    10.784,
    0.0
  ],
  [
    10.798,
    0.0
  ],
  [
    10.815,
    0.0
  ],
  [
    10.832,
    0.0
  ],
  [
    10.849,
    0.0
  ],
  [
    10.866,
    0.0
  ],
  [
    10.898,
    0.0
  ],
  [
    10.919,
    0.0
  ],
  [
    10.926,
    0.0
  ],
  [
    10.948,
    0.0
  ],
  [
    10.973,
    0.0
  ],
  [
    10.983,
    0.0
  ],
  [
    11.009,
    0.0
  ],
  [
    11.017,
    0.0
  ],
  [
    11.047,
    0.0
  ],
  [
    11.055,
    0.0
  ],
  [
    11.083,
    0.0
  ],
  [
    11.094,
    0.0
  ],
  [
    11.109,
    0.0
  ],
  [
    11.137,
    0.0
  ],
  [
    11.149,
    0.0
  ],
  [
    11.172,
    0.0
  ],
  [
    11.184,
    0.0
  ],
  [
    11.207,
    0.0
  ],
  [
    11.218,
    0.0
  ],
  [
    11.246,
    0.0
  ],
  [
    11.26,
    0.0
  ],
  [
    11.289,
    0.0
  ],
  [
    11.3,
    0.0
  ],
  [
    11.33,
    -1.4476
  ],
  [
    11.339,
    -1.9965
  ],
  [
    11.366,
    -3.1873
  ],
  [
    11.376,
    -3.7758
  ],
  [
    11.404,
    -4.9416
  ],
  [
    11.426,
    -6.1438
  ],
  [
    11.435,
    -6.692
  ],
  [
    11.46,
    -7.9177
  ],
  [
    11.469,
    -8.4161
  ],
  [
    11.499,
    -9.6312
  ],
  [
    11.51,
    -10.2785
  ],
  [
    11.538,
    -11.5944
  ],
  [
    11.563,
    -12.7532
  ],
  [
    11.569,
    -13.2521
  ],
  [
    11.599,
    -14.4848
  ],
  [
    11.606,
    -15.0961
  ],
  [
    11.619,
    -15.6143
  ],
  [
    11.646,
    -16.8936
  ],
  [
    11.654,
    -17.3496
  ],
  [
    11.682,
    -18.5155
  ],
  [
    11.691,
    -19.1201
  ],
  [
    11.718,
    -19.4789
  ],
  [
    11.728,
    -19.4772
  ],
  [
    11.756,
    -19.4461
  ],
  [
    11.764,
    -19.4254
  ],
  [
    11.793,
    -19.425
  ],
  [
    11.808,
    -19.4247
  ],
  [
    11.83,
    -19.4272
  ],
  [
    11.838,
    -19.426
  ],
  [
    11.869,
    -19.4196
  ],
  [
    11.874,
    -19.3925
  ],
  [
    11.888,
    -19.3899
  ],
  [
    11.911,
    -19.3712
  ],
  [
    11.924,
    -19.3603
  ],
  [
    11.95,
    -19.3468
  ],
  [
    11.959,
    -19.337
  ],
  [
    11.986,
    -19.335
  ],
  [
    11.997,
    -19.3361
  ],
  [
    12.021,
    -19.339
  ],
  [
    12.032,
    -19.3395
  ],
  [
    12.058,
    -19.3413
  ],
  [
    12.067,
    -19.3414
  ],
  [
    12.092,
    -19.3414
  ],
  [
    12.102,
    -19.3411
  ],
  [
    12.131,
    -19.3388
  ],
  [
    12.141,
    -19.3398
  ],
  [
    12.17,
    -19.3393
  ],
  [
    12.182,
    -19.3402
  ],
  [
    12.195,
    -19.3385
  ],
  [
    12.219,
    -19.3393
  ],
  [
    12.23,
    -19.3388
  ],
  [
    12.257,
    -19.299
  ],
  [
    12.266,
    -19.2984
  ],
  [
    12.289,
    -19.2981
  ],
  [
    12.304,
    -19.2955
  ],
  [
    12.328,
    -19.2945
  ],
  [
    12.34,
    -19.2866
  ],
  [
    12.368,
    -19.2817
  ],
  [
    12.391,
    -19.2784
  ],
  [
    12.401,
    -19.2751
  ],
  [
    12.415,
    -19.2724
  ],
  [
    12.444,
    -19.2741
  ],
  [
    12.452,
    -19.2724
  ],
  [
    12.478,
    -19.2647
  ],
  [
    12.488,
    -19.2653
  ],
  [
    12.502,
    -19.2627
  ],
  [
    12.53,
    -19.2486
  ],
  [
    12.537,
    -19.2478
  ],
  [
    12.551,
    -19.2428
  ],
  [
    12.579,
    -19.24
  ],
  [
    12.587,
    -19.237
  ],
  [
    12.614,
    -19.2259
  ],
  [
    12.636,
    -19.2178
  ],
  [
    12.643,
    -19.2107
  ],
  [
    12.67,
    -19.1944
  ],
  [
    12.677,
    -19.1944
  ],
  [
    12.703,
    -19.177
  ],
  [
    12.713,
    -19.1752
  ],
  [
    12.738,
    -19.178
  ],
  [
    12.748,
    -19.1732
  ],
  [
    12.772,
    -19.1718
  ],
  [
    12.784,
    -19.1691
  ],
  [
    12.813,
    -19.1668
  ],
  [
    12.819,
    -19.1659
  ],
  [
    12.848,
    -19.1595
  ],
  [
    12.872,
    -19.158
  ],
  [
    12.893,
    -19.1516
  ],
  [
    12.905,
    -19.1457
  ],
  [
    12.932,
    -19.1457
  ],
  [
    12.94,
    -19.1421
  ],
  [
    12.966,
    -19.1389
  ],
  [
    12.973,
    -19.1425
  ],
  [
    13.003,
    -19.1385
  ],
  [
    13.012,
    -19.1387
  ],
  [
    13.038,
    -19.1349
  ],
  [
    13.048,
    -19.1344
  ],
  [
    13.074,
    -19.1281
  ],
  [
    13.084,
    -19.1242
  ],
  [
    13.111,
    -19.1206
  ],
  [
    13.121,
    -19.1169
  ],
  [
    13.147,
    -19.1167
  ],
  [
    13.154,
    -19.114
  ],
  [
    13.178,
    -19.1004
  ],
  [
    13.188,
    -19.094
  ],
  [
    13.215,
    -19.092
  ],
  [
    13.223,
    -19.0905
  ],
  [
    13.251,
    -19.0899
  ],
  [
    13.261,
    -19.0887
  ],
  [
    13.286,
    -19.0884
  ],
  [
    13.293,
    -19.085
  ],
  [
    13.323,
    -19.0835
  ],
  [
    13.332,
    -19.0859
  ],
  [
    13.345,
    -19.086
  ],
  [
    13.373,
    -19.0864
  ],
  [
    13.382,
    -19.0835
  ],
  [
    13.408,
    -19.0792
  ],
  [
    13.418,
    -19.0763
  ],
  [
    13.444,
    -19.0709
  ],
  [
    13.453,
    -19.0679
  ],
  [
    13.481,
    -19.0667
  ],
  [
    13.491,
    -19.0644
  ],
  [
    13.52,
    -19.0679
  ],
  [
    13.531,
    -19.0671
  ],
  [
    13.545,
    -19.0662
  ],
  [
    13.578,
    -19.0728
  ],
  [
    13.586,
    -19.0721
  ],
  [
    13.617,
    -19.0739
  ],
  [
    13.628,
    -19.074
  ],
  [
    13.641,
    -19.0735
  ],
  [
    13.669,
    -19.0758
  ],
  [
    13.678,
    -19.0726
  ],
  [
    13.704,
    -19.0688
  ],
  [
    13.717,
    -19.0752
  ],
  [
    13.747,
    -19.0793
  ],
  [
    13.754,
    -19.0774
  ],
  [
    13.781,
    -19.0702
  ],
  [
    13.79,
    -19.0667
  ],
  [
    13.805,
    -19.0623
  ],
  [
    13.833,
    -19.0632
  ],
  [
    13.841,
    -19.0618
  ],
  [
    13.855,
    -19.0648
  ],
  [
    13.882,
    -19.0678
  ],
  [
    13.901,
    -19.0686
  ],
  [
    13.91,
    -19.0751
  ],
  [
    13.926,
    -19.0769
  ],
  [
    13.953,
    -19.0831
  ],
  [
    13.962,
    -19.0785
  ],
  [
    13.996,
    -19.0664
  ],
  [
    14.004,
    -19.0655
  ],
  [
    14.03,
    -19.062
  ],
  [
    14.04,
    -19.0583
  ],
  [
    14.07,
    -19.0547
  ],
  [
    14.081,
    -19.0554
  ],
  [
    14.108,
    -19.0539
  ],
  [
    14.12,
    -19.0508
  ],
  [
    14.134,
    -19.0492
  ],
  [
    14.164,
    -19.0541
  ],
  [
    14.172,
    -19.0537
  ],
  [
    14.2,
    -19.0451
  ],
  [
    14.223,
    -19.0419
  ],
  [
    14.233,
    -19.0378
  ],
  [
    14.257,
    -19.0344
  ],
  [
    14.268,
    -19.0325
  ],
  [
    14.297,
    -19.0302
  ],
  [
    14.307,
    -19.0294
  ],
  [
    14.335,
    -19.0292
  ],
  [
    14.346,
    -19.0279
  ],
  [
    14.373,
    -19.0292
  ],
  [
    14.382,
    -19.0258
  ],
  [
    14.411,
    -19.0231
  ],
  [
    14.418,
    -19.0227
  ],
  [
    14.444,
    -19.0187
  ],
  [
    14.454,
    -19.0176
  ],
  [
    14.483,
    -19.0155
  ],
  [
    14.494,
    -19.0172
  ],
  [
    14.521,
    -19.0184
  ],
  [
    14.546,
    -19.0138
  ],
  [
    14.557,
    -19.0162
  ],
  [
    14.57,
    -19.016
  ],
  [
    14.599,
    -19.0204
  ],
  [
    14.608,
    -19.0212
  ],
  [
    14.638,
    -19.0169
  ],
  [
    14.647,
    -19.0194
  ],
  [
    14.676,
    -19.019
  ],
  [
    14.685,
    -19.0172
  ],
  [
    14.716,
    -19.0189
  ],
  [
    14.725,
    -19.0205
  ],
  [
    14.751,
    -19.0285
  ],
  [
    14.764,
    -19.0246
  ],
  [
    14.774,
    -19.0189
  ],
  [
    14.792,
    -19.0186
  ],
  [
    14.823,
    -19.0264
  ],
  [
    14.838,
    -19.0266
  ],
  [
    14.852,
    -19.0295
  ],
  [
    14.864,
    -19.0344
  ],
  [
    14.894,
    -19.0348
  ],
  [
    14.907,
    -19.0343
  ],
  [
    14.918,
    -19.0337
  ],
  [
    14.936,
    -19.0346
  ],
  [
    14.949,
    -19.0385
  ],
  [
    14.966,
    -19.0423
  ],
  [
    14.997,
    -19.0436
  ],
  [
    15.006,
    -19.0441
  ],
  [
    15.023,
    -19.0441
  ],
  [
    15.039,
    -19.0439
  ],
  [
    15.064,
    -19.0483
  ],
  [
    15.077,
    -19.0439
  ],
  [
    15.091,
    -19.0405
  ],
  [
    15.12,
    -19.0418
  ],
  [
    15.13,
    -19.0389
  ],
  [
    15.144,
    -19.0327
  ],
  [
    15.178,
    -19.0316
  ],
  [
    15.186,
    -19.0343
  ],
  [
    15.212,
    -19.035
  ],
  [
    15.222,
    -19.0324
  ],
  [
    15.252,
    -19.0212
  ],
  [
    15.262,
    -19.0215
  ],
  [
    15.286,
    -19.0201
  ],
  [
    15.303,
    -19.0161
  ],
  [
    15.327,
    -19.0138
  ],
  [
    15.337,
    -19.0126
  ],
  [
    15.365,
    -19.0129
  ],
  [
    15.378,
    -19.0123
  ],
  [
    15.389,
    -19.0104
  ],
  [
    15.416,
    -19.0107
  ],
  [
    15.425,
    -19.0085
  ],
  [
    15.439,
    -19.007
  ],
  [
    15.464,
    -19.0089
  ],
  [
    15.474,
    -19.0059
  ],
  [
    15.498,
    -18.9993
  ],
  [
    15.506,
    -18.9985
  ],
  [
    15.532,
    -19.0022
  ],
  [
    15.544,
    -19.0
  ],
  [
    15.57,
    -19.0008
  ],
  [
    15.578,
    -18.9992
  ],
  [
    15.606,
    -18.9926
  ],
  [
    15.631,
    -18.9934
  ],
  [
    15.637,
    -18.9985
  ],
  [
    15.665,
    -19.0085
  ],
  [
    15.675,
    -19.0071
  ],
  [
    15.702,
    -19.0067
  ],
  [
    15.717,
    -19.0064
  ],
  [
    15.727,
    -19.0153
  ],
  [
    15.754,
    -18.9988
  ],
  [
    15.765,
    -18.9964
  ],
  [
    15.792,
    -18.996
  ],
  [
    15.805,
    -18.9961
  ],
  [
    15.831,
    -18.9993
  ],
  [
    15.842,
    -18.9981
  ],
  [
    15.869,
    -18.9986
  ],
  [
    15.878,
    -18.9967
  ],
  [
    15.905,
    -18.9941
  ],
  [
    15.915,
    -18.9906
  ],
  [
    15.929,
    -18.9885
  ],
  [
    15.957,
    -18.9943
  ],
  [
    15.966,
    -18.9935
  ],
  [
    15.993,
    -18.9952
  ],
  [
    16.001,
    -18.9936
  ],
  [
    16.028,
    -18.9864
  ],
  [
    16.035,
    -18.9825
  ],
  [
    16.052,
    -18.9818
  ],
  [
    16.079,
    -18.9891
  ],
  [
    16.087,
    -18.9873
  ],
  [
    16.115,
    -18.9854
  ],
  [
    16.124,
    -18.9884
  ],
  [
    16.139,
    -18.9872
  ],
  [
    16.17,
    -18.9895
  ],
  [
    16.177,
    -18.9918
  ],
  [
    16.205,
    -18.9898
  ],
  [
    16.213,
    -18.9884
  ],
  [
    16.238,
    -18.9857
  ],
  [
    16.251,
    -18.9874
  ],
  [
    16.278,
    -18.9959
  ],
  [
    16.285,
    -18.9934
  ],
  [
    16.314,
    -18.987
  ],
  [
    16.322,
    -18.986
  ],
  [
    16.35,
    -18.9893
  ],
  [
    16.36,
    -18.9895
  ],
  [
    16.387,
    -18.9868
  ],
  [
    16.396,
    -18.9857
  ],
  [
    16.424,
    -18.9852
  ],
  [
    16.433,
    -18.9839
  ],
  [
    16.459,
    -18.986
  ],
  [
    16.47,
    -18.9858
  ],
  [
    16.5,
    -18.9858
  ],
  [
    16.509,
    -18.9886
  ],
  [
    16.538,
    -18.9908
  ],
  [
    16.545,
    -18.9908
  ],
  [
    16.563,
    -18.9871
  ],
  [
    16.59,
    -18.9925
  ],
  [
    16.601,
    -18.9917
  ],
  [
    16.627,
    -18.9942
  ],
  [
    16.636,
    -18.9929
  ],
  [
    16.665,
    -18.997
  ],
  [
    16.676,
    -18.9969
  ],
  [
    16.703,
    -18.9952
  ],
  [
    16.711,
    -18.9938
  ],
  [
    16.738,
    -18.9922
  ],
  [
    16.751,
    -18.9912
  ],
  [
    16.759,
    -18.9886
  ],
  [
    16.789,
    -18.9887
  ],
  [
    16.799,
    -18.9903
  ],
  [
    16.824,
    -18.9901
  ],
  [
    16.836,
    -18.9879
  ],
  [
    16.86,
    -18.986
  ],
  [
    16.872,
    -18.9841
  ],
  [
    16.901,
    -18.9847
  ],
  [
    16.915,
    -18.9852
  ],
  [
    16.926,
    -18.9868
  ],
  [
    16.953,
    -18.9899
  ],
  [
    16.962,
    -18.991
  ],
  [
    17.002,
    0.0
  ],
  [
    17.011,
    -1.0436
  ],
  [
    17.055,
    -5.0995
  ],
  [
    17.066,
    -6.3339
  ],
  [
    17.093,
    -8.9321
  ],
  [
    17.104,
    -10.2618
  ],
  [
    17.118,
    -11.5213
  ],
  [
    17.143,
    -14.0429
  ],
  [
    17.159,
    -15.0589
  ],
  [
    17.172,
    -17.1629
  ],
  [
    17.204,
    -20.0437
  ],
  [
    17.212,
    -21.2324
  ],
  [
    17.234,
    -23.6318
  ],
  [
    17.263,
    -25.934
  ],
  [
    17.272,
    -27.1043
  ],
  [
    17.286,
    -28.4415
  ],
  [
    17.317,
    -31.4293
  ],
  [
    17.326,
    -32.6232
  ],
  [
    17.356,
    -35.3458
  ],
  [
    17.364,
    -36.4525
  ],
  [
    17.393,
    -39.1463
  ],
  [
    17.398,
    -40.0
  ],
  [
    17.428,
    -40.0
  ],
  [
    17.434,
    -40.0
  ],
  [
    17.462,
    -40.0
  ],
  [
    17.473,
    -40.0
  ],
  [
    17.498,
    -40.0
  ],
  [
    17.509,
    -40.0
  ],
  [
    17.538,
    -40.0
  ],
  [
    17.551,
    -40.0
  ],
  [
    17.561,
    -40.0
  ],
  [
    17.577,
    -40.0
  ],
  [
    17.604,
    -40.0
  ],
  [
    17.614,
    -40.0
  ],
  [
    17.641,
    -40.0
  ],
  [
    17.648,
    -40.0
  ],
  [
    17.674,
    -40.0
  ],
  [
    17.685,
    -40.0
  ],
  [
    17.714,
    -40.0
  ],
  [
    17.723,
    -40.0
  ],
  [
    17.736,
    -40.0
  ],
  [
    17.763,
    -40.0
  ],
  [
    17.773,
    -40.0
  ],
  [
    17.797,
    -40.0
  ],
  [
    17.806,
    -40.0
  ],
  [
    17.836,
    -40.0
  ],
  [
    17.844,
    -40.0
  ],
  [
    17.861,
    -40.0
  ],
  [
    17.883,
    -40.0
  ],
  [
    17.894,
    -40.0
  ],
  [
    17.923,
    -40.0
  ],
  [
    17.934,
    -40.0
  ],
  [
    17.96,
    -40.0
  ],
  [
    17.968,
    -40.0
  ],
  [
    17.986,
    -40.0
  ],
  [
    18.01,
    -40.0
  ],
  [
    18.025,
    -40.0
  ],
  [
    18.035,
    -38.0
  ],
  [
    18.064,
    -36.0
  ],
  [
    18.071,
    -34.0
  ],
  [
    18.1,
    -32.0
  ],
  [
    18.11,
    -30.0
  ],
  [
    18.136,
    -28.0
  ],
  [
    18.144,
    -26.0
  ],
  [
    18.16,
    -24.0
  ],
  [
    18.194,
    -22.0
  ],
  [
    18.201,
    -20.0
  ],
  [
    18.236,
    -18.0
  ],
  [
    18.244,
    -16.0
  ],
  [
    18.274,
    -14.0
  ],
  [
    18.295,
    -12.0
  ],
  [
    18.308,
    -10.0
  ],
  [
    18.32,
    -8.0
  ],
  [
    18.345,
    -6.0
  ],
  [
    18.352,
    -4.0
  ],
  [
    18.381,
    -2.0
  ],
  [
    18.392,
    0.0
  ],
  [
    18.419,
    2.5425
  ],
  [
    18.431,
    3.4977
  ],
  [
    18.455,
    5.7485
  ],
  [
    18.465,
    6.7886
  ],
  [
    18.49,
    9.0244
  ],
  [
    18.501,
    9.9986
  ],
  [
    18.53,
    11.9417
  ],
  [
    18.536,
    12.9303
  ],
  [
    18.564,
    14.6879
  ],
  [
    18.578,
    15.5009
  ],
  [
    18.601,
    17.444
  ],
  [
    18.612,
    18.2834
  ],
  [
    18.645,
    20.2902
  ],
  [
    18.654,
    21.0453
  ],
  [
    18.668,
    22.0222
  ],
  [
    18.69,
    23.8005
  ],
  [
    18.704,
    24.3664
  ],
  [
    18.719,
    25.2513
  ],
  [
    18.749,
    27.1134
  ],
  [
    18.758,
    27.8087
  ],
  [
    18.774,
    28.583
  ],
  [
    18.805,
    29.7793
  ],
  [
    18.815,
    29.7792
  ],
  [
    18.84,
    29.779
  ],
  [
    18.852,
    29.7787
  ],
  [
    18.867,
    29.7778
  ],
  [
    18.896,
    29.7774
  ],
  [
    18.904,
    29.7773
  ],
  [
    18.92,
    29.7708
  ],
  [
    18.954,
    29.7457
  ],
  [
    18.963,
    29.7089
  ],
  [
    18.977,
    29.6921
  ],
  [
    19.008,
    29.69
  ],
  [
    19.017,
    29.6926
  ],
  [
    19.045,
    29.6918
  ],
  [
    19.058,
    29.6915
  ],
  [
    19.073,
    29.6952
  ],
  [
    19.101,
    29.693
  ],
  [
    19.117,
    29.6954
  ],
  [
    19.129,
    29.6934
  ],
  [
    19.163,
    29.6766
  ],
  [
    19.172,
    29.6581
  ],
  [
    19.186,
    29.6567
  ],
  [
    19.204,
    29.6388
  ],
  [
    19.237,
    29.6489
  ],
  [
    19.247,
    29.6451
  ],
  [
    19.265,
    29.6442
  ],
  [
    19.278,
    29.6415
  ],
  [
    19.311,
    29.6303
  ],
  [
    19.319,
    29.6325
  ],
  [
    19.349,
    29.6347
  ],
  [
    19.359,
    29.6339
  ],
  [
    19.388,
    29.6113
  ],
  [
    19.397,
    29.6107
  ],
  [
    19.412,
    29.6095
  ],
  [
    19.437,
    29.6087
  ],
  [
    19.446,
    29.6031
  ],
  [
    19.474,
    29.5931
  ],
  [
    19.481,
    29.5918
  ],
  [
    19.512,
    29.5737
  ],
  [
    19.519,
    29.5745
  ],
  [
    19.546,
    29.5716
  ],
  [
    19.555,
    29.5711
  ],
  [
    19.583,
    29.5406
  ],
  [
    19.595,
    29.5357
  ],
  [
    19.609,
    29.5388
  ],
  [
    19.64,
    29.5443
  ],
  [
    19.649,
    29.547
  ],
  [
    19.672,
    29.548
  ],
  [
    19.685,
    29.547
  ],
  [
    19.715,
    29.5478
  ],
  [
    19.725,
    29.5499
  ],
  [
    19.738,
    29.5503
  ],
  [
    19.764,
    29.5527
  ],
  [
    19.777,
    29.5525
  ],
  [
    19.805,
    29.5553
  ],
  [
    19.815,
    29.5532
  ],
  [
    19.829,
    29.5506
  ],
  [
    19.852,
    29.5537
  ],
  [
    19.866,
    29.5488
  ],
  [
    19.894,
    29.5397
  ],
  [
    19.907,
    29.5402
  ],
  [
    19.932,
    29.5396
  ],
  [
    19.942,
    29.5408
  ],
  [
    19.955,
    29.5429
  ],
  [
    19.982,
    29.5235
  ],
  [
    19.99,
    29.5236
  ],
  [
    20.019,
    29.5032
  ],
  [
    20.03,
    29.4981
  ],
  [
    20.058,
    29.5051
  ],
  [
    20.068,
    29.5057
  ],
  [
    20.095,
    29.5107
  ],
  [
    20.105,
    29.5139
  ],
  [
    20.121,
    29.5098
  ],
  [
    20.149,
    29.5057
  ],
  [
    20.159,
    29.4994
  ],
  [
    20.188,
    29.5054
  ],
  [
    20.197,
    29.5075
  ],
  [
    20.229,
    29.5127
  ],
  [
    20.237,
    29.5143
  ],
  [
    20.263,
    29.5198
  ],
  [
    20.27,
    29.5189
  ],
  [
    20.299,
    29.5216
  ],
  [
    20.306,
    29.5221
  ],
  [
    20.322,
    29.5189
  ],
  [
    20.348,
    29.5231
  ],
  [
    20.358,
    29.5247
  ],
  [
    20.386,
    29.529
  ],
  [
    20.395,
    29.5304
  ],
  [
    20.423,
    29.533
  ],
  [
    20.431,
    29.535
  ],
  [
    20.467,
    29.5394
  ],
  [
    20.49,
    29.5403
  ],
  [
    20.5,
    29.5328
  ],
  [
    20.53,
    29.5335
  ],
  [
    20.538,
    29.5361
  ],
  [
    20.568,
    29.5415
  ],
  [
    20.578,
    29.5439
  ],
  [
    20.604,
    29.5487
  ],
  [
    20.614,
    29.5495
  ],
  [
    20.631,
    29.5496
  ],
  [
    20.658,
    29.5544
  ],
  [
    20.67,
    29.5543
  ],
  [
    20.694,
    29.5579
  ],
  [
    20.703,
    29.5589
  ],
  [
    20.718,
    29.5562
  ],
  [
    20.746,
    29.562
  ],
  [
    20.754,
    29.5605
  ],
  [
    20.767,
    29.5463
  ],
  [
    20.79,
    29.5387
  ],
  [
    20.802,
    29.5407
  ],
  [
    20.826,
    29.5451
  ],
  [
    20.852,
    29.5499
  ],
  [
    20.861,
    29.5512
  ],
  [
    20.875,
    29.5525
  ],
  [
    20.902,
    29.5587
  ],
  [
    20.911,
    29.5613
  ],
  [
    20.939,
    29.565
  ],
  [
    20.949,
    29.5679
  ],
  [
    20.978,
    29.5726
  ],
  [
    21.001,
    29.5743
  ],
  [
    21.009,
    29.5764
  ],
  [
    21.036,
    29.5804
  ],
  [
    21.045,
    29.5823
  ],
  [
    21.074,
    29.5865
  ],
  [
    21.086,
    29.5892
  ],
  [
    21.112,
    29.5928
  ],
  [
    21.119,
    29.5939
  ],
  [
    21.147,
    29.5953
  ],
  [
    21.159,
    29.5905
  ],
  [
    21.184,
    29.5828
  ],
  [
    21.194,
    29.5851
  ],
  [
    21.224,
    29.59
  ],
  [
    21.232,
    29.5921
  ],
  [
    21.25,
    29.5943
  ],
  [
    21.274,
    29.5997
  ],
  [
    21.284,
    29.6016
  ],
  [
    21.312,
    29.6056
  ],
  [
    21.321,
    29.6071
  ],
  [
    21.348,
    29.6101
  ],
  [
    21.357,
    29.6112
  ],
  [
    21.371,
    29.6139
  ],
  [
    21.393,
    29.618
  ],
  [
    21.418,
    29.7623
  ],
  [
    21.428,
    29.7942
  ],
  [
    21.454,
    29.7942
  ],
  [
    21.466,
    29.7942
  ],
  [
    21.489,
    29.7942
  ],
  [
    21.502,
    29.7943
  ],
  [
    21.532,
    29.7943
  ],
  [
    21.557,
    29.7943
  ],
  [
    21.565,
    29.7943
  ],
  [
    21.593,
    29.7943
  ],
  [
    21.6,
    29.7943
  ],
  [
    21.631,
    29.7943
  ],
  [
    21.639,
    29.7943
  ],
  [
    21.652,
    29.7943
  ],
  [
    21.681,
    29.7943
  ],
  [
    21.689,
    29.7943
  ],
  [
    21.718,
    29.7943
  ],
  [
    21.726,
    29.7943
  ],
  [
    21.744,
    29.7943
  ],
  [
    21.772,
    29.7943
  ],
  [
    21.78,
    29.7943
  ],
  [
    21.806,
    29.7943
  ],
  [
    21.815,
    29.7943
  ],
  [
    21.844,
    29.7943
  ],
  [
    21.852,
    29.7943
  ],
  [
    21.879,
    29.7943
  ],
  [
    21.9,
    29.7943
  ],
  [
    21.908,
    29.7943
  ],
  [
    21.936,
    29.7943
  ],
  [
    21.947,
    29.7943
  ],
  [
    21.975,
    29.7943
  ],
  [
    21.983,
    29.7943
  ],
  [
    22.007,
    29.7943
  ],
  [
    22.018,
    29.7943
  ],
  [
    22.032,
    29.7943
  ],
  [
    22.059,
    29.7943
  ],
  [
    22.071,
    29.7943
  ],
  [
    22.098,
    29.7943
  ],
  [
    22.106,
    29.7943
  ],
  [
    22.134,
    29.7943
  ],
  [
    22.141,
    29.7943
  ],
  [
    22.157,
    29.7943
  ],
  [
    22.187,
    29.7943
  ],
  [
    22.198,
    29.7943
  ],
  [
    22.226,
    29.7943
  ],
  [
    22.234,
    29.7943
  ],
  [
    22.247,
    29.7943
  ],
  [
    22.275,
    29.7943
  ],
  [
    22.3,
    29.7943
  ],
  [
    22.308,
    29.7943
  ],
  [
    22.344,
    29.7943
  ],
  [
    22.361,
    29.7943
  ],
  [
    22.37,
    29.7943
  ],
  [
    22.397,
    29.7943
  ],
  [
    22.411,
    29.7943
  ],
  [
    22.425,
    28.1
  ],
  [
    22.457,
    24.8861
  ],
  [
    22.467,
    22.5589
  ],
  [
    22.497,
    18.8225
  ],
  [
    22.511,
    17.2558
  ],
  [
    22.524,
    14.9061
  ],
  [
    22.551,
    10.7441
  ],
  [
    22.563,
    9.0023
  ],
  [
    22.591,
    4.2542
  ],
  [
    22.6,
    1.9384
  ],
  [
    22.625,
    -2.0277
  ],
  [
    22.636,
    -3.0954
  ],
  [
    22.663,
    -5.5018
  ],
  [
    22.676,
    -6.692
  ],
  [
    22.693,
    -9.052
  ],
  [
    22.706,
    -9.9851
  ],
  [
    22.731,
    -11.3547
  ],
  [
    22.738,
    -13.4824
  ],
  [
    22.767,
    -15.7938
  ],
  [
    22.777,
    -17.1331
  ],
  [
    22.802,
    -19.705
  ],
  [
    22.815,
    -20.918
  ],
  [
    22.843,
    -23.4314
  ],
  [
    22.851,
    -24.6203
  ],
  [
    22.877,
    -27.1749
  ],
  [
    22.889,
    -28.3626
  ],
  [
    22.914,
    -30.7528
  ],
  [
    22.925,
    -31.9151
  ],
  [
    22.952,
    -34.3101
  ],
  [
    22.963,
    -35.5674
  ],
  [
    22.99,
    -38.3116
  ],
  [
    22.998,
    -39.4754
  ],
  [
    23.022,
    -40.0
  ],
  [
    23.046,
    -40.0
  ],
  [
    23.058,
    -40.0
  ],
  [
    23.084,
    -40.0
  ],
  [
    23.095,
    -40.0
  ],
  [
    23.122,
    -40.0
  ],
  [
    23.13,
    -40.0
  ],
  [
    23.156,
    -40.0
  ],
  [
    23.178,
    -40.0
  ],
  [
    23.186,
    -40.0
  ],
  [
    23.211,
    -40.0
  ],
  [
    23.22,
    -40.0
  ],
  [
    23.25,
    -40.0
  ],
  [
    23.257,
    -40.0
  ],
  [
    23.286,
    -40.0
  ],
  [
    23.301,
    -40.0
  ],
  [
    23.31,
    -40.0
  ],
  [
    23.34,
    -40.0
  ],
  [
    23.35,
    -40.0
  ],
  [
    23.375,
    -40.0
  ],
  [
    23.386,
    -40.0
  ],
  [
    23.409,
    -40.0
  ],
  [
    23.421,
    -39.9942
  ],
  [
    23.449,
    -39.9855
  ],
  [
    23.456,
    -39.9906
  ],
  [
    23.483,
    -39.979
  ],
  [
    23.491,
    -39.9872
  ],
  [
    23.523,
    -39.9854
  ],
  [
    23.533,
    -39.9889
  ],
  [
    23.56,
    -39.9923
  ],
  [
    23.572,
    -39.9947
  ],
  [
    23.587,
    -39.9886
  ],
  [
    23.601,
    -39.9894
  ],
  [
    23.63,
    -39.9918
  ],
  [
    23.637,
    -39.9696
  ],
  [
    23.669,
    -39.9167
  ],
  [
    23.679,
    -39.9177
  ],
  [
    23.706,
    -39.8884
  ],
  [
    23.714,
    -39.8971
  ],
  [
    23.728,
    -39.8964
  ],
  [
    23.753,
    -39.8528
  ],
  [
    23.765,
    -39.8496
  ],
  [
    23.794,
    -39.8382
  ],
  [
    23.802,
    -39.8271
  ],
  [
    23.828,
    -39.801
  ],
  [
    23.838,
    -39.7952
  ],
  [
    23.867,
    -39.7572
  ],
  [
    23.875,
    -39.7525
  ],
  [
    23.903,
    -39.7351
  ],
  [
    23.911,
    -39.7353
  ],
  [
    23.94,
    -39.7292
  ],
  [
    23.949,
    -39.7108
  ],
  [
    23.978,
    -39.6969
  ],
  [
    24.0,
    -39.6792
  ],
  [
    24.008,
    -39.6584
  ],
  [
    24.037,
    -39.661
  ],
  [
    24.046,
    -39.6418
  ],
  [
    24.075,
    -39.633
  ],
  [
    24.083,
    -39.6211
  ],
  [
    24.111,
    -39.6115
  ],
  [
    24.119,
    -39.5774
  ],
  [
    24.146,
    -39.5653
  ],
  [
    24.155,
    -39.5548
  ],
  [
    24.185,
    -39.5347
  ],
  [
    24.192,
    -39.5243
  ],
  [
    24.221,
    -39.5066
  ],
  [
    24.229,
    -39.5334
  ],
  [
    24.242,
    -39.5166
  ],
  [
    24.27,
    -39.4977
  ],
  [
    24.28,
    -39.4931
  ],
  [
    24.307,
    -39.4756
  ],
  [
    24.315,
    -39.4649
  ],
  [
    24.34,
    -39.4265
  ],
  [
    24.36,
    -39.4204
  ],
  [
    24.367,
    -39.4036
  ],
  [
    24.392,
    -39.4253
  ],
  [
    24.401,
    -39.4146
  ],
  [
    24.429,
    -39.4015
  ],
  [
    24.437,
    -39.395
  ],
  [
    24.467,
    -39.3827
  ],
  [
    24.475,
    -39.3739
  ],
  [
    24.5,
    -39.3592
  ],
  [
    24.511,
    -39.3495
  ],
  [
    24.539,
    -39.3423
  ],
  [
    24.546,
    -39.3278
  ],
  [
    24.574,
    -39.317
  ],
  [
    24.591,
    -39.3116
  ],
  [
    24.6,
    -39.3132
  ],
  [
    24.631,
    -39.3023
  ],
  [
    24.64,
    -39.2922
  ],
  [
    24.667,
    -39.282
  ],
  [
    24.675,
    -39.27
  ],
  [
    24.702,
    -39.2626
  ],
  [
    24.711,
    -39.2533
  ],
  [
    24.738,
    -39.2481
  ],
  [
    24.748,
    -39.2385
  ],
  [
    24.774,
    -39.2339
  ],
  [
    24.782,
    -39.2256
  ],
  [
    24.809,
    -39.2225
  ],
  [
    24.82,
    -39.1968
  ],
  [
    24.848,
    -39.195
  ],
  [
    24.857,
    -39.1944
  ],
  [
    24.882,
    -39.1855
  ],
  [
    24.892,
    -39.1811
  ],
  [
    24.918,
    -39.1737
  ],
  [
    24.941,
    -39.1894
  ],
  [
    24.949,
    -39.1876
  ],
  [
    24.976,
    -39.183
  ],
  [
    24.986,
    -39.1778
  ],
  [
    25.008,
    -39.1765
  ],
  [
    25.022,
    -39.1755
  ],
  [
    25.05,
    -39.1759
  ],
  [
    25.071,
    -39.169
  ],
  [
    25.08,
    -39.1668
  ],
  [
    25.108,
    -39.1721
  ],
  [
    25.12,
    -39.168
  ],
  [
    25.147,
    -39.1688
  ],
  [
    25.153,
    -39.1649
  ],
  [
    25.175,
    -39.1594
  ],
  [
    25.188,
    -39.1605
  ],
  [
    25.215,
    -39.1698
  ],
  [
    25.222,
    -39.141
  ],
  [
    25.236,
    -39.1592
  ],
  [
    25.266,
    -39.1687
  ],
  [
    25.273,
    -39.1698
  ],
  [
    25.301,
    -39.1734
  ],
  [
    25.308,
    -39.1739
  ],
  [
    25.33,
    -39.1774
  ],
  [
    25.356,
    -39.186
  ],
  [
    25.37,
    -39.1908
  ],
  [
    25.387,
    -39.2023
  ],
  [
    25.394,
    -39.1988
  ],
  [
    25.421,
    -39.2015
  ],
  [
    25.443,
    -39.1851
  ],
  [
    25.453,
    -39.2704
  ],
  [
    25.477,
    -39.564
  ],
  [
    25.503,
    -39.7444
  ],
  [
    25.511,
    -39.9974
  ],
  [
    25.543,
    -39.9999
  ],
  [
    25.551,
    -40.0
  ],
  [
    25.564,
    -40.0
  ],
  [
    25.591,
    -40.0
  ],
  [
    25.602,
    -40.0
  ],
  [
    25.627,
    -40.0
  ],
  [
    25.651,
    -39.9999
  ],
  [
    25.66,
    -39.9999
  ],
  [
    25.696,
    -39.9999
  ],
  [
    25.706,
    -39.9999
  ],
  [
    25.731,
    -40.0
  ],
  [
    25.743,
    -40.0
  ],
  [
    25.77,
    -40.0
  ],
  [
    25.78,
    -40.0
  ],
  [
    25.809,
    -40.0
  ],
  [
    25.816,
    -40.0
  ],
  [
    25.842,
    -40.0
  ],
  [
    25.851,
    -40.0
  ],
  [
    25.878,
    -40.0
  ],
  [
    25.905,
    -40.0
  ],
  [
    25.911,
    -40.0
  ],
  [
    25.927,
    -40.0
  ],
  [
    25.942,
    -40.0
  ],
  [
    25.958,
    -40.0
  ],
  [
    25.997,
    -40.0
  ],
  [
    26.014,
    -40.0
  ],
  [
    26.023,
    -40.0
  ],
  [
    26.051,
    -40.0
  ],
  [
    26.06,
    -40.0
  ],
  [
    26.088,
    -40.0
  ],
  [
    26.099,
    -40.0
  ],
  [
    26.123,
    -40.0
  ],
  [
    26.13,
    -40.0
  ],
  [
    26.156,
    -40.0
  ],
  [
    26.169,
    -40.0
  ],
  [
    26.191,
    -40.0
  ],
  [
    26.199,
    -40.0
  ],
  [
    26.226,
    -40.0
  ],
  [
    26.235,
    -40.0
  ],
  [
    26.263,
    -40.0
  ],
  [
    26.27,
    -40.0
  ],
  [
    26.302,
    -40.0
  ],
  [
    26.31,
    -40.0
  ],
  [
    26.328,
    -40.0
  ],
  [
    26.355,
    -40.0
  ],
  [
    26.377,
    -40.0
  ],
  [
    26.384,
    -40.0
  ],
  [
    26.4,
    -40.0
  ],
  [
    26.427,
    -40.0
  ],
  [
    26.437,
    -37.8981
  ],
  [
    26.466,
    -32.5423
  ],
  [
    26.476,
    -29.9996
  ],
  [
    26.511,
    -24.2638
  ],
  [
    26.519,
    -21.6298
  ],
  [
    26.535,
    -18.7427
  ],
  [
    26.56,
    -13.046
  ],
  [
    26.569,
    -11.3612
  ],
  [
    26.597,
    -6.1588
  ],
  [
    26.607,
    -3.9229
  ],
  [
    26.622,
    -1.0542
  ],
  [
    26.651,
    2.6247
  ],
  [
    26.659,
    3.5939
  ],
  [
    26.686,
    5.8394
  ],
  [
    26.698,
    6.7821
  ],
  [
    26.711,
    8.1227
  ],
  [
    26.741,
    10.3277
  ],
  [
    26.755,
    11.3316
  ],
  [
    26.767,
    12.474
  ],
  [
    26.78,
    13.6391
  ],
  [
    26.811,
    15.8404
  ],
  [
    26.825,
    16.658
  ],
  [
    26.838,
    17.7513
  ],
  [
    26.865,
    19.72
  ],
  [
    26.877,
    20.5292
  ],
  [
    26.892,
    21.4716
  ],
  [
    26.924,
    23.4331
  ],
  [
    26.937,
    24.2118
  ],
  [
    26.948,
    25.1727
  ],
  [
    26.964,
    26.0477
  ],
  [
    26.994,
    27.8769
  ],
  [
    27.009,
    28.6842
  ],
  [
    27.02,
    29.4941
  ],
  [
    27.047,
    29.7889
  ],
  [
    27.06,
    29.7917
  ],
  [
    27.074,
    29.7896
  ],
  [
    27.094,
    29.7887
  ],
  [
    27.108,
    29.7851
  ],
  [
    27.139,
    29.7898
  ],
  [
    27.15,
    29.7913
  ],
  [
    27.164,
    29.7891
  ],
  [
    27.195,
    29.7911
  ],
  [
    27.205,
    29.7915
  ],
  [
    27.22,
    29.7893
  ],
  [
    27.248,
    29.7905
  ],
  [
    27.263,
    29.7908
  ],
  [
    27.291,
    29.7913
  ],
  [
    27.299,
    29.792
  ],
  [
    27.327,
    29.7904
  ],
  [
    27.336,
    29.7928
  ],
  [
    27.362,
    29.7923
  ],
  [
    27.368,
    29.7913
  ],
  [
    27.394,
    29.7938
  ],
  [
    27.403,
    29.7936
  ],
  [
    27.432,
    29.7909
  ],
  [
    27.44,
    29.7912
  ],
  [
    27.47,
    29.7896
  ],
  [
    27.475,
    29.7918
  ],
  [
    27.503,
    29.7895
  ],
  [
    27.514,
    29.7927
  ],
  [
    27.544,
    29.7904
  ],
  [
    27.551,
    29.7923
  ],
  [
    27.58,
    29.7908
  ],
  [
    27.588,
    29.7922
  ],
  [
    27.603,
    29.79
  ],
  [
    27.632,
    29.7903
  ],
  [
    27.64,
    29.7915
  ],
  [
    27.667,
    29.7901
  ],
  [
    27.676,
    29.7921
  ],
  [
    27.694,
    29.7922
  ],
  [
    27.718,
    29.7924
  ],
  [
    27.731,
    29.7917
  ],
  [
    27.759,
    29.7916
  ],
  [
    27.765,
    29.7922
  ],
  [
    27.794,
    29.7899
  ],
  [
    27.805,
    29.7909
  ],
  [
    27.83,
    29.7908
  ],
  [
    27.84,
    29.7867
  ],
  [
    27.865,
    29.7878
  ],
  [
    27.875,
    29.7887
  ],
  [
    27.893,
    29.7883
  ],
  [
    27.92,
    29.7888
  ],
  [
    27.927,
    29.7868
  ],
  [
    27.954,
    29.7873
  ],
  [
    27.964,
    29.7873
  ],
  [
    27.992,
    29.787
  ],
  [
    28.002,
    29.7878
  ],
  [
    28.03,
    29.7858
  ],
  [
    28.038,
    29.7904
  ],
  [
    28.064,
    29.7876
  ],
  [
    28.072,
    29.7876
  ],
  [
    28.1,
    29.7878
  ],
  [
    28.108,
    29.7879
  ],
  [
    28.137,
    29.7881
  ],
  [
    28.144,
    29.7882
  ],
  [
    28.17,
    29.7886
  ],
  [
    28.186,
    29.7887
  ],
  [
    28.197,
    29.7884
  ],
  [
    28.234,
    29.7891
  ],
  [
    28.241,
    29.7889
  ],
  [
    28.27,
    29.7896
  ],
  [
    28.29,
    29.7901
  ],
  [
    28.3,
    29.7902
  ],
  [
    28.323,
    29.7902
  ],
  [
    28.336,
    29.7903
  ],
  [
    28.356,
    29.7905
  ],
  [
    28.385,
    29.79
  ],
  [
    28.393,
    29.79
  ],
  [
    28.42,
    29.7906
  ],
  [
    28.43,
    29.7908
  ],
  [
    28.459,
    29.7915
  ],
  [
    28.468,
    29.7916
  ],
  [
    28.494,
    29.7919
  ],
  [
    28.503,
    29.7919
  ],
  [
    28.529,
    29.7922
  ],
  [
    28.538,
    29.7922
  ],
  [
    28.553,
    29.7922
  ],
  [
    28.581,
    29.7925
  ],
  [
    28.592,
    29.7924
  ],
  [
    28.621,
    29.7925
  ],
  [
    28.631,
    29.7924
  ],
  [
    28.66,
    29.7926
  ],
  [
    28.671,
    29.7925
  ],
  [
    28.699,
    29.7934
  ],
  [
    28.707,
    29.7928
  ],
  [
    28.734,
    29.7926
  ],
  [
    28.742,
    29.7927
  ],
  [
    28.756,
    29.7928
  ],
  [
    28.782,
    29.7929
  ],
  [
    28.806,
    29.7934
  ],
  [
    28.814,
    29.791
  ],
  [
    28.832,
    29.7916
  ],
  [
    28.844,
    29.7922
  ],
  [
    28.87,
    29.7925
  ],
  [
    28.88,
    29.7927
  ],
  [
    28.893,
    29.7929
  ],
  [
    28.92,
    29.7931
  ],
  [
    28.931,
    29.7932
  ],
  [
    28.958,
    29.7934
  ],
  [
    28.971,
    29.7935
  ],
  [
    28.995,
    29.7936
  ],
  [
    29.002,
    29.7937
  ],
  [
    29.031,
    29.7939
  ],
  [
    29.039,
    29.794
  ],
  [
    29.067,
    29.7941
  ],
  [
    29.075,
    29.7941
  ],
  [
    29.098,
    29.7943
  ],
  [
    29.11,
    29.7941
  ],
  [
    29.143,
    29.7938
  ],
  [
    29.154,
    29.7937
  ],
  [
    29.166,
    29.7938
  ],
  [
    29.194,
    29.7937
  ],
  [
    29.203,
    29.7938
  ],
  [
    29.228,
    29.7936
  ],
  [
    29.238,
    29.7936
  ],
  [
    29.268,
    29.7935
  ],
  [
    29.277,
    29.7934
  ],
  [
    29.307,
    29.7934
  ],
  [
    29.313,
    29.7934
  ],
  [
    29.336,
    29.7933
  ],
  [
    29.364,
    29.7939
  ],
  [
    29.372,
    29.7937
  ],
  [
    29.402,
    29.7937
  ],
  [
    29.41,
    29.7937
  ],
  [
    29.436,
    29.7937
  ],
  [
    29.445,
    29.7936
  ],
  [
    29.457,
    29.7936
  ],
  [
    29.486,
    29.7937
  ],
  [
    29.498,
    29.7935
  ],
  [
    29.521,
    29.7941
  ],
  [
    29.531,
    29.7941
  ],
  [
    29.544,
    29.7941
  ],
  [
    29.572,
    29.7942
  ],
  [
    29.583,
    29.7942
  ],
  [
    29.593,
    29.7941
  ],
  [
    29.619,
    29.7942
  ],
  [
    29.627,
    29.7934
  ],
  [
    29.66,
    29.793
  ],
  [
    29.668,
    29.7931
  ],
  [
    29.694,
    29.7931
  ],
  [
    29.701,
    29.793
  ],
  [
    29.729,
    29.7928
  ],
  [
    29.738,
    29.7929
  ],
  [
    29.772,
    29.7928
  ],
  [
    29.777,
    29.7928
  ],
  [
    29.803,
    29.7935
  ],
  [
    29.815,
    29.7928
  ],
  [
    29.839,
    29.7928
  ],
  [
    29.85,
    29.7929
  ],
  [
    29.878,
    29.7927
  ],
  [
    29.884,
    29.7928
  ],
  [
    29.907,
    29.7927
  ],
  [
    29.936,
    29.7936
  ],
  [
    29.944,
    29.7937
  ],
  [
    29.972,
    29.7936
  ],
  [
    29.981,
    29.7937
  ],
  [
    30.01,
    29.7935
  ],
  [
    30.018,
    29.7942
  ],
  [
    30.047,
    29.794
  ],
  [
    30.055,
    29.7938
  ],
  [
    30.083,
    29.7938
  ],
  [
    30.091,
    29.7937
  ],
  [
    30.114,
    29.7938
  ],
  [
    30.129,
    28.4974
  ],
  [
    30.147,
    26.8006
  ],
  [
    30.171,
    23.0073
  ],
  [
    30.181,
    21.6243
  ],
  [
    30.206,
    18.4828
  ],
  [
    30.214,
    17.0125
  ],
  [
    30.244,
    13.3131
  ],
  [
    30.254,
    11.2277
  ],
  [
    30.282,
    6.6185
  ],
  [
    30.292,
    4.7383
  ],
  [
    30.32,
    0.0
  ],
  [
    30.328,
    0.0
  ],
  [
    30.353,
    0.0
  ],
  [
    30.366,
    0.0
  ],
  [
    30.387,
    0.0
  ],
  [
    30.401,
    0.0
  ],
  [
    30.426,
    0.0
  ],
  [
    30.432,
    0.0
  ],
  [
    30.458,
    0.0
  ],
  [
    30.466,
    0.0
  ],
  [
    30.49,
    0.0
  ],
  [
    30.501,
    0.0
  ],
  [
    30.523,
    0.0
  ],
  [
    30.534,
    0.0
  ],
  [
    30.563,
    0.0
  ],
  [
    30.571,
    0.0
  ],
  [
    30.598,
    0.0
  ],
  [
    30.606,
    0.0
  ],
  [
    30.639,
    0.0
  ],
  [
    30.649,
    0.0
  ],
  [
    30.676,
    0.0
  ],
  [
    30.699,
    0.0
  ],
  [
    30.708,
    0.0
  ],
  [
    30.737,
    0.0
  ],
  [
    30.746,
    0.0
  ],
  [
    30.774,
    0.0
  ],
  [
    30.795,
    0.0
  ],
  [
    30.802,
    0.0
  ],
  [
    30.828,
    0.0
  ],
  [
    30.838,
    0.0
  ],
  [
    30.865,
    0.0
  ],
  [
    30.873,
    0.0
  ],
  [
    30.901,
    0.0
  ],
  [
    30.909,
    0.0
  ],
  [
    30.938,
    0.0
  ],
  [
    30.949,
    0.0
  ],
  [
    30.977,
    0.0
  ],
  [
    30.984,
    0.0
  ],
  [
    31.012,
    0.0
  ],
  [
    31.019,
    0.0
  ],
  [
    31.046,
    0.0
  ],
  [
    31.056,
    0.0
  ],
  [
    31.084,
    0.0
  ],
  [
    31.092,
    0.0
  ],
  [
    31.106,
    0.0
  ],
  [
    31.136,
    0.0
  ],
  [
    31.147,
    0.0
  ],
  [
    31.173,
    0.0
  ],
  [
    31.183,
    0.0
  ],
  [
    31.21,
    0.0
  ],
  [
    31.219,
    0.0
  ],
  [
    31.245,
    0.0
  ],
  [
    31.255,
    0.0
  ],
  [
    31.285,
    0.0
  ],
  [
    31.295,
    0.0
  ],
  [
    31.323,
    0.0
  ],
  [
    31.33,
    0.0
  ],
  [
    31.354,
    0.0
  ],
  [
    31.367,
    0.0
  ],
  [
    31.396,
    0.0
  ],
  [
    31.405,
    0.0
  ],
  [
    31.433,
    0.0
  ],
  [
    31.44,
    0.0
  ],
  [
    31.468,
    0.0
  ],
  [
    31.476,
    0.0
  ],
  [
    31.504,
    0.0
  ],
  [
    31.516,
    0.0
  ],
  [
    31.529,
    0.0
  ],
  [
    31.543,
    0.0
  ],
  [
    31.568,
    0.0
  ],
  [
    31.578,
    0.0
  ],
  [
    31.605,
    0.0
  ],
  [
    31.614,
    0.0
  ],
  [
    31.63,
    0.0
  ],
  [
    31.654,
    0.0
  ],
  [
    31.672,
    0.0
  ],
  [
    31.68,
    0.0
  ],
  [
    31.706,
    0.0
  ],
  [
    31.714,
    0.0
  ],
  [
    31.73,
    0.0
  ],
  [
    31.755,
    0.0
  ],
  [
    31.779,
    0.0
  ],
  [
    31.793,
    0.0
  ],
  [
    31.803,
    0.0
  ],
  [
    31.827,
    0.0
  ],
  [
    31.838,
    0.0
  ],
  [
    31.868,
    0.0
  ],
  [
    31.876,
    0.0
  ],
  [
    31.903,
    0.0
  ],
  [
    31.914,
    0.0
  ],
  [
    31.941,
    0.0
  ],
  [
    31.967,
    0.0
  ],
  [
    31.975,
    0.0
  ],
  [
    32.006,
    0.0
  ],
  [
    32.013,
    0.0
  ],
  [
    32.041,
    0.0
  ],
  [
    32.052,
    0.0
  ],
  [
    32.077,
    0.0
  ],
  [
    32.088,
    0.0
  ],
  [
    32.111,
    0.0
  ],
  [
    32.125,
    0.0
  ],
  [
    32.153,
    0.0
  ],
  [
    32.16,
    0.0
  ],
  [
    32.177,
    0.0
  ],
  [
    32.203,
    0.0
  ],
  [
    32.223,
    0.0
  ],
  [
    32.232,
    0.0
  ],
  [
    32.257,
    0.0
  ],
  [
    32.267,
    0.0
  ],
  [
    32.301,
    0.0
  ],
  [
    32.319,
    0.0
  ],
  [
    32.338,
    0.0
  ],
  [
    32.35,
    0.0
  ],
  [
    32.367,
    0.0
  ],
  [
    32.383,
    0.0
  ],
  [
    32.396,
    0.0
  ],
  [
    32.433,
    0.0
  ],
  [
    32.44,
    0.0
  ],
  [
    32.468,
    0.0
  ],
  [
    32.476,
    0.0
  ],
  [
    32.503,
    0.0
  ],
  [
    32.516,
    0.0
  ],
  [
    32.53,
    0.0
  ],
  [
    32.558,
    0.0
  ],
  [
    32.571,
    0.0
  ],
  [
    32.601,
    0.0
  ],
  [
    32.61,
    0.0
  ],
  [
    32.64,
    0.0
  ],
  [
    32.653,
    0.0
  ],
  [
    32.669,
    0.0
  ],
  [
    32.689,
    0.0
  ],
  [
    32.703,
    0.0
  ],
  [
    32.732,
    0.0
  ],
  [
    32.741,
    0.0
  ],
  [
    32.77,
    0.0
  ],
  [
    32.779,
    0.0
  ],
  [
    32.794,
    0.0
  ],
  [
    32.823,
    0.0
  ],
  [
    32.833,
    0.0
  ],
  [
    32.861,
    0.0
  ],
  [
    32.871,
    0.0
  ],
  [
    32.888,
    0.0
  ],
  [
    32.902,
    0.0
  ],
  [
    32.926,
    0.0
  ],
  [
    32.938,
    0.0
  ],
  [
    32.965,
    0.0
  ],
  [
    32.975,
    0.0
  ],
  [
    32.99,
    0.0
  ],
  [
    33.015,
    0.0
  ],
  [
    33.03,
    0.0
  ],
  [
    33.056,
    0.0
  ],
  [
    33.072,
    0.0
  ],
  [
    33.08,
    0.0
  ],
  [
    33.096,
    0.0
  ],
  [
    33.121,
    0.0
  ],
  [
    33.133,
    0.0
  ],
  [
    33.161,
    0.0
  ],
  [
    33.171,
    0.0
  ],
  [
    33.198,
    0.0
  ],
  [
    33.208,
    0.0
  ],
  [
    33.221,
    0.0
  ],
  [
    33.237,
    0.0
  ],
  [
    33.267,
    0.0
  ],
  [
    33.277,
    0.0
  ],
  [
    33.294,
    0.0
  ],
  [
    33.308,
    0.0
  ],
  [
    33.337,
    0.0
  ],
  [
    33.35,
    0.0
  ],
  [
    33.362,
    0.0
  ],
  [
    33.393,
    0.0
  ],
  [
    33.402,
    0.0
  ],
  [
    33.416,
    0.0
  ],
  [
    33.446,
    0.0
  ],
  [
    33.452,
    0.0
  ],
  [
    33.477,
    0.0
  ],
  [
    33.488,
    0.0
  ],
  [
    33.517,
    0.0
  ],
  [
    33.527,
    0.0
  ],
  [
    33.556,
    0.0
  ],
  [
    33.566,
    0.0
  ],
  [
    33.582,
    0.0
  ],
  [
    33.612,
    0.0
  ],
  [
    33.628,
    0.0
  ],
  [
    33.645,
    0.0
  ],
  [
    33.663,
    0.0
  ],
  [
    33.672,
    0.0
  ],
  [
    33.703,
    0.0
  ],
  [
    33.712,
    0.0
  ],
  [
    33.742,
    0.0
  ],
  [
    33.759,
    0.0
  ],
  [
    33.771,
    0.0
  ],
  [
    33.787,
    0.0
  ],
  [
    33.819,
    0.0
  ],
  [
    33.83,
    0.0
  ],
  [
    33.843,
    0.0
  ],
  [
    33.874,
    0.0
  ],
  [
    33.884,
    0.0
  ],
  [
    33.901,
    0.0
  ],
  [
    33.913,
    0.0
  ],
  [
    33.942,
    0.0
  ],
  [
    33.953,
    0.0
  ],
  [
    33.967,
    0.0
  ],
  [
    33.997,
    0.0
  ],
  [
    34.009,
    0.0
  ],
  [
    34.023,
    0.0
  ],
  [
    34.04,
    0.0
  ],
  [
    34.07,
    0.0
  ],
  [
    34.08,
    0.0
  ],
  [
    34.114,
    0.0
  ],
  [
    34.124,
    0.0
  ],
  [
    34.139,
    0.0
  ],
  [
    34.154,
    0.0
  ],
  [
    34.188,
    0.0
  ],
  [
    34.2,
    0.0
  ],
  [
    34.214,
    0.0
  ],
  [
    34.231,
    0.0
  ],
  [
    34.244,
    0.0
  ],
  [
    34.261,
    0.0
  ],
  [
    34.273,
    0.0
  ],
  [
    34.305,
    0.0
  ],
  [
    34.314,
    0.0
  ],
  [
    34.33,
    0.0
  ],
  [
    34.359,
    0.0
  ],
  [
    34.369,
    0.0
  ],
  [
    34.396,
    0.0
  ],
  [
    34.408,
    0.0
  ],
  [
    34.419,
    0.0
  ],
  [
    34.445,
    0.0
  ],
  [
    34.454,
    0.0
  ],
  [
    34.48,
    0.0
  ],
  [
    34.487,
    0.0
  ],
  [
    34.515,
    0.0
  ],
  [
    34.523,
    0.0
  ],
  [
    34.539,
    0.0
  ],
  [
    34.563,
    0.0
  ],
  [
    34.579,
    0.0
  ],
  [
    34.587,
    0.0
  ],
  [
    34.625,
    0.0
  ],
  [
    34.652,
    0.0
  ],
  [
    34.671,
    0.0
  ],
  [
    34.691,
    0.0
  ],
  [
    34.702,
    0.0
  ],
  [
    34.719,
    0.0
  ],
  [
    34.734,
    0.0
  ],
  [
    34.749,
    0.0
  ],
  [
    34.778,
    0.0
  ],
  [
    34.788,
    0.0
  ],
  [
    34.804,
    0.0
  ],
  [
    34.833,
    0.0
  ],
  [
    34.85,
    0.0
  ],
  [
    34.86,
    0.0
  ],
  [
    34.875,
    0.0
  ],
  [
    34.906,
    0.0
  ],
  [
    34.918,
    0.0
  ],
  [
    34.934,
    0.0
  ],
  [
    34.963,
    0.0
  ],
  [
    34.973,
    0.0
  ],
  [
    34.988,
    0.0
  ],
  [
    35.019,
    0.0
  ],
  [
    35.03,
    0.0
  ],
  [
    35.042,
    0.0
  ],
  [
    35.07,
    0.0
  ],
  [
    35.078,
    0.0
  ],
  [
    35.104,
    0.0
  ],
  [
    35.113,
    0.0
  ],
  [
    35.14,
    0.0
  ],
  [
    35.149,
    0.0
  ],
  [
    35.176,
    0.0
  ],
  [
    35.187,
    0.0
  ],
  [
    35.213,
    0.0
  ],
  [
    35.226,
    0.0
  ],
  [
    35.235,
    0.0
  ],
  [
    35.29,
    0.0
  ],
  [
    35.296,
    0.0
  ],
  [
    35.319,
    0.0
  ],
  [
    35.337,
    0.0
  ],
  [
    35.347,
    0.0
  ],
  [
    35.373,
    0.0
  ],
  [
    35.381,
    0.0
  ],
  [
    35.408,
    0.0
  ],
  [
    35.421,
    0.0
  ],
  [
    35.444,
    0.0
  ],
  [
    35.454,
    0.0
  ],
  [
    35.477,
    0.0
  ],
  [
    35.507,
    0.0
  ],
  [
    35.514,
    0.0
  ],
  [
    35.543,
    0.0
  ],
  [
    35.555,
    0.0
  ],
  [
    35.569,
    0.0
  ],
  [
    35.595,
    0.0
  ],
  [
    35.607,
    0.0
  ],
  [
    35.628,
    0.0
  ],
  [
    35.646,
    0.0
  ],
  [
    35.663,
    0.0
  ],
  [
    35.679,
    0.0
  ],
  [
    35.694,
    0.0
  ],
  [
    35.709,
    0.0
  ],
  [
    35.726,
    0.0
  ],
  [
    35.759,
    0.0
  ],
  [
    35.77,
    0.0
  ],
  [
    35.803,
    0.0
  ],
  [
    35.815,
    0.0
  ],
  [
    35.832,
    0.0
  ],
  [
    35.846,
    0.0
  ],
  [
    35.861,
    0.0
  ],
  [
    35.897,
    0.0
  ],
  [
    35.905,
    0.0
  ],
  [
    35.921,
    0.0
  ],
  [
    35.937,
    0.0
  ],
  [
    35.967,
    0.0
  ],
  [
    35.974,
    0.0
  ],
  [
    35.991,
    0.0
  ],
  [
    36.01,
    0.0
  ],
  [
    36.029,
    0.0
  ],
  [
    36.044,
    0.0
  ],
  [
    36.063,
    0.0
  ],
  [
    36.084,
    0.0
  ],
  [
    36.099,
    0.0
  ],
  [
    36.116,
    0.0
  ],
  [
    36.135,
    0.0
  ],
  [
    36.155,
    0.0
  ],
  [
    36.17,
    0.0
  ],
  [
    36.186,
    0.0
  ],
  [
    36.202,
    0.0
  ],
  [
    36.216,
    0.0
  ],
  [
    36.232,
    0.0
  ],
  [
    36.26,
    0.0
  ],
  [
    36.281,
    0.0
  ],
  [
    36.3,
    0.0
  ],
  [
    36.311,
    0.0
  ],
  [
    36.326,
    0.0
  ],
  [
    36.341,
    0.0
  ],
  [
    36.373,
    0.0
  ],
  [
    36.388,
    0.0
  ],
  [
    36.4,
    0.0
  ],
  [
    36.42,
    0.0
  ],
  [
    36.439,
    0.0
  ],
  [
    36.456,
    0.0
  ],
  [
    36.469,
    0.0
  ],
  [
    36.491,
    0.0
  ],
  [
    36.503,
    0.0
  ],
  [
    36.53,
    0.0
  ],
  [
    36.546,
    0.0
  ],
  [
    36.557,
    0.0
  ],
  [
    36.573,
    0.0
  ],
  [
    36.602,
    0.0
  ],
  [
    36.612,
    0.0
  ],
  [
    36.644,
    0.0
  ],
  [
    36.654,
    0.0
  ],
  [
    36.669,
    0.0
  ],
  [
    36.694,
    0.0
  ],
  [
    36.708,
    0.0
  ],
  [
    36.72,
    0.0
  ],
  [
    36.737,
    0.0
  ],
  [
    36.752,
    0.0
  ],
  [
    36.782,
    0.0
  ],
  [
    36.798,
    0.0
  ],
  [
    36.809,
    0.0
  ],
  [
    36.825,
    0.0
  ],
  [
    36.855,
    0.0
  ],
  [
    36.866,
    0.0
  ],
  [
    36.88,
    0.0
  ],
  [
    36.899,
    0.0
  ],
  [
    36.913,
    0.0
  ],
  [
    36.927,
    0.0
  ],
  [
    36.955,
    0.0
  ],
  [
    36.968,
    0.0
  ],
  [
    36.999,
    0.0
  ],
  [
    37.012,
    0.0
  ],
  [
    37.021,
    0.0
  ],
  [
    37.049,
    0.0
  ],
  [
    37.122,
    0.0
  ],
  [
    37.135,
    0.0
  ],
  [
    37.169,
    0.0
  ],
  [
    37.184,
    0.0
  ],
  [
    37.203,
    0.0
  ],
  [
    37.223,
    0.0
  ],
  [
    37.246,
    0.0
  ],
  [
    37.274,
    0.0
  ],
  [
    37.301,
    0.0
  ],
  [
    37.32,
    0.0
  ],
  [
    37.345,
    0.0
  ],
  [
    37.366,
    0.0
  ],
  [
    37.387,
    0.0
  ],
  [
    37.402,
    0.0
  ],
  [
    37.423,
    0.0
  ],
  [
    37.438,
    0.0
  ],
  [
    37.462,
    0.0
  ],
  [
    37.486,
    0.0
  ],
  [
    37.514,
    0.0
  ],
  [
    37.527,
    0.0
  ],
  [
    37.545,
    0.0
  ],
  [
    37.558,
    0.0
  ],
  [
    37.591,
    0.0
  ],
  [
    37.6,
    0.0
  ],
  [
    37.63,
    0.0
  ],
  [
    37.639,
    0.0
  ],
  [
    37.672,
    0.0
  ],
  [
    37.681,
    0.0
  ],
  [
    37.698,
    0.0
  ],
  [
    37.731,
    0.0
  ],
  [
    37.742,
    0.0
  ],
  [
    37.757,
    0.0
  ],
  [
    37.79,
    0.0
  ],
  [
    37.801,
    0.0
  ],
  [
    37.815,
    0.0
  ],
  [
    37.836,
    0.0
  ],
  [
    37.85,
    0.0
  ],
  [
    37.867,
    0.0
  ],
  [
    37.898,
    0.0
  ],
  [
    37.906,
    0.0
  ],
  [
    37.935,
    0.0
  ],
  [
    37.948,
    0.0
  ],
  [
    37.963,
    0.0
  ],
  [
    37.992,
    0.0
  ],
  [
    38.004,
    0.0
  ],
  [
    38.02,
    0.0
  ],
  [
    38.034,
    0.0
  ],
  [
    38.064,
    0.0
  ],
  [
    38.076,
    0.0
  ],
  [
    38.089,
    0.0
  ],
  [
    38.119,
    0.0
  ],
  [
    38.13,
    0.0
  ],
  [
    38.144,
    0.0
  ],
  [
    38.174,
    0.0
  ],
  [
    38.182,
    0.0
  ],
  [
    38.199,
    0.0
  ],
  [
    38.227,
    0.0
  ],
  [
    38.24,
    0.0
  ],
  [
    38.268,
    0.0
  ],
  [
    38.28,
    0.0
  ],
  [
    38.296,
    0.0
  ],
  [
    38.312,
    0.0
  ],
  [
    38.341,
    0.0
  ],
  [
    38.359,
    0.0
  ],
  [
    38.375,
    0.0
  ],
  [
    38.391,
    0.0
  ],
  [
    38.406,
    0.0
  ],
  [
    38.436,
    0.0
  ],
  [
    38.447,
    0.0
  ],
  [
    38.463,
    0.0
  ],
  [
    38.489,
    0.0
  ],
  [
    38.502,
    0.0
  ],
  [
    38.532,
    0.0
  ],
  [
    38.54,
    0.0
  ],
  [
    38.568,
    0.0
  ],
  [
    38.58,
    0.0
  ],
  [
    38.609,
    0.0
  ],
  [
    38.619,
    0.0
  ],
  [
    38.645,
    0.0
  ],
  [
    38.659,
    0.0
  ],
  [
    38.67,
    0.0
  ],
  [
    38.702,
    0.0
  ],
  [
    38.716,
    0.0
  ],
  [
    38.73,
    0.0
  ],
  [
    38.746,
    0.0
  ],
  [
    38.766,
    0.0
  ],
  [
    38.782,
    0.0
  ],
  [
    38.811,
    0.0
  ],
  [
    38.822,
    0.0
  ],
  [
    38.834,
    0.0
  ],
  [
    38.864,
    0.0
  ],
  [
    38.873,
    0.0
  ],
  [
    38.901,
    0.0
  ],
  [
    38.912,
    0.0
  ],
  [
    38.942,
    0.0
  ],
  [
    38.953,
    0.0
  ],
  [
    38.967,
    0.0
  ],
  [
    38.995,
    0.0
  ],
  [
    39.007,
    0.0
  ],
  [
    39.019,
    0.0
  ],
  [
    39.036,
    0.0
  ],
  [
    39.06,
    0.0
  ],
  [
    39.075,
    0.0
  ],
  [
    39.087,
    0.0
  ],
  [
    39.119,
    0.0
  ],
  [
    39.133,
    0.0
  ],
  [
    39.142,
    0.0
  ],
  [
    39.173,
    0.0
  ],
  [
    39.187,
    0.0
  ],
  [
    39.202,
    0.0
  ],
  [
    39.228,
    0.0
  ],
  [
    39.246,
    0.0
  ],
  [
    39.259,
    0.0
  ],
  [
    39.276,
    0.0
  ],
  [
    39.293,
    0.0
  ],
  [
    39.313,
    0.0
  ],
  [
    39.326,
    0.0
  ],
  [
    39.359,
    0.0
  ],
  [
    39.368,
    0.0
  ],
  [
    39.397,
    0.0
  ],
  [
    39.41,
    0.0
  ],
  [
    39.434,
    0.0
  ],
  [
    39.446,
    0.0
  ],
  [
    39.459,
    0.0
  ],
  [
    39.473,
    0.0
  ],
  [
    39.5,
    0.0
  ],
  [
    39.511,
    0.0
  ],
  [
    39.539,
    0.0
  ],
  [
    39.549,
    0.0
  ],
  [
    39.576,
    0.0
  ],
  [
    39.587,
    0.0
  ],
  [
    39.602,
    0.0
  ],
  [
    39.618,
    0.0
  ],
  [
    39.645,
    0.0
  ],
  [
    39.665,
    0.0
  ],
  [
    39.676,
    0.0
  ],
  [
    39.689,
    0.0
  ],
  [
    39.722,
    0.0
  ],
  [
    39.736,
    0.0
  ],
  [
    39.747,
    0.0
  ],
  [
    39.762,
    0.0
  ],
  [
    39.787,
    0.0
  ],
  [
    39.798,
    0.0
  ],
  [
    39.825,
    0.0
  ],
  [
    39.835,
    0.0
  ],
  [
    39.864,
    0.0
  ],
  [
    39.87,
    0.0
  ],
  [
    39.898,
    0.0
  ],
  [
    39.909,
    0.0
  ],
  [
    39.922,
    0.0
  ],
  [
    39.936,
    0.0
  ],
  [
    39.959,
    0.0
  ],
  [
    39.971,
    0.0
  ],
  [
    39.998,
    0.0
  ],
  [
    40.012,
    0.0
  ],
  [
    40.023,
    0.0
  ],
  [
    40.047,
    0.0
  ],
  [
    40.053,
    0.0
  ],
  [
    40.078,
    0.0
  ],
  [
    40.084,
    0.0
  ],
  [
    40.114,
    0.0
  ],
  [
    40.123,
    0.0
  ],
  [
    40.149,
    0.0
  ],
  [
    40.157,
    0.0
  ],
  [
    40.188,
    0.0
  ],
  [
    40.199,
    0.0
  ],
  [
    40.21,
    0.0
  ],
  [
    40.238,
    0.0
  ],
  [
    40.247,
    0.0
  ],
  [
    40.271,
    0.0
  ],
  [
    40.279,
    0.0
  ],
  [
    40.303,
    0.0
  ],
  [
    40.325,
    0.0
  ],
  [
    40.334,
    0.0
  ]
]