# Steering Wheel Angle Log (Actual Physical Angle)
# Start time : 2026-05-27 04:49:01
# End time   : 2026-05-27 04:49:54
# Total time : 53.29 seconds
# Points     : 2886
# Format     : [[elapsed_seconds, wheel_angle_degrees], ...]
[
  [
    0.277,
    0.0
  ],
  [
    0.319,
    0.0
  ],
  [
    0.337,
    0.0
  ],
  [
    0.351,
    0.0
  ],
  [
    0.365,
    0.0
  ],
  [
    0.381,
    0.0
  ],
  [
    0.411,
    0.0
  ],
  [
    0.422,
    0.0
  ],
  [
    0.45,
    0.0
  ],
  [
    0.458,
    0.0
  ],
  [
    0.474,
    0.0
  ],
  [
    0.489,
    0.0
  ],
  [
    0.505,
    0.0
  ],
  [
    0.531,
    0.0
  ],
  [
    0.541,
    0.0
  ],
  [
    0.553,
    0.0
  ],
  [
    0.578,
    0.0
  ],
  [
    0.589,
    0.0
  ],
  [
    0.604,
    0.0
  ],
  [
    0.635,
    0.0
  ],
  [
    0.644,
    0.0
  ],
  [
    0.676,
    0.0
  ],
  [
    0.694,
    0.0
  ],
  [
    0.712,
    0.0
  ],
  [
    0.725,
    0.0
  ],
  [
    0.755,
    0.0
  ],
  [
    0.774,
    0.0
  ],
  [
    0.784,
    0.0
  ],
  [
    0.803,
    0.0
  ],
  [
    0.818,
    0.0
  ],
  [
    0.834,
    0.0
  ],
  [
    0.848,
    0.0
  ],
  [
    0.88,
    0.0
  ],
  [
    0.896,
    0.0
  ],
  [
    0.908,
    0.0
  ],
  [
    0.92,
    0.0
  ],
  [
    0.936,
    0.0
  ],
  [
    0.963,
    0.0
  ],
  [
    0.977,
    0.0
  ],
  [
    0.987,
    0.0
  ],
  [
    1.016,
    0.0
  ],
  [
    1.024,
    0.0
  ],
  [
    1.05,
    0.0
  ],
  [
    1.066,
    0.0
  ],
  [
    1.083,
    0.0
  ],
  [
    1.096,
    0.0
  ],
  [
    1.126,
    0.0
  ],
  [
    1.135,
    0.0
  ],
  [
    1.166,
    0.0
  ],
  [
    1.176,
    0.0
  ],
  [
    1.192,
    0.0
  ],
  [
    1.208,
    0.0
  ],
  [
    1.226,
    0.0
  ],
  [
    1.254,
    0.0
  ],
  [
    1.264,
    0.0
  ],
  [
    1.282,
    0.0
  ],
  [
    1.3,
    0.0
  ],
  [
    1.314,
    0.0
  ],
  [
    1.328,
    0.0
  ],
  [
    1.345,
    0.0
  ],
  [
    1.361,
    0.0
  ],
  [
    1.393,
    0.0
  ],
  [
    1.405,
    0.0
  ],
  [
    1.418,
    0.0
  ],
  [
    1.433,
    0.0
  ],
  [
    1.449,
    0.0
  ],
  [
    1.478,
    0.0
  ],
  [
    1.495,
    0.0
  ],
  [
    1.508,
    0.0
  ],
  [
    1.52,
    0.0
  ],
  [
    1.539,
    0.0
  ],
  [
    1.555,
    0.0
  ],
  [
    1.57,
    0.0
  ],
  [
    1.6,
    0.0
  ],
  [
    1.613,
    0.0
  ],
  [
    1.629,
    0.0
  ],
  [
    1.643,
    0.0
  ],
  [
    1.658,
    0.0
  ],
  [
    1.688,
    0.0
  ],
  [
    1.699,
    0.0
  ],
  [
    1.717,
    0.0
  ],
  [
    1.732,
    0.0
  ],
  [
    1.76,
    0.0
  ],
  [
    1.774,
    0.0
  ],
  [
    1.782,
    0.0
  ],
  [
    1.8,
    0.0
  ],
  [
    1.816,
    0.0
  ],
  [
    1.843,
    0.0
  ],
  [
    1.858,
    0.0
  ],
  [
    1.875,
    0.0
  ],
  [
    1.887,
    0.0
  ],
  [
    1.92,
    0.0
  ],
  [
    1.929,
    0.0
  ],
  [
    1.945,
    0.0
  ],
  [
    1.978,
    0.0
  ],
  [
    1.99,
    0.0
  ],
  [
    2.005,
    0.0
  ],
  [
    2.034,
    0.0
  ],
  [
    2.044,
    0.0
  ],
  [
    2.072,
    0.0
  ],
  [
    2.083,
    0.0
  ],
  [
    2.113,
    0.0
  ],
  [
    2.128,
    0.0
  ],
  [
    2.137,
    0.0
  ],
  [
    2.152,
    0.0
  ],
  [
    2.181,
    0.0
  ],
  [
    2.192,
    0.0
  ],
  [
    2.218,
    0.0
  ],
  [
    2.228,
    0.0
  ],
  [
    2.26,
    0.0
  ],
  [
    2.268,
    0.0
  ],
  [
    2.296,
    0.0
  ],
  [
    2.308,
    0.0
  ],
  [
    2.34,
    0.0
  ],
  [
    2.347,
    0.0
  ],
  [
    2.376,
    0.0
  ],
  [
    2.386,
    0.0
  ],
  [
    2.399,
    0.0
  ],
  [
    2.43,
    0.0
  ],
  [
    2.442,
    0.0
  ],
  [
    2.47,
    0.0
  ],
  [
    2.481,
    0.0
  ],
  [
    2.493,
    0.0
  ],
  [
    2.51,
    0.0
  ],
  [
    2.53,
    0.0
  ],
  [
    2.544,
    0.0
  ],
  [
    2.574,
    0.0
  ],
  [
    2.585,
    0.0
  ],
  [
    2.61,
    0.0
  ],
  [
    2.628,
    0.0
  ],
  [
    2.64,
    0.0
  ],
  [
    2.655,
    0.0
  ],
  [
    2.67,
    0.0
  ],
  [
    2.7,
    0.0
  ],
  [
    2.711,
    0.0
  ],
  [
    2.724,
    0.0
  ],
  [
    2.757,
    0.0
  ],
  [
    2.767,
    0.0
  ],
  [
    2.779,
    0.0
  ],
  [
    2.796,
    0.0
  ],
  [
    2.828,
    0.0
  ],
  [
    2.839,
    0.0
  ],
  [
    2.87,
    0.0
  ],
  [
    2.899,
    0.0
  ],
  [
    2.916,
    0.0
  ],
  [
    2.925,
    0.0
  ],
  [
    2.953,
    0.0
  ],
  [
    2.961,
    0.0
  ],
  [
    2.991,
    0.0
  ],
  [
    3.014,
    0.0
  ],
  [
    3.024,
    0.0
  ],
  [
    3.04,
    0.0
  ],
  [
    3.06,
    0.0
  ],
  [
    3.075,
    0.0
  ],
  [
    3.09,
    0.0
  ],
  [
    3.116,
    0.0
  ],
  [
    3.128,
    0.0
  ],
  [
    3.142,
    0.0
  ],
  [
    3.176,
    0.0
  ],
  [
    3.187,
    0.0
  ],
  [
    3.206,
    0.0
  ],
  [
    3.22,
    0.0
  ],
  [
    3.238,
    0.0
  ],
  [
    3.268,
    0.0
  ],
  [
    3.279,
    0.0
  ],
  [
    3.296,
    0.0
  ],
  [
    3.312,
    0.0
  ],
  [
    3.326,
    0.0
  ],
  [
    3.342,
    0.0
  ],
  [
    3.357,
    0.0
  ],
  [
    3.388,
    0.0
  ],
  [
    3.396,
    0.0
  ],
  [
    3.432,
    0.0
  ],
  [
    3.441,
    0.0
  ],
  [
    3.471,
    0.0
  ],
  [
    3.48,
    0.0
  ],
  [
    3.517,
    0.0
  ],
  [
    3.526,
    0.0
  ],
  [
    3.539,
    0.0
  ],
  [
    3.568,
    0.0
  ],
  [
    3.58,
    0.0
  ],
  [
    3.595,
    0.0
  ],
  [
    3.623,
    0.0
  ],
  [
    3.638,
    0.0
  ],
  [
    3.65,
    0.0
  ],
  [
    3.68,
    0.0
  ],
  [
    3.693,
    0.0
  ],
  [
    3.71,
    0.0
  ],
  [
    3.727,
    0.0
  ],
  [
    3.743,
    0.0
  ],
  [
    3.759,
    0.0
  ],
  [
    3.774,
    0.0
  ],
  [
    3.804,
    0.0
  ],
  [
    3.818,
    0.0
  ],
  [
    3.834,
    0.0
  ],
  [
    3.85,
    0.0
  ],
  [
    3.877,
    0.0
  ],
  [
    3.886,
    0.0
  ],
  [
    3.918,
    0.0
  ],
  [
    3.925,
    0.0
  ],
  [
    3.951,
    0.0
  ],
  [
    3.96,
    0.0
  ],
  [
    3.99,
    0.0
  ],
  [
    3.997,
    0.0
  ],
  [
    4.014,
    0.0
  ],
  [
    4.029,
    0.0
  ],
  [
    4.059,
    0.0
  ],
  [
    4.065,
    0.0
  ],
  [
    4.09,
    0.0
  ],
  [
    4.102,
    0.0
  ],
  [
    4.129,
    0.0
  ],
  [
    4.143,
    0.0
  ],
  [
    4.153,
    0.0
  ],
  [
    4.181,
    0.0
  ],
  [
    4.195,
    0.0
  ],
  [
    4.208,
    0.0
  ],
  [
    4.222,
    0.0
  ],
  [
    4.252,
    0.0
  ],
  [
    4.261,
    0.0
  ],
  [
    4.292,
    0.0
  ],
  [
    4.302,
    0.0
  ],
  [
    4.321,
    0.0
  ],
  [
    4.352,
    0.0
  ],
  [
    4.36,
    0.0
  ],
  [
    4.374,
    0.0
  ],
  [
    4.402,
    0.0
  ],
  [
    4.414,
    0.0
  ],
  [
    4.442,
    0.0
  ],
  [
    4.455,
    0.0
  ],
  [
    4.483,
    0.0
  ],
  [
    4.495,
    0.0
  ],
  [
    4.514,
    0.0
  ],
  [
    4.528,
    0.0
  ],
  [
    4.56,
    0.0
  ],
  [
    4.566,
    0.0
  ],
  [
    4.593,
    0.0
  ],
  [
    4.609,
    0.0
  ],
  [
    4.625,
    0.0
  ],
  [
    4.64,
    0.0
  ],
  [
    4.669,
    0.0
  ],
  [
    4.68,
    0.0
  ],
  [
    4.707,
    0.0
  ],
  [
    4.717,
    0.0
  ],
  [
    4.745,
    0.0
  ],
  [
    4.756,
    0.0
  ],
  [
    4.786,
    0.0
  ],
  [
    4.796,
    0.0
  ],
  [
    4.826,
    0.0
  ],
  [
    4.837,
    0.0
  ],
  [
    4.864,
    0.0
  ],
  [
    4.875,
    0.0
  ],
  [
    4.904,
    0.0
  ],
  [
    4.914,
    0.0
  ],
  [
    4.944,
    0.0
  ],
  [
    4.953,
    0.0
  ],
  [
    4.982,
    0.0
  ],
  [
    5.005,
    0.0
  ],
  [
    5.016,
    0.0
  ],
  [
    5.045,
    0.0
  ],
  [
    5.054,
    0.0
  ],
  [
    5.084,
    0.0
  ],
  [
    5.092,
    0.0
  ],
  [
    5.119,
    0.0
  ],
  [
    5.128,
    0.0
  ],
  [
    5.158,
    0.0
  ],
  [
    5.169,
    0.0
  ],
  [
    5.196,
    0.0
  ],
  [
    5.209,
    0.0
  ],
  [
    5.24,
    0.0
  ],
  [
    5.251,
    0.0
  ],
  [
    5.265,
    0.0
  ],
  [
    5.296,
    0.0
  ],
  [
    5.307,
    0.0
  ],
  [
    5.322,
    0.0
  ],
  [
    5.339,
    0.0
  ],
  [
    5.36,
    0.0
  ],
  [
    5.373,
    0.0
  ],
  [
    5.401,
    0.0
  ],
  [
    5.424,
    0.0
  ],
  [
    5.436,
    0.0
  ],
  [
    5.45,
    0.0
  ],
  [
    5.464,
    0.0
  ],
  [
    5.49,
    0.0
  ],
  [
    5.5,
    0.0
  ],
  [
    5.513,
    0.0
  ],
  [
    5.545,
    0.0
  ],
  [
    5.555,
    0.0
  ],
  [
    5.569,
    0.0
  ],
  [
    5.603,
    0.0
  ],
  [
    5.625,
    0.0
  ],
  [
    5.639,
    0.0
  ],
  [
    5.654,
    0.0
  ],
  [
    5.666,
    0.0
  ],
  [
    5.683,
    0.0
  ],
  [
    5.717,
    0.0
  ],
  [
    5.726,
    0.0
  ],
  [
    5.757,
    0.0
  ],
  [
    5.766,
    0.0
  ],
  [
    5.794,
    0.0
  ],
  [
    5.813,
    0.0
  ],
  [
    5.82,
    0.0
  ],
  [
    5.849,
    0.0
  ],
  [
    5.86,
    0.0
  ],
  [
    5.887,
    0.0
  ],
  [
    5.897,
    0.0
  ],
  [
    5.925,
    0.0
  ],
  [
    5.935,
    0.0
  ],
  [
    5.951,
    0.0
  ],
  [
    5.982,
    0.0
  ],
  [
    5.992,
    0.0
  ],
  [
    6.021,
    0.0
  ],
  [
    6.032,
    0.0
  ],
  [
    6.048,
    0.0
  ],
  [
    6.079,
    0.0
  ],
  [
    6.092,
    0.0
  ],
  [
    6.12,
    0.0
  ],
  [
    6.132,
    0.0
  ],
  [
    6.147,
    0.0
  ],
  [
    6.179,
    0.0
  ],
  [
    6.188,
    0.0
  ],
  [
    6.203,
    0.0
  ],
  [
    6.233,
    0.0
  ],
  [
    6.243,
    0.0
  ],
  [
    6.259,
    0.0
  ],
  [
    6.29,
    0.0
  ],
  [
    6.298,
    0.0
  ],
  [
    6.327,
    0.0
  ],
  [
    6.336,
    0.0
  ],
  [
    6.351,
    0.0
  ],
  [
    6.373,
    0.0
  ],
  [
    6.385,
    0.0
  ],
  [
    6.409,
    0.0
  ],
  [
    6.422,
    0.0
  ],
  [
    6.45,
    0.0
  ],
  [
    6.459,
    0.0
  ],
  [
    6.487,
    0.0
  ],
  [
    6.494,
    0.0
  ],
  [
    6.518,
    0.0
  ],
  [
    6.546,
    0.0
  ],
  [
    6.553,
    0.0
  ],
  [
    6.567,
    0.0
  ],
  [
    6.594,
    0.0
  ],
  [
    6.606,
    0.0
  ],
  [
    6.632,
    0.0
  ],
  [
    6.643,
    0.0
  ],
  [
    6.658,
    0.0
  ],
  [
    6.686,
    0.0
  ],
  [
    6.693,
    0.0
  ],
  [
    6.708,
    0.0
  ],
  [
    6.724,
    0.0
  ],
  [
    6.753,
    0.0
  ],
  [
    6.763,
    0.0
  ],
  [
    6.791,
    0.0
  ],
  [
    6.798,
    0.0
  ],
  [
    6.827,
    0.0
  ],
  [
    6.833,
    0.0
  ],
  [
    6.863,
    0.0
  ],
  [
    6.886,
    0.0
  ],
  [
    6.892,
    0.0
  ],
  [
    6.919,
    0.0
  ],
  [
    6.926,
    0.0
  ],
  [
    6.95,
    0.0
  ],
  [
    6.961,
    0.0
  ],
  [
    6.991,
    0.0
  ],
  [
    7.0,
    0.0
  ],
  [
    7.027,
    0.0
  ],
  [
    7.034,
    0.0
  ],
  [
    7.062,
    0.0
  ],
  [
    7.07,
    0.0
  ],
  [
    7.1,
    0.0
  ],
  [
    7.107,
    0.0
  ],
  [
    7.13,
    0.0
  ],
  [
    7.142,
    0.0
  ],
  [
    7.167,
    0.0
  ],
  [
    7.191,
    0.0
  ],
  [
    7.203,
    0.0
  ],
  [
    7.228,
    0.0
  ],
  [
    7.251,
    0.0
  ],
  [
    7.261,
    0.0
  ],
  [
    7.277,
    0.0
  ],
  [
    7.301,
    0.0
  ],
  [
    7.313,
    0.0
  ],
  [
    7.342,
    0.0
  ],
  [
    7.35,
    0.0
  ],
  [
    7.378,
    0.0
  ],
  [
    7.388,
    0.0
  ],
  [
    7.413,
    0.0
  ],
  [
    7.421,
    0.0
  ],
  [
    7.449,
    0.0
  ],
  [
    7.456,
    0.0
  ],
  [
    7.484,
    0.0
  ],
  [
    7.492,
    0.0
  ],
  [
    7.517,
    0.0
  ],
  [
    7.526,
    0.0
  ],
  [
    7.552,
    0.0
  ],
  [
    7.561,
    0.0
  ],
  [
    7.59,
    0.0
  ],
  [
    7.6,
    0.0
  ],
  [
    7.627,
    0.0
  ],
  [
    7.636,
    0.0
  ],
  [
    7.663,
    0.0
  ],
  [
    7.671,
    0.0
  ],
  [
    7.694,
    0.0
  ],
  [
    7.704,
    0.0
  ],
  [
    7.732,
    0.0
  ],
  [
    7.744,
    0.0
  ],
  [
    7.773,
    0.0
  ],
  [
    7.782,
    0.0
  ],
  [
    7.812,
    0.0
  ],
  [
    7.82,
    0.0
  ],
  [
    7.848,
    0.0
  ],
  [
    7.858,
    0.0
  ],
  [
    7.884,
    0.0
  ],
  [
    7.892,
    0.0
  ],
  [
    7.914,
    0.0
  ],
  [
    7.939,
    0.0
  ],
  [
    7.947,
    0.0
  ],
  [
    7.974,
    0.0
  ],
  [
    7.982,
    0.0
  ],
  [
    8.009,
    0.0
  ],
  [
    8.017,
    0.0
  ],
  [
    8.044,
    0.0
  ],
  [
    8.051,
    0.0
  ],
  [
    8.074,
    0.0
  ],
  [
    8.086,
    0.0
  ],
  [
    8.11,
    0.0
  ],
  [
    8.121,
    0.0
  ],
  [
    8.144,
    0.0
  ],
  [
    8.156,
    0.0
  ],
  [
    8.182,
    0.0
  ],
  [
    8.19,
    0.0
  ],
  [
    8.216,
    0.0
  ],
  [
    8.226,
    0.0
  ],
  [
    8.251,
    0.0
  ],
  [
    8.26,
    0.0
  ],
  [
    8.287,
    0.0
  ],
  [
    8.297,
    0.0
  ],
  [
    8.324,
    0.0
  ],
  [
    8.336,
    0.0
  ],
  [
    8.35,
    0.0
  ],
  [
    8.377,
    0.0
  ],
  [
    8.393,
    0.0
  ],
  [
    8.404,
    0.0
  ],
  [
    8.43,
    0.0
  ],
  [
    8.441,
    0.0
  ],
  [
    8.464,
    0.0
  ],
  [
    8.474,
    0.0
  ],
  [
    8.5,
    0.0
  ],
  [
    8.51,
    0.0
  ],
  [
    8.532,
    0.0
  ],
  [
    8.556,
    0.0
  ],
  [
    8.566,
    0.0
  ],
  [
    8.593,
    0.0
  ],
  [
    8.601,
    0.0
  ],
  [
    8.627,
    0.0
  ],
  [
    8.634,
    0.0
  ],
  [
    8.655,
    0.0
  ],
  [
    8.682,
    0.0
  ],
  [
    8.69,
    0.0
  ],
  [
    8.721,
    0.0
  ],
  [
    8.73,
    0.0
  ],
  [
    8.758,
    0.0
  ],
  [
    8.767,
    0.0
  ],
  [
    8.793,
    0.0
  ],
  [
    8.802,
    0.0
  ],
  [
    8.828,
    0.0
  ],
  [
    8.838,
    0.0
  ],
  [
    8.863,
    0.0
  ],
  [
    8.872,
    0.0
  ],
  [
    8.902,
    0.0
  ],
  [
    8.911,
    0.0
  ],
  [
    8.934,
    0.0
  ],
  [
    8.948,
    0.0
  ],
  [
    8.974,
    0.0
  ],
  [
    8.984,
    0.0
  ],
  [
    9.009,
    0.0
  ],
  [
    9.018,
    0.0
  ],
  [
    9.046,
    0.0
  ],
  [
    9.055,
    0.0
  ],
  [
    9.079,
    0.0
  ],
  [
    9.086,
    0.0
  ],
  [
    9.115,
    0.0
  ],
  [
    9.122,
    0.0
  ],
  [
    9.148,
    0.0
  ],
  [
    9.155,
    0.0
  ],
  [
    9.183,
    0.0
  ],
  [
    9.192,
    0.0
  ],
  [
    9.222,
    0.0
  ],
  [
    9.23,
    0.0
  ],
  [
    9.258,
    0.0
  ],
  [
    9.264,
    0.0
  ],
  [
    9.289,
    0.0
  ],
  [
    9.297,
    0.0
  ],
  [
    9.327,
    0.0
  ],
  [
    9.337,
    0.0
  ],
  [
    9.35,
    0.0
  ],
  [
    9.374,
    0.0
  ],
  [
    9.386,
    0.0
  ],
  [
    9.408,
    0.0
  ],
  [
    9.433,
    0.0
  ],
  [
    9.442,
    0.0
  ],
  [
    9.466,
    0.0
  ],
  [
    9.48,
    0.0
  ],
  [
    9.503,
    0.0
  ],
  [
    9.514,
    0.0
  ],
  [
    9.542,
    0.0
  ],
  [
    9.55,
    0.0
  ],
  [
    9.578,
    0.0
  ],
  [
    9.587,
    0.0
  ],
  [
    9.614,
    0.0
  ],
  [
    9.622,
    0.0
  ],
  [
    9.649,
    0.0
  ],
  [
    9.656,
    0.0
  ],
  [
    9.681,
    0.0
  ],
  [
    9.704,
    0.0
  ],
  [
    9.722,
    0.0
  ],
  [
    9.733,
    0.0
  ],
  [
    9.758,
    0.0
  ],
  [
    9.784,
    0.0
  ],
  [
    9.792,
    0.0
  ],
  [
    9.819,
    0.0
  ],
  [
    9.842,
    0.0
  ],
  [
    9.854,
    0.0
  ],
  [
    9.882,
    -2.5325
  ],
  [
    9.889,
    -3.5393
  ],
  [
    9.914,
    -5.4996
  ],
  [
    9.93,
    -6.5344
  ],
  [
    9.938,
    -7.9639
  ],
  [
    9.955,
    -8.976
  ],
  [
    9.983,
    -11.7954
  ],
  [
    9.991,
    -12.7569
  ],
  [
    10.017,
    -14.7575
  ],
  [
    10.025,
    -15.5996
  ],
  [
    10.052,
    -17.8678
  ],
  [
    10.058,
    -18.7222
  ],
  [
    10.085,
    -20.8378
  ],
  [
    10.093,
    -21.7609
  ],
  [
    10.122,
    -24.0117
  ],
  [
    10.129,
    -25.2369
  ],
  [
    10.153,
    -27.0905
  ],
  [
    10.162,
    -27.9745
  ],
  [
    10.187,
    -30.1006
  ],
  [
    10.201,
    -30.9662
  ],
  [
    10.224,
    -33.2423
  ],
  [
    10.245,
    -35.2045
  ],
  [
    10.252,
    -35.8889
  ],
  [
    10.277,
    -35.9029
  ],
  [
    10.286,
    -35.8755
  ],
  [
    10.313,
    -35.871
  ],
  [
    10.327,
    -35.8679
  ],
  [
    10.337,
    -35.8342
  ],
  [
    10.368,
    -35.844
  ],
  [
    10.376,
    -35.8492
  ],
  [
    10.401,
    -35.8466
  ],
  [
    10.421,
    -35.841
  ],
  [
    10.43,
    -35.8273
  ],
  [
    10.458,
    -35.8233
  ],
  [
    10.469,
    -35.8184
  ],
  [
    10.487,
    -35.8028
  ],
  [
    10.501,
    -35.7898
  ],
  [
    10.528,
    -35.7601
  ],
  [
    10.534,
    -35.753
  ],
  [
    10.561,
    -35.7112
  ],
  [
    10.574,
    -35.7147
  ],
  [
    10.582,
    -35.7173
  ],
  [
    10.608,
    -35.7223
  ],
  [
    10.618,
    -35.7201
  ],
  [
    10.646,
    -35.7072
  ],
  [
    10.656,
    -35.7083
  ],
  [
    10.684,
    -35.7082
  ],
  [
    10.693,
    -35.7079
  ],
  [
    10.72,
    -35.6985
  ],
  [
    10.733,
    -35.6944
  ],
  [
    10.758,
    -35.6693
  ],
  [
    10.767,
    -35.6643
  ],
  [
    10.794,
    -35.6587
  ],
  [
    10.803,
    -35.6119
  ],
  [
    10.83,
    -35.6047
  ],
  [
    10.84,
    -35.6021
  ],
  [
    10.866,
    -35.6043
  ],
  [
    10.878,
    -35.5998
  ],
  [
    10.905,
    -35.5906
  ],
  [
    10.912,
    -35.5894
  ],
  [
    10.942,
    -35.5688
  ],
  [
    10.949,
    -35.5717
  ],
  [
    10.973,
    -35.5568
  ],
  [
    10.998,
    -35.5443
  ],
  [
    11.004,
    -35.5405
  ],
  [
    11.031,
    -35.5343
  ],
  [
    11.04,
    -35.52
  ],
  [
    11.067,
    -35.5072
  ],
  [
    11.086,
    -35.513
  ],
  [
    11.094,
    -35.5104
  ],
  [
    11.119,
    -35.482
  ],
  [
    11.127,
    -35.4756
  ],
  [
    11.142,
    -35.4664
  ],
  [
    11.169,
    -35.4661
  ],
  [
    11.177,
    -35.4572
  ],
  [
    11.204,
    -35.4296
  ],
  [
    11.212,
    -35.4094
  ],
  [
    11.241,
    -35.4132
  ],
  [
    11.264,
    -35.415
  ],
  [
    11.275,
    -35.4127
  ],
  [
    11.299,
    -35.4165
  ],
  [
    11.308,
    -35.408
  ],
  [
    11.334,
    -35.4006
  ],
  [
    11.345,
    -35.4017
  ],
  [
    11.371,
    -35.4116
  ],
  [
    11.38,
    -35.4061
  ],
  [
    11.406,
    -35.4008
  ],
  [
    11.425,
    -35.3925
  ],
  [
    11.432,
    -35.3885
  ],
  [
    11.46,
    -35.3921
  ],
  [
    11.468,
    -35.3972
  ],
  [
    11.495,
    -35.3845
  ],
  [
    11.503,
    -35.3778
  ],
  [
    11.53,
    -35.3628
  ],
  [
    11.54,
    -35.3573
  ],
  [
    11.554,
    -35.3551
  ],
  [
    11.578,
    -35.3589
  ],
  [
    11.591,
    -35.3528
  ],
  [
    11.616,
    -35.3473
  ],
  [
    11.626,
    -35.3424
  ],
  [
    11.639,
    -35.3375
  ],
  [
    11.667,
    -35.3419
  ],
  [
    11.676,
    -35.3371
  ],
  [
    11.698,
    -35.3238
  ],
  [
    11.711,
    -35.3155
  ],
  [
    11.738,
    -35.3078
  ],
  [
    11.749,
    -35.3008
  ],
  [
    11.776,
    -35.3042
  ],
  [
    11.784,
    -35.3025
  ],
  [
    11.797,
    -35.2981
  ],
  [
    11.823,
    -35.2948
  ],
  [
    11.829,
    -35.2952
  ],
  [
    11.856,
    -35.3081
  ],
  [
    11.867,
    -35.3073
  ],
  [
    11.894,
    -35.2995
  ],
  [
    11.903,
    -35.2938
  ],
  [
    11.927,
    -35.2807
  ],
  [
    11.94,
    -35.2764
  ],
  [
    11.968,
    -35.2709
  ],
  [
    11.977,
    -35.268
  ],
  [
    12.001,
    -35.2622
  ],
  [
    12.011,
    -35.2552
  ],
  [
    12.035,
    -35.2496
  ],
  [
    12.045,
    -35.2495
  ],
  [
    12.071,
    -35.2536
  ],
  [
    12.081,
    -35.2526
  ],
  [
    12.109,
    -35.2432
  ],
  [
    12.12,
    -35.2388
  ],
  [
    12.143,
    -35.2303
  ],
  [
    12.169,
    -35.2258
  ],
  [
    12.178,
    -35.2281
  ],
  [
    12.209,
    -35.2249
  ],
  [
    12.216,
    -35.2271
  ],
  [
    12.243,
    -35.2232
  ],
  [
    12.25,
    -35.2212
  ],
  [
    12.278,
    -35.2261
  ],
  [
    12.286,
    -35.2228
  ],
  [
    12.313,
    -35.2093
  ],
  [
    12.322,
    -35.2063
  ],
  [
    12.352,
    -35.2046
  ],
  [
    12.358,
    -35.2028
  ],
  [
    12.389,
    -35.197
  ],
  [
    12.397,
    -35.1962
  ],
  [
    12.426,
    -35.2026
  ],
  [
    12.432,
    -35.1988
  ],
  [
    12.46,
    -35.1856
  ],
  [
    12.469,
    -35.1833
  ],
  [
    12.497,
    -35.1825
  ],
  [
    12.504,
    -35.1797
  ],
  [
    12.532,
    -35.1759
  ],
  [
    12.54,
    -35.1721
  ],
  [
    12.567,
    -35.1756
  ],
  [
    12.575,
    -35.1774
  ],
  [
    12.6,
    -35.1761
  ],
  [
    12.611,
    -35.1717
  ],
  [
    12.64,
    -35.1696
  ],
  [
    12.645,
    -35.1693
  ],
  [
    12.672,
    -35.1617
  ],
  [
    12.682,
    -35.1589
  ],
  [
    12.702,
    -35.1623
  ],
  [
    12.731,
    -35.1649
  ],
  [
    12.755,
    -35.1634
  ],
  [
    12.762,
    -35.162
  ],
  [
    12.786,
    -35.1589
  ],
  [
    12.797,
    -35.16
  ],
  [
    12.824,
    -35.1618
  ],
  [
    12.831,
    -35.1604
  ],
  [
    12.858,
    -35.1503
  ],
  [
    12.865,
    -35.1533
  ],
  [
    12.892,
    -35.1496
  ],
  [
    12.899,
    -35.1462
  ],
  [
    12.925,
    -35.139
  ],
  [
    12.934,
    -35.1402
  ],
  [
    12.963,
    -35.1466
  ],
  [
    12.97,
    -35.1426
  ],
  [
    12.998,
    -35.1433
  ],
  [
    13.005,
    -35.1442
  ],
  [
    13.032,
    -35.1339
  ],
  [
    13.052,
    -35.1429
  ],
  [
    13.06,
    -35.1503
  ],
  [
    13.09,
    -35.1428
  ],
  [
    13.099,
    -35.1449
  ],
  [
    13.126,
    -35.1422
  ],
  [
    13.137,
    -35.1444
  ],
  [
    13.15,
    -35.1409
  ],
  [
    13.178,
    -35.1475
  ],
  [
    13.186,
    -35.1463
  ],
  [
    13.214,
    -35.1368
  ],
  [
    13.226,
    -35.137
  ],
  [
    13.25,
    -35.1345
  ],
  [
    13.26,
    -35.1377
  ],
  [
    13.286,
    -35.1463
  ],
  [
    13.293,
    -35.1421
  ],
  [
    13.318,
    -35.1312
  ],
  [
    13.328,
    -35.1287
  ],
  [
    13.355,
    -35.1381
  ],
  [
    13.363,
    -35.1358
  ],
  [
    13.386,
    -35.1281
  ],
  [
    13.402,
    -35.1243
  ],
  [
    13.416,
    -35.1248
  ],
  [
    13.44,
    -35.1355
  ],
  [
    13.45,
    -35.1311
  ],
  [
    13.48,
    -35.1258
  ],
  [
    13.487,
    -35.1274
  ],
  [
    13.516,
    -35.1247
  ],
  [
    13.526,
    -35.129
  ],
  [
    13.548,
    -35.1265
  ],
  [
    13.575,
    -35.1133
  ],
  [
    13.584,
    -35.1137
  ],
  [
    13.598,
    -35.1099
  ],
  [
    13.626,
    -35.1168
  ],
  [
    13.633,
    -35.1153
  ],
  [
    13.662,
    -35.1113
  ],
  [
    13.67,
    -35.109
  ],
  [
    13.698,
    -35.1108
  ],
  [
    13.718,
    -35.1235
  ],
  [
    13.73,
    -35.1332
  ],
  [
    13.758,
    -35.1364
  ],
  [
    13.767,
    -35.1333
  ],
  [
    13.796,
    -35.1273
  ],
  [
    13.804,
    -35.1263
  ],
  [
    13.819,
    -35.1271
  ],
  [
    13.847,
    -35.133
  ],
  [
    13.855,
    -35.1327
  ],
  [
    13.884,
    -35.1213
  ],
  [
    13.894,
    -35.1216
  ],
  [
    13.921,
    -35.1223
  ],
  [
    13.93,
    -35.1168
  ],
  [
    13.954,
    -35.1159
  ],
  [
    13.978,
    -35.1068
  ],
  [
    13.987,
    -35.0997
  ],
  [
    14.016,
    -35.0968
  ],
  [
    14.025,
    -35.0994
  ],
  [
    14.052,
    -35.1017
  ],
  [
    14.063,
    -35.0989
  ],
  [
    14.077,
    -35.0961
  ],
  [
    14.104,
    -35.1113
  ],
  [
    14.114,
    -35.1095
  ],
  [
    14.142,
    -35.1132
  ],
  [
    14.15,
    -35.1085
  ],
  [
    14.178,
    -35.1049
  ],
  [
    14.188,
    -35.1089
  ],
  [
    14.228,
    0.0
  ],
  [
    14.237,
    -1.0108
  ],
  [
    14.265,
    -3.6792
  ],
  [
    14.274,
    -4.9009
  ],
  [
    14.305,
    -7.3616
  ],
  [
    14.311,
    -8.6839
  ],
  [
    14.338,
    -11.1805
  ],
  [
    14.353,
    -12.243
  ],
  [
    14.362,
    -13.6164
  ],
  [
    14.39,
    -16.1798
  ],
  [
    14.399,
    -17.2609
  ],
  [
    14.427,
    -19.7742
  ],
  [
    14.448,
    -21.9765
  ],
  [
    14.456,
    -23.088
  ],
  [
    14.483,
    -25.5968
  ],
  [
    14.494,
    -26.6191
  ],
  [
    14.52,
    -29.3399
  ],
  [
    14.528,
    -30.3256
  ],
  [
    14.556,
    -32.7491
  ],
  [
    14.565,
    -33.7732
  ],
  [
    14.59,
    -36.2249
  ],
  [
    14.597,
    -37.2183
  ],
  [
    14.624,
    -39.6145
  ],
  [
    14.633,
    -40.0
  ],
  [
    14.662,
    -40.0
  ],
  [
    14.669,
    -40.0
  ],
  [
    14.692,
    -40.0
  ],
  [
    14.702,
    -40.0
  ],
  [
    14.732,
    -40.0
  ],
  [
    14.74,
    -40.0
  ],
  [
    14.77,
    -40.0
  ],
  [
    14.779,
    -40.0
  ],
  [
    14.805,
    -40.0
  ],
  [
    14.813,
    -40.0
  ],
  [
    14.842,
    -40.0
  ],
  [
    14.85,
    -40.0
  ],
  [
    14.864,
    -40.0
  ],
  [
    14.892,
    -40.0
  ],
  [
    14.899,
    -40.0
  ],
  [
    14.92,
    -40.0
  ],
  [
    14.933,
    -40.0
  ],
  [
    14.959,
    -40.0
  ],
  [
    14.966,
    -40.0
  ],
  [
    14.994,
    -40.0
  ],
  [
    15.005,
    -40.0
  ],
  [
    15.016,
    -40.0
  ],
  [
    15.041,
    -40.0
  ],
  [
    15.05,
    -40.0
  ],
  [
    15.08,
    -40.0
  ],
  [
    15.088,
    -40.0
  ],
  [
    15.116,
    -40.0
  ],
  [
    15.124,
    -40.0
  ],
  [
    15.15,
    -40.0
  ],
  [
    15.158,
    -40.0
  ],
  [
    15.186,
    -40.0
  ],
  [
    15.194,
    -40.0
  ],
  [
    15.223,
    -40.0
  ],
  [
    15.233,
    -40.0
  ],
  [
    15.247,
    -40.0
  ],
  [
    15.273,
    -38.0
  ],
  [
    15.283,
    -36.0
  ],
  [
    15.306,
    -34.0
  ],
  [
    15.324,
    -32.1422
  ],
  [
    15.333,
    -30.0
  ],
  [
    15.356,
    -28.0
  ],
  [
    15.368,
    -26.0
  ],
  [
    15.394,
    -24.0
  ],
  [
    15.408,
    -22.0
  ],
  [
    15.42,
    -20.0
  ],
  [
    15.447,
    -18.0
  ],
  [
    15.456,
    -16.0
  ],
  [
    15.484,
    -14.0
  ],
  [
    15.493,
    -12.0
  ],
  [
    15.518,
    -10.0
  ],
  [
    15.53,
    -8.0
  ],
  [
    15.546,
    -6.0
  ],
  [
    15.578,
    -4.0
  ],
  [
    15.589,
    -2.0
  ],
  [
    15.603,
    0.0
  ],
  [
    15.634,
    2.794
  ],
  [
    15.643,
    4.0063
  ],
  [
    15.66,
    5.0871
  ],
  [
    15.684,
    7.5233
  ],
  [
    15.693,
    8.3354
  ],
  [
    15.709,
    9.3765
  ],
  [
    15.732,
    11.6308
  ],
  [
    15.741,
    12.544
  ],
  [
    15.765,
    14.2704
  ],
  [
    15.778,
    14.978
  ],
  [
    15.793,
    16.0283
  ],
  [
    15.822,
    18.0461
  ],
  [
    15.828,
    18.7843
  ],
  [
    15.856,
    20.4805
  ],
  [
    15.865,
    21.1787
  ],
  [
    15.888,
    22.7076
  ],
  [
    15.896,
    23.307
  ],
  [
    15.923,
    24.8184
  ],
  [
    15.933,
    25.5816
  ],
  [
    15.96,
    27.1351
  ],
  [
    15.97,
    27.8789
  ],
  [
    15.997,
    29.3517
  ],
  [
    16.006,
    29.7477
  ],
  [
    16.019,
    29.7508
  ],
  [
    16.044,
    29.7491
  ],
  [
    16.054,
    29.7411
  ],
  [
    16.081,
    29.7172
  ],
  [
    16.088,
    29.6901
  ],
  [
    16.117,
    29.6771
  ],
  [
    16.128,
    29.679
  ],
  [
    16.14,
    29.679
  ],
  [
    16.167,
    29.6832
  ],
  [
    16.177,
    29.6827
  ],
  [
    16.204,
    29.6694
  ],
  [
    16.211,
    29.6722
  ],
  [
    16.235,
    29.6744
  ],
  [
    16.26,
    29.6602
  ],
  [
    16.27,
    29.6493
  ],
  [
    16.282,
    29.6378
  ],
  [
    16.309,
    29.6318
  ],
  [
    16.324,
    29.6271
  ],
  [
    16.337,
    29.6201
  ],
  [
    16.362,
    29.6052
  ],
  [
    16.372,
    29.605
  ],
  [
    16.4,
    29.5828
  ],
  [
    16.408,
    29.5835
  ],
  [
    16.436,
    29.5856
  ],
  [
    16.444,
    29.5857
  ],
  [
    16.471,
    29.5877
  ],
  [
    16.48,
    29.5868
  ],
  [
    16.504,
    29.5818
  ],
  [
    16.518,
    29.5811
  ],
  [
    16.533,
    29.5757
  ],
  [
    16.559,
    29.5772
  ],
  [
    16.568,
    29.5749
  ],
  [
    16.594,
    29.5693
  ],
  [
    16.602,
    29.5679
  ],
  [
    16.63,
    29.552
  ],
  [
    16.637,
    29.5532
  ],
  [
    16.665,
    29.5313
  ],
  [
    16.678,
    29.5128
  ],
  [
    16.686,
    29.5074
  ],
  [
    16.723,
    29.511
  ],
  [
    16.734,
    29.5136
  ],
  [
    16.75,
    29.5166
  ],
  [
    16.779,
    29.5205
  ],
  [
    16.787,
    29.5197
  ],
  [
    16.812,
    29.5139
  ],
  [
    16.824,
    29.5062
  ],
  [
    16.851,
    29.5031
  ],
  [
    16.862,
    29.5016
  ],
  [
    16.887,
    29.4945
  ],
  [
    16.9,
    29.4827
  ],
  [
    16.91,
    29.4708
  ],
  [
    16.94,
    29.4733
  ],
  [
    16.948,
    29.4671
  ],
  [
    16.979,
    29.4406
  ],
  [
    16.985,
    29.4312
  ],
  [
    17.024,
    29.4275
  ],
  [
    17.03,
    29.4273
  ],
  [
    17.059,
    29.4329
  ],
  [
    17.067,
    29.4314
  ],
  [
    17.094,
    29.4206
  ],
  [
    17.101,
    29.4202
  ],
  [
    17.12,
    29.4174
  ],
  [
    17.146,
    29.4159
  ],
  [
    17.154,
    29.4012
  ],
  [
    17.168,
    29.4055
  ],
  [
    17.193,
    29.4079
  ],
  [
    17.203,
    29.4026
  ],
  [
    17.229,
    29.3955
  ],
  [
    17.254,
    29.398
  ],
  [
    17.278,
    29.3842
  ],
  [
    17.286,
    29.3814
  ],
  [
    17.312,
    29.3753
  ],
  [
    17.324,
    29.3718
  ],
  [
    17.35,
    29.3756
  ],
  [
    17.358,
    29.3787
  ],
  [
    17.385,
    29.3696
  ],
  [
    17.396,
    29.3725
  ],
  [
    17.418,
    29.3756
  ],
  [
    17.428,
    29.3677
  ],
  [
    17.452,
    29.3538
  ],
  [
    17.464,
    29.3514
  ],
  [
    17.491,
    29.3464
  ],
  [
    17.502,
    29.3444
  ],
  [
    17.532,
    29.3414
  ],
  [
    17.545,
    29.3515
  ],
  [
    17.56,
    29.3526
  ],
  [
    17.577,
    29.3526
  ],
  [
    17.594,
    29.3588
  ],
  [
    17.608,
    29.3647
  ],
  [
    17.636,
    29.3706
  ],
  [
    17.648,
    29.3684
  ],
  [
    17.674,
    29.3609
  ],
  [
    17.681,
    29.3542
  ],
  [
    17.703,
    29.3404
  ],
  [
    17.736,
    29.3402
  ],
  [
    17.743,
    29.3424
  ],
  [
    17.77,
    29.3425
  ],
  [
    17.78,
    29.3361
  ],
  [
    17.808,
    29.3323
  ],
  [
    17.814,
    29.3289
  ],
  [
    17.843,
    29.3185
  ],
  [
    17.851,
    29.3176
  ],
  [
    17.88,
    29.3106
  ],
  [
    17.893,
    29.3116
  ],
  [
    17.917,
    29.3101
  ],
  [
    17.926,
    29.3131
  ],
  [
    17.942,
    29.3175
  ],
  [
    17.959,
    29.3754
  ],
  [
    17.984,
    29.6822
  ],
  [
    17.992,
    29.7896
  ],
  [
    18.019,
    29.7942
  ],
  [
    18.046,
    29.7942
  ],
  [
    18.055,
    29.7942
  ],
  [
    18.082,
    29.7942
  ],
  [
    18.104,
    29.7942
  ],
  [
    18.124,
    29.7942
  ],
  [
    18.15,
    29.7942
  ],
  [
    18.16,
    29.7942
  ],
  [
    18.186,
    29.7942
  ],
  [
    18.195,
    29.7942
  ],
  [
    18.214,
    29.7942
  ],
  [
    18.226,
    29.7942
  ],
  [
    18.26,
    29.7942
  ],
  [
    18.266,
    29.7942
  ],
  [
    18.292,
    29.7942
  ],
  [
    18.302,
    29.7942
  ],
  [
    18.33,
    29.7942
  ],
  [
    18.336,
    29.7942
  ],
  [
    18.362,
    29.7942
  ],
  [
    18.373,
    29.7942
  ],
  [
    18.4,
    29.7943
  ],
  [
    18.408,
    29.7943
  ],
  [
    18.422,
    29.7943
  ],
  [
    18.449,
    29.7943
  ],
  [
    18.459,
    29.7943
  ],
  [
    18.484,
    29.7943
  ],
  [
    18.495,
    29.7943
  ],
  [
    18.523,
    29.7943
  ],
  [
    18.53,
    29.7943
  ],
  [
    18.558,
    29.7943
  ],
  [
    18.565,
    29.7943
  ],
  [
    18.588,
    29.7943
  ],
  [
    18.614,
    29.7943
  ],
  [
    18.634,
    29.7943
  ],
  [
    18.645,
    29.7943
  ],
  [
    18.674,
    29.7943
  ],
  [
    18.684,
    29.7943
  ],
  [
    18.712,
    29.7943
  ],
  [
    18.72,
    29.7943
  ],
  [
    18.747,
    29.7943
  ],
  [
    18.756,
    29.7943
  ],
  [
    18.77,
    29.7943
  ],
  [
    18.801,
    29.7943
  ],
  [
    18.81,
    29.7943
  ],
  [
    18.835,
    29.7943
  ],
  [
    18.85,
    29.7943
  ],
  [
    18.875,
    29.7943
  ],
  [
    18.884,
    29.7943
  ],
  [
    18.913,
    29.7943
  ],
  [
    18.92,
    28.573
  ],
  [
    18.947,
    25.4449
  ],
  [
    18.957,
    24.2667
  ],
  [
    18.984,
    20.7367
  ],
  [
    18.992,
    19.4467
  ],
  [
    19.02,
    15.8948
  ],
  [
    19.026,
    14.3046
  ],
  [
    19.049,
    10.7288
  ],
  [
    19.077,
    6.7233
  ],
  [
    19.084,
    4.7726
  ],
  [
    19.109,
    0.0101
  ],
  [
    19.136,
    -2.8175
  ],
  [
    19.146,
    -3.9656
  ],
  [
    19.161,
    -5.3331
  ],
  [
    19.175,
    -6.8307
  ],
  [
    19.202,
    -9.3769
  ],
  [
    19.21,
    -10.584
  ],
  [
    19.237,
    -13.0452
  ],
  [
    19.246,
    -14.1001
  ],
  [
    19.277,
    -16.7606
  ],
  [
    19.285,
    -18.0277
  ],
  [
    19.312,
    -20.6043
  ],
  [
    19.319,
    -21.6559
  ],
  [
    19.344,
    -23.7393
  ],
  [
    19.353,
    -24.9537
  ],
  [
    19.368,
    -26.0505
  ],
  [
    19.394,
    -28.8269
  ],
  [
    19.418,
    -30.9254
  ],
  [
    19.428,
    -32.1779
  ],
  [
    19.442,
    -33.5421
  ],
  [
    19.471,
    -36.3032
  ],
  [
    19.481,
    -37.5328
  ],
  [
    19.503,
    -40.0
  ],
  [
    19.529,
    -40.0
  ],
  [
    19.538,
    -40.0
  ],
  [
    19.551,
    -40.0
  ],
  [
    19.579,
    -40.0
  ],
  [
    19.588,
    -40.0
  ],
  [
    19.616,
    -40.0
  ],
  [
    19.626,
    -40.0
  ],
  [
    19.65,
    -40.0
  ],
  [
    19.66,
    -40.0
  ],
  [
    19.69,
    -40.0
  ],
  [
    19.698,
    -40.0
  ],
  [
    19.723,
    -40.0
  ],
  [
    19.735,
    -40.0
  ],
  [
    19.76,
    -40.0
  ],
  [
    19.769,
    -40.0
  ],
  [
    19.784,
    -40.0
  ],
  [
    19.816,
    -40.0
  ],
  [
    19.824,
    -40.0
  ],
  [
    19.84,
    -40.0
  ],
  [
    19.868,
    -40.0
  ],
  [
    19.878,
    -40.0
  ],
  [
    19.907,
    -40.0
  ],
  [
    19.916,
    -39.9906
  ],
  [
    19.946,
    -39.9875
  ],
  [
    19.955,
    -39.984
  ],
  [
    19.986,
    -39.9828
  ],
  [
    19.995,
    -39.9848
  ],
  [
    20.024,
    -39.9795
  ],
  [
    20.034,
    -39.9843
  ],
  [
    20.064,
    -39.9748
  ],
  [
    20.077,
    -39.9755
  ],
  [
    20.107,
    -39.9817
  ],
  [
    20.114,
    -39.9836
  ],
  [
    20.128,
    -39.9823
  ],
  [
    20.16,
    -39.9564
  ],
  [
    20.17,
    -39.943
  ],
  [
    20.198,
    -39.9451
  ],
  [
    20.217,
    -39.9381
  ],
  [
    20.226,
    -39.9285
  ],
  [
    20.242,
    -39.9086
  ],
  [
    20.276,
    -39.89
  ],
  [
    20.286,
    -39.885
  ],
  [
    20.316,
    -39.854
  ],
  [
    20.327,
    -39.8564
  ],
  [
    20.342,
    -39.8641
  ],
  [
    20.371,
    -39.8158
  ],
  [
    20.383,
    -39.8028
  ],
  [
    20.397,
    -39.8017
  ],
  [
    20.43,
    -39.7958
  ],
  [
    20.441,
    -39.7767
  ],
  [
    20.453,
    -39.7784
  ],
  [
    20.467,
    -39.7735
  ],
  [
    20.516,
    -39.7593
  ],
  [
    20.524,
    -39.731
  ],
  [
    20.538,
    -39.7338
  ],
  [
    20.569,
    -39.7135
  ],
  [
    20.579,
    -39.7071
  ],
  [
    20.608,
    -39.6858
  ],
  [
    20.62,
    -39.6699
  ],
  [
    20.646,
    -39.6529
  ],
  [
    20.658,
    -39.6482
  ],
  [
    20.684,
    -39.6381
  ],
  [
    20.699,
    -39.6273
  ],
  [
    20.713,
    -39.6145
  ],
  [
    20.743,
    -39.5964
  ],
  [
    20.752,
    -39.5833
  ],
  [
    20.766,
    -39.5739
  ],
  [
    20.8,
    -39.5504
  ],
  [
    20.814,
    -39.5481
  ],
  [
    20.828,
    -39.5318
  ],
  [
    20.843,
    -39.5412
  ],
  [
    20.871,
    -39.5164
  ],
  [
    20.882,
    -39.5095
  ],
  [
    20.896,
    -39.5005
  ],
  [
    20.928,
    -39.4799
  ],
  [
    20.937,
    -39.473
  ],
  [
    20.953,
    -39.4583
  ],
  [
    20.972,
    -39.4516
  ],
  [
    20.984,
    -39.4412
  ],
  [
    21.013,
    -39.4266
  ],
  [
    21.024,
    -39.4209
  ],
  [
    21.039,
    -39.4286
  ],
  [
    21.067,
    -39.773
  ],
  [
    21.078,
    -39.9747
  ],
  [
    21.103,
    -39.9998
  ],
  [
    21.116,
    -39.9999
  ],
  [
    21.144,
    -39.9999
  ],
  [
    21.153,
    -40.0
  ],
  [
    21.167,
    -40.0
  ],
  [
    21.197,
    -40.0
  ],
  [
    21.221,
    -40.0
  ],
  [
    21.23,
    -40.0
  ],
  [
    21.258,
    -40.0
  ],
  [
    21.27,
    -40.0
  ],
  [
    21.294,
    -40.0
  ],
  [
    21.303,
    -40.0
  ],
  [
    21.332,
    -40.0
  ],
  [
    21.34,
    -40.0
  ],
  [
    21.354,
    -40.0
  ],
  [
    21.382,
    -40.0
  ],
  [
    21.392,
    -40.0
  ],
  [
    21.419,
    -40.0
  ],
  [
    21.426,
    -40.0
  ],
  [
    21.44,
    -40.0
  ],
  [
    21.466,
    -40.0
  ],
  [
    21.477,
    -40.0
  ],
  [
    21.505,
    -40.0
  ],
  [
    21.515,
    -40.0
  ],
  [
    21.538,
    -40.0
  ],
  [
    21.55,
    -40.0
  ],
  [
    21.58,
    -40.0
  ],
  [
    21.589,
    -40.0
  ],
  [
    21.617,
    -40.0
  ],
  [
    21.626,
    -40.0
  ],
  [
    21.654,
    -40.0
  ],
  [
    21.662,
    -40.0
  ],
  [
    21.69,
    -40.0
  ],
  [
    21.697,
    -40.0
  ],
  [
    21.724,
    -40.0
  ],
  [
    21.733,
    -40.0
  ],
  [
    21.76,
    -40.0
  ],
  [
    21.768,
    -40.0
  ],
  [
    21.797,
    -40.0
  ],
  [
    21.806,
    -40.0
  ],
  [
    21.833,
    -40.0
  ],
  [
    21.844,
    -40.0
  ],
  [
    21.857,
    -40.0
  ],
  [
    21.884,
    -40.0
  ],
  [
    21.892,
    -40.0
  ],
  [
    21.907,
    -40.0
  ],
  [
    21.929,
    -40.0
  ],
  [
    21.943,
    -40.0
  ],
  [
    21.97,
    -40.0
  ],
  [
    21.982,
    -40.0
  ],
  [
    22.008,
    -40.0
  ],
  [
    22.017,
    -40.0
  ],
  [
    22.046,
    -40.0
  ],
  [
    22.059,
    -37.3979
  ],
  [
    22.068,
    -34.8749
  ],
  [
    22.098,
    -29.263
  ],
  [
    22.108,
    -27.3792
  ],
  [
    22.134,
    -22.0127
  ],
  [
    22.144,
    -20.0105
  ],
  [
    22.174,
    -13.9998
  ],
  [
    22.182,
    -11.7059
  ],
  [
    22.203,
    -7.0345
  ],
  [
    22.23,
    -2.7687
  ],
  [
    22.24,
    -0.6116
  ],
  [
    22.253,
    1.2687
  ],
  [
    22.28,
    3.8719
  ],
  [
    22.29,
    4.8816
  ],
  [
    22.317,
    7.0901
  ],
  [
    22.325,
    8.0961
  ],
  [
    22.353,
    10.0662
  ],
  [
    22.364,
    10.9851
  ],
  [
    22.378,
    12.1983
  ],
  [
    22.404,
    14.2365
  ],
  [
    22.428,
    15.8203
  ],
  [
    22.436,
    16.6741
  ],
  [
    22.45,
    17.5522
  ],
  [
    22.48,
    19.558
  ],
  [
    22.488,
    20.2756
  ],
  [
    22.516,
    21.9557
  ],
  [
    22.524,
    22.654
  ],
  [
    22.54,
    23.485
  ],
  [
    22.571,
    25.2074
  ],
  [
    22.579,
    26.1438
  ],
  [
    22.605,
    27.6829
  ],
  [
    22.613,
    28.3034
  ],
  [
    22.64,
    29.7041
  ],
  [
    22.651,
    29.6756
  ],
  [
    22.663,
    29.6721
  ],
  [
    22.692,
    29.6734
  ],
  [
    22.698,
    29.6484
  ],
  [
    22.725,
    29.6363
  ],
  [
    22.735,
    29.6374
  ],
  [
    22.766,
    29.6375
  ],
  [
    22.776,
    29.6308
  ],
  [
    22.799,
    29.6038
  ],
  [
    22.812,
    29.5876
  ],
  [
    22.838,
    29.5807
  ],
  [
    22.852,
    29.5824
  ],
  [
    22.878,
    29.5821
  ],
  [
    22.887,
    29.58
  ],
  [
    22.913,
    29.5821
  ],
  [
    22.924,
    29.5838
  ],
  [
    22.952,
    29.5851
  ],
  [
    22.961,
    29.5859
  ],
  [
    22.989,
    29.5869
  ],
  [
    23.009,
    29.5794
  ],
  [
    23.017,
    29.5632
  ],
  [
    23.046,
    29.5259
  ],
  [
    23.053,
    29.5239
  ],
  [
    23.078,
    29.5264
  ],
  [
    23.086,
    29.5139
  ],
  [
    23.114,
    29.5081
  ],
  [
    23.123,
    29.5079
  ],
  [
    23.15,
    29.5147
  ],
  [
    23.158,
    29.5147
  ],
  [
    23.186,
    29.4957
  ],
  [
    23.192,
    29.496
  ],
  [
    23.216,
    29.4893
  ],
  [
    23.229,
    29.4871
  ],
  [
    23.255,
    29.4865
  ],
  [
    23.264,
    29.4882
  ],
  [
    23.294,
    29.4634
  ],
  [
    23.305,
    29.449
  ],
  [
    23.329,
    29.453
  ],
  [
    23.339,
    29.4519
  ],
  [
    23.363,
    29.6295
  ],
  [
    23.388,
    29.7894
  ],
  [
    23.398,
    29.7942
  ],
  [
    23.423,
    29.7942
  ],
  [
    23.432,
    29.7942
  ],
  [
    23.458,
    29.7942
  ],
  [
    23.47,
    29.7942
  ],
  [
    23.501,
    29.7943
  ],
  [
    23.51,
    29.7943
  ],
  [
    23.536,
    29.7942
  ],
  [
    23.546,
    29.7942
  ],
  [
    23.573,
    29.7942
  ],
  [
    23.597,
    29.7942
  ],
  [
    23.606,
    29.7942
  ],
  [
    23.634,
    29.7942
  ],
  [
    23.642,
    29.7942
  ],
  [
    23.665,
    29.7943
  ],
  [
    23.678,
    29.7943
  ],
  [
    23.69,
    29.7943
  ],
  [
    23.716,
    29.7943
  ],
  [
    23.744,
    29.7943
  ],
  [
    23.774,
    29.7943
  ],
  [
    23.784,
    29.7943
  ],
  [
    23.799,
    29.7943
  ],
  [
    23.814,
    29.7943
  ],
  [
    23.842,
    29.7943
  ],
  [
    23.851,
    29.7943
  ],
  [
    23.878,
    29.7943
  ],
  [
    23.894,
    29.7943
  ],
  [
    23.903,
    29.7943
  ],
  [
    23.93,
    29.7943
  ],
  [
    23.94,
    29.7943
  ],
  [
    23.967,
    29.7943
  ],
  [
    23.975,
    29.7943
  ],
  [
    24.002,
    29.7943
  ],
  [
    24.01,
    29.7943
  ],
  [
    24.039,
    29.7943
  ],
  [
    24.046,
    29.7943
  ],
  [
    24.071,
    29.7943
  ],
  [
    24.09,
    29.7943
  ],
  [
    24.099,
    29.7943
  ],
  [
    24.126,
    29.7943
  ],
  [
    24.134,
    29.7943
  ],
  [
    24.163,
    29.7943
  ],
  [
    24.17,
    29.7943
  ],
  [
    24.19,
    29.7943
  ],
  [
    24.215,
    29.7943
  ],
  [
    24.224,
    29.7943
  ],
  [
    24.239,
    29.7943
  ],
  [
    24.268,
    29.7943
  ],
  [
    24.277,
    29.7943
  ],
  [
    24.292,
    29.7943
  ],
  [
    24.308,
    29.7943
  ],
  [
    24.334,
    29.7943
  ],
  [
    24.342,
    29.7943
  ],
  [
    24.37,
    29.7943
  ],
  [
    24.38,
    28.4887
  ],
  [
    24.41,
    25.1792
  ],
  [
    24.433,
    22.0659
  ],
  [
    24.442,
    20.7611
  ],
  [
    24.473,
    16.7379
  ],
  [
    24.502,
    14.9391
  ],
  [
    24.514,
    10.1716
  ],
  [
    24.529,
    7.8433
  ],
  [
    24.559,
    2.6993
  ],
  [
    24.571,
    -0.1082
  ],
  [
    24.598,
    -2.8479
  ],
  [
    24.618,
    -4.068
  ],
  [
    24.629,
    -5.9371
  ],
  [
    24.646,
    -7.3769
  ],
  [
    24.677,
    -10.5326
  ],
  [
    24.686,
    -11.7219
  ],
  [
    24.706,
    -13.0369
  ],
  [
    24.73,
    -16.0829
  ],
  [
    24.74,
    -17.21
  ],
  [
    24.766,
    -19.5911
  ],
  [
    24.775,
    -20.7507
  ],
  [
    24.802,
    -23.051
  ],
  [
    24.812,
    -24.3679
  ],
  [
    24.838,
    -26.8104
  ],
  [
    24.848,
    -27.9781
  ],
  [
    24.878,
    -30.7055
  ],
  [
    24.886,
    -31.8523
  ],
  [
    24.906,
    -33.1164
  ],
  [
    24.929,
    -36.0055
  ],
  [
    24.938,
    -37.0602
  ],
  [
    24.967,
    -39.4811
  ],
  [
    24.974,
    -40.0
  ],
  [
    25.004,
    -40.0
  ],
  [
    25.013,
    -40.0
  ],
  [
    25.054,
    -40.0
  ],
  [
    25.061,
    -40.0
  ],
  [
    25.078,
    -40.0
  ],
  [
    25.094,
    -40.0
  ],
  [
    25.115,
    -40.0
  ],
  [
    25.132,
    -40.0
  ],
  [
    25.15,
    -40.0
  ],
  [
    25.176,
    -40.0
  ],
  [
    25.186,
    -40.0
  ],
  [
    25.207,
    -40.0
  ],
  [
    25.226,
    -40.0
  ],
  [
    25.243,
    -40.0
  ],
  [
    25.26,
    -40.0
  ],
  [
    25.276,
    -40.0
  ],
  [
    25.293,
    -40.0
  ],
  [
    25.319,
    -40.0
  ],
  [
    25.338,
    -40.0
  ],
  [
    25.362,
    -40.0
  ],
  [
    25.388,
    -39.966
  ],
  [
    25.406,
    -39.9883
  ],
  [
    25.419,
    -39.9813
  ],
  [
    25.439,
    -39.9767
  ],
  [
    25.456,
    -39.974
  ],
  [
    25.476,
    -39.9798
  ],
  [
    25.514,
    -39.9715
  ],
  [
    25.525,
    -39.9787
  ],
  [
    25.552,
    -39.9756
  ],
  [
    25.566,
    -39.9654
  ],
  [
    25.584,
    -39.9829
  ],
  [
    25.605,
    -39.9781
  ],
  [
    25.631,
    -39.9771
  ],
  [
    25.65,
    -39.9811
  ],
  [
    25.669,
    -39.9642
  ],
  [
    25.679,
    -39.9477
  ],
  [
    25.719,
    -39.9252
  ],
  [
    25.725,
    -39.8845
  ],
  [
    25.752,
    -39.884
  ],
  [
    25.76,
    -39.8561
  ],
  [
    25.774,
    -39.8495
  ],
  [
    25.81,
    -39.8356
  ],
  [
    25.817,
    -39.8259
  ],
  [
    25.848,
    -39.8115
  ],
  [
    25.86,
    -39.8192
  ],
  [
    25.869,
    -39.8163
  ],
  [
    25.898,
    -39.7936
  ],
  [
    25.906,
    -39.7794
  ],
  [
    25.931,
    -39.7534
  ],
  [
    25.94,
    -39.7466
  ],
  [
    25.967,
    -39.7246
  ],
  [
    25.976,
    -39.717
  ],
  [
    25.999,
    -39.7023
  ],
  [
    26.012,
    -39.712
  ],
  [
    26.03,
    -39.6971
  ],
  [
    26.056,
    -39.6722
  ],
  [
    26.065,
    -39.6649
  ],
  [
    26.09,
    -39.6492
  ],
  [
    26.101,
    -39.6423
  ],
  [
    26.13,
    -39.6319
  ],
  [
    26.139,
    -39.6297
  ],
  [
    26.155,
    -39.6194
  ],
  [
    26.183,
    -39.6113
  ],
  [
    26.192,
    -39.6008
  ],
  [
    26.204,
    -39.6039
  ],
  [
    26.227,
    -39.5844
  ],
  [
    26.246,
    -39.5716
  ],
  [
    26.258,
    -39.5815
  ],
  [
    26.286,
    -39.5551
  ],
  [
    26.295,
    -39.5179
  ],
  [
    26.311,
    -39.5138
  ],
  [
    26.337,
    -39.4973
  ],
  [
    26.347,
    -39.518
  ],
  [
    26.371,
    -39.4917
  ],
  [
    26.381,
    -39.4887
  ],
  [
    26.396,
    -39.4794
  ],
  [
    26.427,
    -39.7147
  ],
  [
    26.436,
    -39.9447
  ],
  [
    26.461,
    -39.9999
  ],
  [
    26.469,
    -39.9999
  ],
  [
    26.497,
    -39.9999
  ],
  [
    26.508,
    -40.0
  ],
  [
    26.535,
    -40.0
  ],
  [
    26.545,
    -40.0
  ],
  [
    26.582,
    -40.0
  ],
  [
    26.591,
    -40.0
  ],
  [
    26.61,
    -40.0
  ],
  [
    26.629,
    -40.0
  ],
  [
    26.654,
    -40.0
  ],
  [
    26.668,
    -40.0
  ],
  [
    26.694,
    -40.0
  ],
  [
    26.708,
    -40.0
  ],
  [
    26.726,
    -40.0
  ],
  [
    26.744,
    -40.0
  ],
  [
    26.759,
    -40.0
  ],
  [
    26.772,
    -40.0
  ],
  [
    26.793,
    -40.0
  ],
  [
    26.808,
    -40.0
  ],
  [
    26.824,
    -40.0
  ],
  [
    26.838,
    -40.0
  ],
  [
    26.856,
    -40.0
  ],
  [
    26.872,
    -40.0
  ],
  [
    26.899,
    -40.0
  ],
  [
    26.91,
    -40.0
  ],
  [
    26.939,
    -40.0
  ],
  [
    26.946,
    -40.0
  ],
  [
    26.972,
    -40.0
  ],
  [
    26.982,
    -40.0
  ],
  [
    27.007,
    -40.0
  ],
  [
    27.016,
    -40.0
  ],
  [
    27.029,
    -40.0
  ],
  [
    27.059,
    -40.0
  ],
  [
    27.064,
    -40.0
  ],
  [
    27.086,
    -40.0
  ],
  [
    27.115,
    -40.0
  ],
  [
    27.122,
    -40.0
  ],
  [
    27.136,
    -40.0
  ],
  [
    27.165,
    -40.0
  ],
  [
    27.177,
    -40.0
  ],
  [
    27.202,
    -40.0
  ],
  [
    27.233,
    -40.0
  ],
  [
    27.241,
    -40.0
  ],
  [
    27.269,
    -40.0
  ],
  [
    27.278,
    -40.0
  ],
  [
    27.307,
    -40.0
  ],
  [
    27.316,
    -40.0
  ],
  [
    27.346,
    -40.0
  ],
  [
    27.354,
    -40.0
  ],
  [
    27.37,
    -40.0
  ],
  [
    27.397,
    -40.0
  ],
  [
    27.42,
    -36.0175
  ],
  [
    27.43,
    -33.5914
  ],
  [
    27.442,
    -30.8832
  ],
  [
    27.472,
    -25.4524
  ],
  [
    27.48,
    -23.2169
  ],
  [
    27.51,
    -17.7248
  ],
  [
    27.52,
    -15.4125
  ],
  [
    27.564,
    -10.0716
  ],
  [
    27.577,
    -4.6583
  ],
  [
    27.586,
    -2.0728
  ],
  [
    27.615,
    1.7128
  ],
  [
    27.623,
    2.7777
  ],
  [
    27.648,
    5.0005
  ],
  [
    27.66,
    5.8549
  ],
  [
    27.675,
    7.243
  ],
  [
    27.701,
    9.491
  ],
  [
    27.712,
    10.3676
  ],
  [
    27.736,
    12.2772
  ],
  [
    27.747,
    13.2832
  ],
  [
    27.774,
    15.201
  ],
  [
    27.782,
    16.0102
  ],
  [
    27.81,
    17.7102
  ],
  [
    27.818,
    18.5375
  ],
  [
    27.848,
    20.2328
  ],
  [
    27.858,
    21.1047
  ],
  [
    27.872,
    21.9676
  ],
  [
    27.898,
    23.7395
  ],
  [
    27.912,
    24.4846
  ],
  [
    27.941,
    26.2808
  ],
  [
    27.963,
    27.6649
  ],
  [
    27.973,
    28.3932
  ],
  [
    28.003,
    29.6721
  ],
  [
    28.011,
    29.6539
  ],
  [
    28.038,
    29.6321
  ],
  [
    28.052,
    29.612
  ],
  [
    28.077,
    29.6009
  ],
  [
    28.084,
    29.6033
  ],
  [
    28.11,
    29.6071
  ],
  [
    28.12,
    29.6086
  ],
  [
    28.148,
    29.6099
  ],
  [
    28.159,
    29.6103
  ],
  [
    28.188,
    29.6133
  ],
  [
    28.196,
    29.6115
  ],
  [
    28.223,
    29.6069
  ],
  [
    28.231,
    29.6066
  ],
  [
    28.258,
    29.5984
  ],
  [
    28.266,
    29.5958
  ],
  [
    28.294,
    29.5916
  ],
  [
    28.304,
    29.5929
  ],
  [
    28.331,
    29.5928
  ],
  [
    28.34,
    29.5865
  ],
  [
    28.363,
    29.5519
  ],
  [
    28.391,
    29.5461
  ],
  [
    28.399,
    29.5463
  ],
  [
    28.414,
    29.5416
  ],
  [
    28.444,
    29.5439
  ],
  [
    28.452,
    29.5431
  ],
  [
    28.477,
    29.5371
  ],
  [
    28.49,
    29.5368
  ],
  [
    28.52,
    29.5317
  ],
  [
    28.53,
    29.5308
  ],
  [
    28.544,
    29.5173
  ],
  [
    28.576,
    29.5122
  ],
  [
    28.584,
    29.5118
  ],
  [
    28.61,
    29.5092
  ],
  [
    28.62,
    29.5046
  ],
  [
    28.631,
    29.5081
  ],
  [
    28.648,
    29.6103
  ],
  [
    28.675,
    29.794
  ],
  [
    28.684,
    29.7942
  ],
  [
    28.715,
    29.7942
  ],
  [
    28.724,
    29.7942
  ],
  [
    28.751,
    29.7942
  ],
  [
    28.762,
    29.7942
  ],
  [
    28.791,
    29.7943
  ],
  [
    28.802,
    29.7943
  ],
  [
    28.829,
    29.7943
  ],
  [
    28.838,
    29.7943
  ],
  [
    28.867,
    29.7943
  ],
  [
    28.881,
    29.7943
  ],
  [
    28.889,
    29.7943
  ],
  [
    28.917,
    29.7943
  ],
  [
    28.926,
    29.7943
  ],
  [
    28.955,
    29.7943
  ],
  [
    28.964,
    29.7943
  ],
  [
    28.989,
    29.7943
  ],
  [
    28.998,
    29.7943
  ],
  [
    29.028,
    29.7943
  ],
  [
    29.038,
    29.7943
  ],
  [
    29.066,
    29.7943
  ],
  [
    29.079,
    29.7943
  ],
  [
    29.088,
    29.7943
  ],
  [
    29.12,
    29.7943
  ],
  [
    29.143,
    29.7943
  ],
  [
    29.15,
    29.7943
  ],
  [
    29.166,
    29.7943
  ],
  [
    29.193,
    29.7943
  ],
  [
    29.204,
    29.7943
  ],
  [
    29.233,
    29.7943
  ],
  [
    29.242,
    29.7943
  ],
  [
    29.27,
    29.7943
  ],
  [
    29.28,
    29.7943
  ],
  [
    29.295,
    29.7943
  ],
  [
    29.316,
    29.7943
  ],
  [
    29.329,
    29.7943
  ],
  [
    29.345,
    29.7943
  ],
  [
    29.371,
    29.7943
  ],
  [
    29.385,
    29.7943
  ],
  [
    29.403,
    29.7943
  ],
  [
    29.414,
    29.7943
  ],
  [
    29.44,
    29.7943
  ],
  [
    29.452,
    29.7943
  ],
  [
    29.479,
    29.7943
  ],
  [
    29.486,
    29.7943
  ],
  [
    29.516,
    29.7943
  ],
  [
    29.526,
    29.7943
  ],
  [
    29.54,
    29.7943
  ],
  [
    29.569,
    29.7943
  ],
  [
    29.578,
    29.7943
  ],
  [
    29.59,
    29.7943
  ],
  [
    29.608,
    29.7943
  ],
  [
    29.636,
    29.7943
  ],
  [
    29.646,
    29.7943
  ],
  [
    29.674,
    26.4788
  ],
  [
    29.683,
    25.1588
  ],
  [
    29.709,
    21.6942
  ],
  [
    29.736,
    18.4415
  ],
  [
    29.746,
    16.764
  ],
  [
    29.775,
    12.9793
  ],
  [
    29.784,
    10.9485
  ],
  [
    29.797,
    8.7606
  ],
  [
    29.827,
    3.6679
  ],
  [
    29.835,
    1.8581
  ],
  [
    29.862,
    -2.0015
  ],
  [
    29.872,
    -3.0332
  ],
  [
    29.902,
    -5.7102
  ],
  [
    29.913,
    -6.9349
  ],
  [
    29.942,
    -9.8008
  ],
  [
    29.949,
    -11.0226
  ],
  [
    29.976,
    -13.2948
  ],
  [
    29.983,
    -14.3719
  ],
  [
    30.0,
    -15.4571
  ],
  [
    30.015,
    -17.0988
  ],
  [
    30.039,
    -19.8597
  ],
  [
    30.05,
    -21.0015
  ],
  [
    30.081,
    -23.5914
  ],
  [
    30.088,
    -24.8199
  ],
  [
    30.102,
    -26.0036
  ],
  [
    30.128,
    -28.6403
  ],
  [
    30.139,
    -29.7278
  ],
  [
    30.168,
    -32.1868
  ],
  [
    30.177,
    -33.5981
  ],
  [
    30.207,
    -36.1772
  ],
  [
    30.232,
    -38.5265
  ],
  [
    30.241,
    -39.8444
  ],
  [
    30.271,
    -40.0
  ],
  [
    30.279,
    -40.0
  ],
  [
    30.309,
    -40.0
  ],
  [
    30.317,
    -40.0
  ],
  [
    30.343,
    -40.0
  ],
  [
    30.352,
    -40.0
  ],
  [
    30.381,
    -40.0
  ],
  [
    30.406,
    -40.0
  ],
  [
    30.414,
    -40.0
  ],
  [
    30.441,
    -40.0
  ],
  [
    30.45,
    -40.0
  ],
  [
    30.466,
    -40.0
  ],
  [
    30.494,
    -40.0
  ],
  [
    30.504,
    -40.0
  ],
  [
    30.528,
    -40.0
  ],
  [
    30.54,
    -40.0
  ],
  [
    30.568,
    -40.0
  ],
  [
    30.575,
    -40.0
  ],
  [
    30.605,
    -40.0
  ],
  [
    30.613,
    -40.0
  ],
  [
    30.64,
    -40.0
  ],
  [
    30.65,
    -39.9932
  ],
  [
    30.68,
    -39.9805
  ],
  [
    30.692,
    -39.9906
  ],
  [
    30.715,
    -39.9885
  ],
  [
    30.724,
    -39.9873
  ],
  [
    30.753,
    -39.9798
  ],
  [
    30.762,
    -39.9855
  ],
  [
    30.778,
    -39.9767
  ],
  [
    30.806,
    -39.9798
  ],
  [
    30.814,
    -39.9735
  ],
  [
    30.829,
    -39.9711
  ],
  [
    30.857,
    -39.9647
  ],
  [
    30.868,
    -39.9732
  ],
  [
    30.894,
    -39.9559
  ],
  [
    30.91,
    -39.9444
  ],
  [
    30.919,
    -39.945
  ],
  [
    30.934,
    -39.9311
  ],
  [
    30.963,
    -39.9331
  ],
  [
    30.974,
    -39.9109
  ],
  [
    31.0,
    -39.8829
  ],
  [
    31.012,
    -39.8905
  ],
  [
    31.039,
    -39.8831
  ],
  [
    31.063,
    -39.8395
  ],
  [
    31.071,
    -39.8396
  ],
  [
    31.085,
    -39.8349
  ],
  [
    31.116,
    -39.8113
  ],
  [
    31.125,
    -39.8048
  ],
  [
    31.152,
    -39.7932
  ],
  [
    31.163,
    -39.7915
  ],
  [
    31.188,
    -39.7697
  ],
  [
    31.195,
    -39.763
  ],
  [
    31.221,
    -39.751
  ],
  [
    31.231,
    -39.7487
  ],
  [
    31.256,
    -39.7271
  ],
  [
    31.271,
    -39.7213
  ],
  [
    31.294,
    -39.7091
  ],
  [
    31.308,
    -39.7028
  ],
  [
    31.318,
    -39.6892
  ],
  [
    31.348,
    -39.6804
  ],
  [
    31.359,
    -39.6744
  ],
  [
    31.382,
    -39.6647
  ],
  [
    31.395,
    -39.6579
  ],
  [
    31.423,
    -39.6444
  ],
  [
    31.434,
    -39.6384
  ],
  [
    31.461,
    -39.6278
  ],
  [
    31.47,
    -39.644
  ],
  [
    31.497,
    -39.6381
  ],
  [
    31.506,
    -39.6239
  ],
  [
    31.535,
    -39.6227
  ],
  [
    31.544,
    -39.6164
  ],
  [
    31.57,
    -39.604
  ],
  [
    31.581,
    -39.6039
  ],
  [
    31.607,
    -39.589
  ],
  [
    31.616,
    -39.5899
  ],
  [
    31.643,
    -39.5894
  ],
  [
    31.652,
    -39.5747
  ],
  [
    31.667,
    -39.5708
  ],
  [
    31.693,
    -39.7651
  ],
  [
    31.703,
    -39.8549
  ],
  [
    31.73,
    -39.9999
  ],
  [
    31.738,
    -39.9999
  ],
  [
    31.767,
    -40.0
  ],
  [
    31.775,
    -40.0
  ],
  [
    31.788,
    -40.0
  ],
  [
    31.816,
    -40.0
  ],
  [
    31.825,
    -40.0
  ],
  [
    31.84,
    -40.0
  ],
  [
    31.868,
    -40.0
  ],
  [
    31.88,
    -40.0
  ],
  [
    31.905,
    -40.0
  ],
  [
    31.913,
    -40.0
  ],
  [
    31.93,
    -40.0
  ],
  [
    31.958,
    -40.0
  ],
  [
    31.967,
    -40.0
  ],
  [
    31.994,
    -40.0
  ],
  [
    32.004,
    -40.0
  ],
  [
    32.03,
    -40.0
  ],
  [
    32.043,
    -40.0
  ],
  [
    32.066,
    -40.0
  ],
  [
    32.078,
    -40.0
  ],
  [
    32.105,
    -40.0
  ],
  [
    32.116,
    -40.0
  ],
  [
    32.138,
    -40.0
  ],
  [
    32.154,
    -40.0
  ],
  [
    32.179,
    -40.0
  ],
  [
    32.191,
    -40.0
  ],
  [
    32.202,
    -40.0
  ],
  [
    32.231,
    -40.0
  ],
  [
    32.239,
    -40.0
  ],
  [
    32.267,
    -40.0
  ],
  [
    32.277,
    -40.0
  ],
  [
    32.303,
    -40.0
  ],
  [
    32.312,
    -40.0
  ],
  [
    32.341,
    -40.0
  ],
  [
    32.349,
    -40.0
  ],
  [
    32.369,
    -40.0
  ],
  [
    32.395,
    -40.0
  ],
  [
    32.406,
    -40.0
  ],
  [
    32.42,
    -40.0
  ],
  [
    32.448,
    -40.0
  ],
  [
    32.456,
    -40.0
  ],
  [
    32.484,
    -40.0
  ],
  [
    32.493,
    -40.0
  ],
  [
    32.506,
    -40.0
  ],
  [
    32.53,
    -40.0
  ],
  [
    32.542,
    -40.0
  ],
  [
    32.574,
    -40.0
  ],
  [
    32.581,
    -40.0
  ],
  [
    32.593,
    -40.0
  ],
  [
    32.621,
    -40.0
  ],
  [
    32.628,
    -40.0
  ],
  [
    32.658,
    -40.0
  ],
  [
    32.666,
    -40.0
  ],
  [
    32.694,
    -40.0
  ],
  [
    32.718,
    -35.5983
  ],
  [
    32.728,
    -33.2228
  ],
  [
    32.755,
    -27.6593
  ],
  [
    32.767,
    -25.0915
  ],
  [
    32.78,
    -22.5271
  ],
  [
    32.805,
    -17.4063
  ],
  [
    32.817,
    -14.9389
  ],
  [
    32.847,
    -9.9027
  ],
  [
    32.855,
    -7.3095
  ],
  [
    32.882,
    -2.6439
  ],
  [
    32.891,
    -0.2371
  ],
  [
    32.918,
    2.8983
  ],
  [
    32.928,
    4.0324
  ],
  [
    32.95,
    6.0816
  ],
  [
    32.96,
    6.9468
  ],
  [
    32.989,
    9.1514
  ],
  [
    32.996,
    9.9818
  ],
  [
    33.025,
    11.9077
  ],
  [
    33.032,
    12.6702
  ],
  [
    33.06,
    14.7863
  ],
  [
    33.068,
    15.5445
  ],
  [
    33.096,
    17.1945
  ],
  [
    33.104,
    18.1108
  ],
  [
    33.117,
    18.9866
  ],
  [
    33.146,
    20.7228
  ],
  [
    33.155,
    21.5586
  ],
  [
    33.183,
    23.2281
  ],
  [
    33.192,
    23.8717
  ],
  [
    33.223,
    25.5932
  ],
  [
    33.23,
    26.2512
  ],
  [
    33.256,
    27.7962
  ],
  [
    33.266,
    28.4735
  ],
  [
    33.281,
    29.1997
  ],
  [
    33.307,
    29.7847
  ],
  [
    33.314,
    29.7849
  ],
  [
    33.343,
    29.7848
  ],
  [
    33.358,
    29.785
  ],
  [
    33.37,
    29.7847
  ],
  [
    33.4,
    29.7853
  ],
  [
    33.411,
    29.7854
  ],
  [
    33.44,
    29.7855
  ],
  [
    33.449,
    29.7855
  ],
  [
    33.472,
    29.7855
  ],
  [
    33.498,
    29.7855
  ],
  [
    33.508,
    29.7855
  ],
  [
    33.54,
    29.7852
  ],
  [
    33.554,
    29.7851
  ],
  [
    33.568,
    29.7851
  ],
  [
    33.595,
    29.7856
  ],
  [
    33.606,
    29.7858
  ],
  [
    33.629,
    29.7855
  ],
  [
    33.643,
    29.7854
  ],
  [
    33.671,
    29.7851
  ],
  [
    33.681,
    29.7853
  ],
  [
    33.704,
    29.7851
  ],
  [
    33.727,
    29.785
  ],
  [
    33.739,
    29.7839
  ],
  [
    33.767,
    29.7858
  ],
  [
    33.778,
    29.7861
  ],
  [
    33.804,
    29.7861
  ],
  [
    33.812,
    29.7862
  ],
  [
    33.837,
    29.7881
  ],
  [
    33.85,
    29.7874
  ],
  [
    33.862,
    29.7891
  ],
  [
    33.893,
    29.7918
  ],
  [
    33.9,
    29.7765
  ],
  [
    33.932,
    29.782
  ],
  [
    33.944,
    29.7826
  ],
  [
    33.959,
    29.7859
  ],
  [
    33.986,
    29.7844
  ],
  [
    33.994,
    29.7859
  ],
  [
    34.02,
    29.7863
  ],
  [
    34.029,
    29.7857
  ],
  [
    34.057,
    29.7885
  ],
  [
    34.067,
    29.7888
  ],
  [
    34.094,
    29.7898
  ],
  [
    34.105,
    29.79
  ],
  [
    34.13,
    29.7888
  ],
  [
    34.142,
    29.79
  ],
  [
    34.155,
    29.7912
  ],
  [
    34.186,
    29.793
  ],
  [
    34.195,
    29.7917
  ],
  [
    34.217,
    29.7912
  ],
  [
    34.231,
    29.7898
  ],
  [
    34.259,
    29.7919
  ],
  [
    34.266,
    29.7807
  ],
  [
    34.294,
    29.7821
  ],
  [
    34.303,
    29.7812
  ],
  [
    34.317,
    29.7811
  ],
  [
    34.346,
    29.778
  ],
  [
    34.356,
    29.782
  ],
  [
    34.371,
    29.7793
  ],
  [
    34.401,
    29.7801
  ],
  [
    34.408,
    29.7795
  ],
  [
    34.436,
    29.7822
  ],
  [
    34.448,
    29.779
  ],
  [
    34.477,
    29.7803
  ],
  [
    34.488,
    29.7783
  ],
  [
    34.498,
    29.7808
  ],
  [
    34.528,
    29.7793
  ],
  [
    34.538,
    29.7821
  ],
  [
    34.554,
    29.7817
  ],
  [
    34.585,
    29.7809
  ],
  [
    34.595,
    29.7816
  ],
  [
    34.609,
    29.7829
  ],
  [
    34.637,
    29.7835
  ],
  [
    34.647,
    29.7831
  ],
  [
    34.676,
    29.7846
  ],
  [
    34.69,
    29.7819
  ],
  [
    34.698,
    29.7808
  ],
  [
    34.726,
    29.7815
  ],
  [
    34.734,
    29.7855
  ],
  [
    34.762,
    29.7819
  ],
  [
    34.774,
    29.764
  ],
  [
    34.803,
    29.7688
  ],
  [
    34.81,
    29.7695
  ],
  [
    34.837,
    29.7694
  ],
  [
    34.848,
    29.7691
  ],
  [
    34.873,
    29.7709
  ],
  [
    34.882,
    29.771
  ],
  [
    34.908,
    29.7708
  ],
  [
    34.921,
    29.7733
  ],
  [
    34.935,
    29.7768
  ],
  [
    34.964,
    29.776
  ],
  [
    34.974,
    29.7749
  ],
  [
    34.986,
    29.7757
  ],
  [
    35.018,
    29.7753
  ],
  [
    35.026,
    29.7678
  ],
  [
    35.049,
    29.7691
  ],
  [
    35.063,
    29.7698
  ],
  [
    35.09,
    29.7716
  ],
  [
    35.098,
    29.772
  ],
  [
    35.124,
    29.7737
  ],
  [
    35.134,
    29.7738
  ],
  [
    35.148,
    29.7765
  ],
  [
    35.172,
    29.7785
  ],
  [
    35.187,
    29.7776
  ],
  [
    35.198,
    29.7822
  ],
  [
    35.219,
    29.7804
  ],
  [
    35.247,
    29.7808
  ],
  [
    35.254,
    29.781
  ],
  [
    35.283,
    29.7836
  ],
  [
    35.292,
    29.7832
  ],
  [
    35.319,
    29.7853
  ],
  [
    35.328,
    29.7844
  ],
  [
    35.353,
    29.7853
  ],
  [
    35.365,
    29.7849
  ],
  [
    35.393,
    29.7871
  ],
  [
    35.4,
    29.7851
  ],
  [
    35.426,
    29.7861
  ],
  [
    35.436,
    29.7851
  ],
  [
    35.461,
    29.7854
  ],
  [
    35.471,
    29.7853
  ],
  [
    35.497,
    29.7879
  ],
  [
    35.519,
    29.7927
  ],
  [
    35.527,
    29.7864
  ],
  [
    35.554,
    29.7865
  ],
  [
    35.578,
    29.7864
  ],
  [
    35.588,
    29.7863
  ],
  [
    35.604,
    29.7882
  ],
  [
    35.628,
    29.7858
  ],
  [
    35.642,
    29.7864
  ],
  [
    35.667,
    29.7855
  ],
  [
    35.692,
    29.7869
  ],
  [
    35.7,
    29.7857
  ],
  [
    35.724,
    29.7871
  ],
  [
    35.75,
    29.7851
  ],
  [
    35.757,
    29.7862
  ],
  [
    35.784,
    29.7868
  ],
  [
    35.794,
    29.7866
  ],
  [
    35.82,
    29.7863
  ],
  [
    35.827,
    29.7852
  ],
  [
    35.849,
    29.786
  ],
  [
    35.863,
    29.7858
  ],
  [
    35.887,
    29.7865
  ],
  [
    35.913,
    29.7879
  ],
  [
    35.924,
    29.7871
  ],
  [
    35.957,
    29.7902
  ],
  [
    35.974,
    29.7895
  ],
  [
    35.981,
    29.7906
  ],
  [
    36.012,
    29.7892
  ],
  [
    36.018,
    29.7863
  ],
  [
    36.047,
    29.7896
  ],
  [
    36.056,
    29.7869
  ],
  [
    36.084,
    29.7892
  ],
  [
    36.093,
    29.7875
  ],
  [
    36.116,
    29.7886
  ],
  [
    36.142,
    29.7858
  ],
  [
    36.151,
    29.7747
  ],
  [
    36.165,
    29.7764
  ],
  [
    36.194,
    29.7801
  ],
  [
    36.205,
    29.7807
  ],
  [
    36.232,
    29.7819
  ],
  [
    36.24,
    29.7807
  ],
  [
    36.265,
    29.7837
  ],
  [
    36.277,
    29.7841
  ],
  [
    36.309,
    29.7845
  ],
  [
    36.319,
    29.7908
  ],
  [
    36.347,
    29.7876
  ],
  [
    36.354,
    29.7865
  ],
  [
    36.381,
    29.7884
  ],
  [
    36.391,
    29.7872
  ],
  [
    36.42,
    29.7888
  ],
  [
    36.442,
    29.7911
  ],
  [
    36.466,
    29.7922
  ],
  [
    36.492,
    29.7831
  ],
  [
    36.5,
    29.7832
  ],
  [
    36.531,
    29.7788
  ],
  [
    36.539,
    29.7833
  ],
  [
    36.566,
    29.7809
  ],
  [
    36.573,
    29.7814
  ],
  [
    36.604,
    29.7897
  ],
  [
    36.613,
    29.7825
  ],
  [
    36.64,
    29.7828
  ],
  [
    36.648,
    29.7833
  ],
  [
    36.675,
    29.788
  ],
  [
    36.684,
    29.7754
  ],
  [
    36.701,
    29.7787
  ],
  [
    36.727,
    29.7777
  ],
  [
    36.738,
    29.7781
  ],
  [
    36.764,
    29.7789
  ],
  [
    36.773,
    29.7794
  ],
  [
    36.786,
    29.7796
  ],
  [
    36.815,
    29.7804
  ],
  [
    36.825,
    29.7806
  ],
  [
    36.854,
    29.78
  ],
  [
    36.863,
    29.7801
  ],
  [
    36.89,
    29.7812
  ],
  [
    36.899,
    29.7817
  ],
  [
    36.912,
    29.7822
  ],
  [
    36.95,
    29.7835
  ],
  [
    36.958,
    29.784
  ],
  [
    36.988,
    29.7844
  ],
  [
    36.997,
    29.7845
  ],
  [
    37.013,
    29.7848
  ],
  [
    37.039,
    29.7854
  ],
  [
    37.049,
    29.7854
  ],
  [
    37.065,
    29.7855
  ],
  [
    37.081,
    29.7859
  ],
  [
    37.097,
    29.7862
  ],
  [
    37.113,
    29.7865
  ],
  [
    37.127,
    29.7867
  ],
  [
    37.152,
    29.7867
  ],
  [
    37.167,
    29.7866
  ],
  [
    37.181,
    29.7866
  ],
  [
    37.211,
    29.7869
  ],
  [
    37.219,
    29.7869
  ],
  [
    37.248,
    29.7868
  ],
  [
    37.254,
    29.7869
  ],
  [
    37.284,
    29.787
  ],
  [
    37.293,
    29.7871
  ],
  [
    37.309,
    29.7873
  ],
  [
    37.343,
    29.7877
  ],
  [
    37.354,
    29.7877
  ],
  [
    37.37,
    29.7881
  ],
  [
    37.405,
    29.7881
  ],
  [
    37.414,
    29.7881
  ],
  [
    37.448,
    29.7884
  ],
  [
    37.459,
    29.7884
  ],
  [
    37.472,
    29.7884
  ],
  [
    37.506,
    29.7883
  ],
  [
    37.516,
    29.7886
  ],
  [
    37.528,
    29.7886
  ],
  [
    37.551,
    29.7882
  ],
  [
    37.567,
    29.788
  ],
  [
    37.58,
    29.7879
  ],
  [
    37.611,
    29.7881
  ],
  [
    37.622,
    29.7882
  ],
  [
    37.638,
    29.7883
  ],
  [
    37.67,
    29.7885
  ],
  [
    37.679,
    29.7885
  ],
  [
    37.694,
    29.7887
  ],
  [
    37.725,
    29.7889
  ],
  [
    37.738,
    29.7887
  ],
  [
    37.749,
    29.7884
  ],
  [
    37.765,
    29.7884
  ],
  [
    37.793,
    29.7887
  ],
  [
    37.806,
    29.7885
  ],
  [
    37.818,
    29.7886
  ],
  [
    37.834,
    29.7886
  ],
  [
    37.863,
    29.7888
  ],
  [
    37.873,
    29.7887
  ],
  [
    37.9,
    29.7887
  ],
  [
    37.908,
    29.7886
  ],
  [
    37.937,
    29.7885
  ],
  [
    37.948,
    29.7886
  ],
  [
    37.976,
    29.7888
  ],
  [
    37.984,
    29.7888
  ],
  [
    38.014,
    29.7886
  ],
  [
    38.022,
    29.7888
  ],
  [
    38.048,
    29.7888
  ],
  [
    38.058,
    29.7888
  ],
  [
    38.086,
    29.7889
  ],
  [
    38.096,
    29.7889
  ],
  [
    38.123,
    29.789
  ],
  [
    38.137,
    29.789
  ],
  [
    38.144,
    29.789
  ],
  [
    38.176,
    29.7893
  ],
  [
    38.184,
    29.7891
  ],
  [
    38.215,
    29.7889
  ],
  [
    38.227,
    29.7889
  ],
  [
    38.252,
    29.789
  ],
  [
    38.261,
    29.7889
  ],
  [
    38.288,
    29.789
  ],
  [
    38.296,
    29.7889
  ],
  [
    38.31,
    29.7888
  ],
  [
    38.34,
    29.789
  ],
  [
    38.347,
    29.789
  ],
  [
    38.372,
    29.789
  ],
  [
    38.388,
    29.789
  ],
  [
    38.397,
    29.7891
  ],
  [
    38.427,
    29.7894
  ],
  [
    38.438,
    29.7894
  ],
  [
    38.465,
    29.7893
  ],
  [
    38.474,
    29.7891
  ],
  [
    38.502,
    29.7892
  ],
  [
    38.511,
    29.7894
  ],
  [
    38.541,
    29.7884
  ],
  [
    38.55,
    29.7874
  ],
  [
    38.578,
    29.7874
  ],
  [
    38.587,
    29.7874
  ],
  [
    38.618,
    29.7873
  ],
  [
    38.627,
    29.7874
  ],
  [
    38.657,
    29.7876
  ],
  [
    38.666,
    29.7878
  ],
  [
    38.693,
    29.7877
  ],
  [
    38.7,
    29.7879
  ],
  [
    38.728,
    29.7877
  ],
  [
    38.737,
    29.7876
  ],
  [
    38.764,
    29.7878
  ],
  [
    38.786,
    29.7878
  ],
  [
    38.799,
    29.7878
  ],
  [
    38.808,
    29.7858
  ],
  [
    38.835,
    29.7858
  ],
  [
    38.845,
    29.7862
  ],
  [
    38.87,
    29.787
  ],
  [
    38.881,
    29.7873
  ],
  [
    38.912,
    29.7878
  ],
  [
    38.93,
    29.7886
  ],
  [
    38.938,
    29.7887
  ],
  [
    38.966,
    29.7887
  ],
  [
    38.98,
    29.7888
  ],
  [
    39.009,
    29.7893
  ],
  [
    39.017,
    29.7892
  ],
  [
    39.032,
    29.7892
  ],
  [
    39.057,
    29.7894
  ],
  [
    39.07,
    29.7893
  ],
  [
    39.098,
    29.7894
  ],
  [
    39.11,
    29.7895
  ],
  [
    39.134,
    29.7898
  ],
  [
    39.148,
    29.7895
  ],
  [
    39.179,
    29.7895
  ],
  [
    39.186,
    29.7895
  ],
  [
    39.211,
    29.7894
  ],
  [
    39.238,
    29.7892
  ],
  [
    39.248,
    29.7893
  ],
  [
    39.275,
    29.7896
  ],
  [
    39.284,
    29.7894
  ],
  [
    39.312,
    29.7894
  ],
  [
    39.326,
    29.7895
  ],
  [
    39.337,
    29.7896
  ],
  [
    39.367,
    29.7898
  ],
  [
    39.374,
    29.7897
  ],
  [
    39.401,
    29.7866
  ],
  [
    39.409,
    29.7876
  ],
  [
    39.435,
    29.7898
  ],
  [
    39.449,
    29.7887
  ],
  [
    39.459,
    29.79
  ],
  [
    39.487,
    29.7908
  ],
  [
    39.497,
    29.788
  ],
  [
    39.525,
    29.7916
  ],
  [
    39.533,
    29.7892
  ],
  [
    39.56,
    29.7922
  ],
  [
    39.572,
    29.7905
  ],
  [
    39.586,
    29.7915
  ],
  [
    39.618,
    29.793
  ],
  [
    39.63,
    29.7921
  ],
  [
    39.65,
    29.7936
  ],
  [
    39.662,
    29.7929
  ],
  [
    39.676,
    29.7932
  ],
  [
    39.699,
    29.7924
  ],
  [
    39.712,
    29.7798
  ],
  [
    39.74,
    29.7809
  ],
  [
    39.75,
    29.7834
  ],
  [
    39.776,
    29.7805
  ],
  [
    39.784,
    29.7823
  ],
  [
    39.812,
    29.7789
  ],
  [
    39.823,
    29.7808
  ],
  [
    39.851,
    29.7793
  ],
  [
    39.859,
    29.7814
  ],
  [
    39.885,
    29.7805
  ],
  [
    39.896,
    29.7818
  ],
  [
    39.91,
    29.7786
  ],
  [
    39.934,
    29.7813
  ],
  [
    39.948,
    29.7817
  ],
  [
    39.975,
    29.7803
  ],
  [
    39.983,
    29.7809
  ],
  [
    40.012,
    29.7805
  ],
  [
    40.02,
    29.7815
  ],
  [
    40.054,
    29.7795
  ],
  [
    40.073,
    29.7814
  ],
  [
    40.084,
    29.7823
  ],
  [
    40.113,
    29.7804
  ],
  [
    40.12,
    29.7816
  ],
  [
    40.15,
    29.7803
  ],
  [
    40.16,
    29.7816
  ],
  [
    40.175,
    29.7796
  ],
  [
    40.202,
    29.7815
  ],
  [
    40.212,
    29.7832
  ],
  [
    40.238,
    29.7811
  ],
  [
    40.25,
    29.7825
  ],
  [
    40.272,
    29.7833
  ],
  [
    40.285,
    29.7818
  ],
  [
    40.314,
    29.7804
  ],
  [
    40.321,
    29.782
  ],
  [
    40.347,
    29.7819
  ],
  [
    40.359,
    29.7822
  ],
  [
    40.386,
    29.7807
  ],
  [
    40.395,
    29.7826
  ],
  [
    40.424,
    29.779
  ],
  [
    40.434,
    29.7828
  ],
  [
    40.448,
    29.7806
  ],
  [
    40.474,
    29.7803
  ],
  [
    40.491,
    29.7825
  ],
  [
    40.516,
    29.7942
  ],
  [
    40.523,
    29.7895
  ],
  [
    40.554,
    29.7901
  ],
  [
    40.563,
    29.7912
  ],
  [
    40.591,
    29.7907
  ],
  [
    40.599,
    29.7891
  ],
  [
    40.632,
    29.7925
  ],
  [
    40.643,
    29.7928
  ],
  [
    40.669,
    29.7928
  ],
  [
    40.68,
    29.7907
  ],
  [
    40.709,
    29.7922
  ],
  [
    40.715,
    29.7903
  ],
  [
    40.746,
    29.7936
  ],
  [
    40.757,
    29.7906
  ],
  [
    40.786,
    29.794
  ],
  [
    40.795,
    29.7918
  ],
  [
    40.809,
    29.7926
  ],
  [
    40.835,
    29.7929
  ],
  [
    40.845,
    29.7809
  ],
  [
    40.871,
    29.7835
  ],
  [
    40.905,
    29.7941
  ],
  [
    40.916,
    29.7784
  ],
  [
    40.926,
    29.7814
  ],
  [
    40.956,
    29.7796
  ],
  [
    40.967,
    29.7816
  ],
  [
    40.982,
    29.7777
  ],
  [
    41.011,
    29.7815
  ],
  [
    41.02,
    29.7815
  ],
  [
    41.052,
    29.7805
  ],
  [
    41.067,
    29.7804
  ],
  [
    41.09,
    29.7825
  ],
  [
    41.102,
    29.7812
  ],
  [
    41.131,
    29.7803
  ],
  [
    41.141,
    29.783
  ],
  [
    41.17,
    29.7812
  ],
  [
    41.18,
    29.7828
  ],
  [
    41.205,
    29.7827
  ],
  [
    41.218,
    29.7808
  ],
  [
    41.232,
    29.7824
  ],
  [
    41.258,
    29.7817
  ],
  [
    41.268,
    29.7832
  ],
  [
    41.304,
    29.781
  ],
  [
    41.312,
    29.7776
  ],
  [
    41.341,
    29.7811
  ],
  [
    41.348,
    29.7839
  ],
  [
    41.379,
    29.7807
  ],
  [
    41.394,
    29.7824
  ],
  [
    41.406,
    29.7804
  ],
  [
    41.428,
    29.7842
  ],
  [
    41.443,
    29.7825
  ],
  [
    41.472,
    29.7819
  ],
  [
    41.483,
    29.7819
  ],
  [
    41.502,
    29.781
  ],
  [
    41.515,
    29.7773
  ],
  [
    41.537,
    29.7839
  ],
  [
    41.564,
    29.783
  ],
  [
    41.575,
    29.7822
  ],
  [
    41.602,
    29.7816
  ],
  [
    41.613,
    29.7842
  ],
  [
    41.64,
    29.781
  ],
  [
    41.654,
    29.7829
  ],
  [
    41.687,
    29.7821
  ],
  [
    41.703,
    29.794
  ],
  [
    41.713,
    29.7909
  ],
  [
    41.746,
    29.7939
  ],
  [
    41.755,
    29.7938
  ],
  [
    41.785,
    29.7926
  ],
  [
    41.794,
    29.7915
  ],
  [
    41.823,
    29.7931
  ],
  [
    41.83,
    29.7934
  ],
  [
    41.858,
    29.7942
  ],
  [
    41.864,
    29.7923
  ],
  [
    41.908,
    29.793
  ],
  [
    41.92,
    29.7919
  ],
  [
    41.953,
    29.7933
  ],
  [
    41.965,
    29.7937
  ],
  [
    41.986,
    29.7905
  ],
  [
    42.008,
    29.7816
  ],
  [
    42.027,
    29.7932
  ],
  [
    42.044,
    29.7891
  ],
  [
    42.063,
    29.7912
  ],
  [
    42.086,
    29.7903
  ],
  [
    42.1,
    29.7896
  ],
  [
    42.129,
    29.7902
  ],
  [
    42.154,
    29.7808
  ],
  [
    42.168,
    29.7921
  ],
  [
    42.187,
    29.7825
  ],
  [
    42.202,
    29.7793
  ],
  [
    42.214,
    29.7815
  ],
  [
    42.246,
    29.7825
  ],
  [
    42.257,
    29.7822
  ],
  [
    42.285,
    29.7831
  ],
  [
    42.298,
    29.7844
  ],
  [
    42.311,
    29.7805
  ],
  [
    42.324,
    29.7826
  ],
  [
    42.351,
    29.7828
  ],
  [
    42.361,
    29.7844
  ],
  [
    42.387,
    29.7843
  ],
  [
    42.397,
    29.7846
  ],
  [
    42.423,
    29.7826
  ],
  [
    42.438,
    29.7845
  ],
  [
    42.45,
    29.7778
  ],
  [
    42.477,
    29.784
  ],
  [
    42.489,
    29.7825
  ],
  [
    42.5,
    29.7809
  ],
  [
    42.529,
    29.7826
  ],
  [
    42.537,
    29.7834
  ],
  [
    42.565,
    29.7833
  ],
  [
    42.578,
    29.7833
  ],
  [
    42.587,
    29.7813
  ],
  [
    42.619,
    29.7806
  ],
  [
    42.627,
    29.7836
  ],
  [
    42.655,
    29.7822
  ],
  [
    42.664,
    29.7846
  ],
  [
    42.693,
    29.7823
  ],
  [
    42.701,
    29.7838
  ],
  [
    42.733,
    29.7802
  ],
  [
    42.744,
    29.7825
  ],
  [
    42.775,
    29.7828
  ],
  [
    42.798,
    29.783
  ],
  [
    42.81,
    29.7833
  ],
  [
    42.841,
    29.7825
  ],
  [
    42.849,
    29.7843
  ],
  [
    42.875,
    29.7836
  ],
  [
    42.903,
    29.7824
  ],
  [
    42.916,
    29.792
  ],
  [
    42.93,
    29.7923
  ],
  [
    42.944,
    29.7932
  ],
  [
    42.961,
    29.7936
  ],
  [
    42.997,
    29.794
  ],
  [
    43.015,
    29.7939
  ],
  [
    43.027,
    29.79
  ],
  [
    43.045,
    29.7904
  ],
  [
    43.062,
    29.7906
  ],
  [
    43.083,
    29.7913
  ],
  [
    43.107,
    29.7813
  ],
  [
    43.121,
    29.7931
  ],
  [
    43.15,
    29.7941
  ],
  [
    43.165,
    29.781
  ],
  [
    43.182,
    29.7936
  ],
  [
    43.2,
    29.7927
  ],
  [
    43.221,
    29.7907
  ],
  [
    43.245,
    29.7895
  ],
  [
    43.262,
    29.79
  ],
  [
    43.273,
    29.7919
  ],
  [
    43.291,
    29.7919
  ],
  [
    43.314,
    29.7908
  ],
  [
    43.332,
    29.781
  ],
  [
    43.352,
    29.7793
  ],
  [
    43.366,
    29.7788
  ],
  [
    43.382,
    29.7816
  ],
  [
    43.4,
    29.781
  ],
  [
    43.421,
    29.78
  ],
  [
    43.438,
    29.7793
  ],
  [
    43.457,
    29.7789
  ],
  [
    43.474,
    29.7799
  ],
  [
    43.489,
    29.7815
  ],
  [
    43.512,
    29.7824
  ],
  [
    43.532,
    29.7914
  ],
  [
    43.552,
    29.7829
  ],
  [
    43.566,
    29.7783
  ],
  [
    43.58,
    29.7818
  ],
  [
    43.6,
    29.7822
  ],
  [
    43.621,
    29.7794
  ],
  [
    43.647,
    29.7921
  ],
  [
    43.657,
    29.7833
  ],
  [
    43.673,
    29.7809
  ],
  [
    43.689,
    29.782
  ],
  [
    43.708,
    29.781
  ],
  [
    43.731,
    29.7795
  ],
  [
    43.75,
    29.7799
  ],
  [
    43.768,
    29.7797
  ],
  [
    43.786,
    29.781
  ],
  [
    43.796,
    29.7807
  ],
  [
    43.814,
    29.7829
  ],
  [
    43.845,
    29.7802
  ],
  [
    43.865,
    29.7907
  ],
  [
    43.877,
    29.7828
  ],
  [
    43.894,
    29.7798
  ],
  [
    43.913,
    29.7797
  ],
  [
    43.936,
    29.7789
  ],
  [
    43.948,
    29.7805
  ],
  [
    43.963,
    29.7812
  ],
  [
    43.98,
    29.783
  ],
  [
    43.999,
    29.7813
  ],
  [
    44.024,
    29.7794
  ],
  [
    44.049,
    29.7907
  ],
  [
    44.072,
    29.7819
  ],
  [
    44.096,
    29.7908
  ],
  [
    44.122,
    29.7825
  ],
  [
    44.144,
    29.7904
  ],
  [
    44.157,
    29.7833
  ],
  [
    44.171,
    29.7802
  ],
  [
    44.197,
    29.7844
  ],
  [
    44.208,
    29.786
  ],
  [
    44.224,
    29.7828
  ],
  [
    44.251,
    29.7842
  ],
  [
    44.26,
    29.7842
  ],
  [
    44.287,
    29.7823
  ],
  [
    44.302,
    29.7925
  ],
  [
    44.311,
    29.7932
  ],
  [
    44.34,
    29.7765
  ],
  [
    44.349,
    29.7775
  ],
  [
    44.376,
    29.7786
  ],
  [
    44.4,
    29.7795
  ],
  [
    44.411,
    29.7802
  ],
  [
    44.44,
    29.7812
  ],
  [
    44.449,
    29.7815
  ],
  [
    44.474,
    29.7823
  ],
  [
    44.485,
    29.7827
  ],
  [
    44.514,
    29.7835
  ],
  [
    44.539,
    29.785
  ],
  [
    44.547,
    29.785
  ],
  [
    44.577,
    29.7841
  ],
  [
    44.6,
    29.7845
  ],
  [
    44.607,
    29.7845
  ],
  [
    44.636,
    29.7848
  ],
  [
    44.651,
    29.7852
  ],
  [
    44.66,
    29.7854
  ],
  [
    44.69,
    29.7859
  ],
  [
    44.697,
    29.7863
  ],
  [
    44.721,
    29.7866
  ],
  [
    44.735,
    29.7867
  ],
  [
    44.748,
    29.7867
  ],
  [
    44.78,
    29.7873
  ],
  [
    44.804,
    29.7879
  ],
  [
    44.815,
    29.7881
  ],
  [
    44.844,
    29.7884
  ],
  [
    44.853,
    29.7881
  ],
  [
    44.879,
    29.7912
  ],
  [
    44.888,
    29.7902
  ],
  [
    44.904,
    29.7919
  ],
  [
    44.934,
    29.7938
  ],
  [
    44.942,
    29.7917
  ],
  [
    44.968,
    29.7936
  ],
  [
    44.977,
    29.7929
  ],
  [
    45.01,
    29.7938
  ],
  [
    45.019,
    29.7924
  ],
  [
    45.054,
    29.7935
  ],
  [
    45.062,
    29.7896
  ],
  [
    45.088,
    29.7942
  ],
  [
    45.097,
    29.7928
  ],
  [
    45.128,
    29.7942
  ],
  [
    45.136,
    29.7925
  ],
  [
    45.152,
    29.7934
  ],
  [
    45.182,
    29.7939
  ],
  [
    45.191,
    29.7934
  ],
  [
    45.206,
    29.7933
  ],
  [
    45.238,
    29.7928
  ],
  [
    45.246,
    29.7929
  ],
  [
    45.273,
    29.7916
  ],
  [
    45.287,
    29.7932
  ],
  [
    45.314,
    29.7941
  ],
  [
    45.324,
    29.7927
  ],
  [
    45.34,
    29.792
  ],
  [
    45.365,
    29.7939
  ],
  [
    45.375,
    29.7936
  ],
  [
    45.402,
    29.7935
  ],
  [
    45.412,
    29.7937
  ],
  [
    45.424,
    29.7921
  ],
  [
    45.459,
    29.7905
  ],
  [
    45.47,
    29.7929
  ],
  [
    45.481,
    29.7915
  ],
  [
    45.507,
    29.7942
  ],
  [
    45.518,
    29.7942
  ],
  [
    45.535,
    29.7937
  ],
  [
    45.562,
    29.7938
  ],
  [
    45.577,
    29.7936
  ],
  [
    45.594,
    29.7926
  ],
  [
    45.608,
    29.7835
  ],
  [
    45.62,
    29.7849
  ],
  [
    45.638,
    29.784
  ],
  [
    45.656,
    29.7809
  ],
  [
    45.679,
    29.7804
  ],
  [
    45.696,
    29.7919
  ],
  [
    45.715,
    29.7894
  ],
  [
    45.744,
    29.7897
  ],
  [
    45.766,
    29.7826
  ],
  [
    45.784,
    29.7923
  ],
  [
    45.809,
    29.7828
  ],
  [
    45.827,
    29.7905
  ],
  [
    45.856,
    29.7898
  ],
  [
    45.871,
    29.7826
  ],
  [
    45.891,
    29.7924
  ],
  [
    45.907,
    29.7884
  ],
  [
    45.921,
    29.79
  ],
  [
    45.949,
    29.794
  ],
  [
    45.96,
    29.7933
  ],
  [
    45.987,
    29.7942
  ],
  [
    45.994,
    29.7831
  ],
  [
    46.023,
    29.7847
  ],
  [
    46.033,
    29.7917
  ],
  [
    46.061,
    29.7919
  ],
  [
    46.071,
    29.7915
  ],
  [
    46.099,
    29.7922
  ],
  [
    46.108,
    29.7922
  ],
  [
    46.121,
    29.7933
  ],
  [
    46.15,
    29.7928
  ],
  [
    46.161,
    29.7942
  ],
  [
    46.191,
    29.7939
  ],
  [
    46.199,
    29.7932
  ],
  [
    46.222,
    29.7934
  ],
  [
    46.237,
    29.7942
  ],
  [
    46.268,
    29.792
  ],
  [
    46.276,
    29.7939
  ],
  [
    46.304,
    29.7935
  ],
  [
    46.313,
    29.7933
  ],
  [
    46.339,
    29.7922
  ],
  [
    46.353,
    29.7939
  ],
  [
    46.368,
    29.7901
  ],
  [
    46.391,
    29.7935
  ],
  [
    46.416,
    29.7928
  ],
  [
    46.426,
    29.7942
  ],
  [
    46.454,
    29.7925
  ],
  [
    46.463,
    29.794
  ],
  [
    46.476,
    29.7912
  ],
  [
    46.501,
    29.7913
  ],
  [
    46.513,
    29.7941
  ],
  [
    46.544,
    29.7925
  ],
  [
    46.554,
    29.7919
  ],
  [
    46.588,
    29.7929
  ],
  [
    46.594,
    29.7878
  ],
  [
    46.621,
    29.788
  ],
  [
    46.628,
    29.7877
  ],
  [
    46.65,
    29.7854
  ],
  [
    46.668,
    29.7846
  ],
  [
    46.682,
    29.7771
  ],
  [
    46.705,
    29.7829
  ],
  [
    46.72,
    29.7846
  ],
  [
    46.732,
    29.782
  ],
  [
    46.759,
    29.7818
  ],
  [
    46.767,
    29.7941
  ],
  [
    46.794,
    29.7892
  ],
  [
    46.805,
    29.7893
  ],
  [
    46.835,
    29.7912
  ],
  [
    46.846,
    29.793
  ],
  [
    46.878,
    29.7929
  ],
  [
    46.885,
    29.7938
  ],
  [
    46.915,
    29.7923
  ],
  [
    46.935,
    29.7931
  ],
  [
    46.947,
    29.7938
  ],
  [
    46.976,
    29.7932
  ],
  [
    46.984,
    29.7938
  ],
  [
    47.022,
    29.7937
  ],
  [
    47.034,
    29.7835
  ],
  [
    47.05,
    29.7819
  ],
  [
    47.07,
    29.7817
  ],
  [
    47.087,
    29.7921
  ],
  [
    47.101,
    29.7904
  ],
  [
    47.127,
    29.7934
  ],
  [
    47.135,
    29.7937
  ],
  [
    47.148,
    29.7941
  ],
  [
    47.167,
    29.7936
  ],
  [
    47.195,
    29.7935
  ],
  [
    47.204,
    29.793
  ],
  [
    47.229,
    29.7929
  ],
  [
    47.237,
    29.7941
  ],
  [
    47.264,
    29.7939
  ],
  [
    47.276,
    29.7939
  ],
  [
    47.289,
    29.7911
  ],
  [
    47.308,
    29.7932
  ],
  [
    47.333,
    29.7938
  ],
  [
    47.344,
    29.7933
  ],
  [
    47.367,
    29.7941
  ],
  [
    47.38,
    29.7939
  ],
  [
    47.406,
    29.7941
  ],
  [
    47.416,
    29.7935
  ],
  [
    47.443,
    29.794
  ],
  [
    47.45,
    29.7933
  ],
  [
    47.48,
    29.7919
  ],
  [
    47.488,
    29.7931
  ],
  [
    47.504,
    29.7927
  ],
  [
    47.532,
    29.7927
  ],
  [
    47.543,
    29.7938
  ],
  [
    47.568,
    29.7926
  ],
  [
    47.582,
    29.7942
  ],
  [
    47.595,
    29.791
  ],
  [
    47.623,
    29.7925
  ],
  [
    47.63,
    29.7937
  ],
  [
    47.657,
    29.7921
  ],
  [
    47.675,
    29.794
  ],
  [
    47.687,
    29.7869
  ],
  [
    47.718,
    29.7914
  ],
  [
    47.727,
    29.7941
  ],
  [
    47.751,
    29.7936
  ],
  [
    47.763,
    29.7928
  ],
  [
    47.791,
    29.7933
  ],
  [
    47.801,
    29.7925
  ],
  [
    47.825,
    29.7934
  ],
  [
    47.837,
    29.7936
  ],
  [
    47.863,
    29.7937
  ],
  [
    47.871,
    29.7931
  ],
  [
    47.886,
    29.7926
  ],
  [
    47.915,
    29.7904
  ],
  [
    47.925,
    29.7937
  ],
  [
    47.953,
    29.7906
  ],
  [
    47.962,
    29.7942
  ],
  [
    47.991,
    29.7907
  ],
  [
    48.001,
    29.7934
  ],
  [
    48.015,
    29.7926
  ],
  [
    48.039,
    29.7931
  ],
  [
    48.054,
    29.793
  ],
  [
    48.068,
    29.7918
  ],
  [
    48.08,
    29.7904
  ],
  [
    48.097,
    29.7916
  ],
  [
    48.126,
    29.7915
  ],
  [
    48.136,
    29.793
  ],
  [
    48.163,
    29.7938
  ],
  [
    48.175,
    29.7926
  ],
  [
    48.204,
    29.7921
  ],
  [
    48.214,
    29.7919
  ],
  [
    48.24,
    29.7936
  ],
  [
    48.25,
    29.793
  ],
  [
    48.277,
    29.7928
  ],
  [
    48.291,
    29.7928
  ],
  [
    48.3,
    29.7916
  ],
  [
    48.329,
    29.7901
  ],
  [
    48.339,
    29.7936
  ],
  [
    48.365,
    29.792
  ],
  [
    48.376,
    29.7922
  ],
  [
    48.407,
    29.7905
  ],
  [
    48.414,
    29.7926
  ],
  [
    48.442,
    29.7917
  ],
  [
    48.449,
    29.7932
  ],
  [
    48.479,
    29.7905
  ],
  [
    48.489,
    29.793
  ],
  [
    48.516,
    29.792
  ],
  [
    48.525,
    29.793
  ],
  [
    48.548,
    29.7929
  ],
  [
    48.56,
    29.785
  ],
  [
    48.575,
    29.7871
  ],
  [
    48.604,
    29.786
  ],
  [
    48.613,
    29.7864
  ],
  [
    48.638,
    29.7864
  ],
  [
    48.646,
    29.7921
  ],
  [
    48.661,
    29.7902
  ],
  [
    48.69,
    29.7922
  ],
  [
    48.704,
    29.7924
  ],
  [
    48.717,
    27.7073
  ],
  [
    48.741,
    29.1734
  ],
  [
    48.771,
    29.787
  ],
  [
    48.792,
    26.4846
  ],
  [
    48.802,
    25.2314
  ],
  [
    48.818,
    23.3576
  ],
  [
    48.843,
    19.7741
  ],
  [
    48.859,
    17.9974
  ],
  [
    48.88,
    14.3231
  ],
  [
    48.892,
    12.7007
  ],
  [
    48.905,
    10.5962
  ],
  [
    48.931,
    6.4124
  ],
  [
    48.94,
    4.3135
  ],
  [
    48.969,
    0.0
  ],
  [
    48.977,
    0.0
  ],
  [
    49.008,
    0.0
  ],
  [
    49.016,
    0.0
  ],
  [
    49.044,
    0.0
  ],
  [
    49.052,
    0.0
  ],
  [
    49.082,
    0.0
  ],
  [
    49.093,
    0.0
  ],
  [
    49.121,
    0.0
  ],
  [
    49.13,
    0.0
  ],
  [
    49.144,
    0.0
  ],
  [
    49.172,
    0.0
  ],
  [
    49.183,
    0.0
  ],
  [
    49.213,
    0.0
  ],
  [
    49.22,
    0.0
  ],
  [
    49.248,
    0.0
  ],
  [
    49.259,
    0.0
  ],
  [
    49.287,
    0.0
  ],
  [
    49.307,
    0.0
  ],
  [
    49.323,
    0.0
  ],
  [
    49.332,
    0.0
  ],
  [
    49.348,
    0.0
  ],
  [
    49.371,
    0.0
  ],
  [
    49.384,
    0.0
  ],
  [
    49.415,
    0.0
  ],
  [
    49.423,
    0.0
  ],
  [
    49.455,
    0.0
  ],
  [
    49.46,
    0.0
  ],
  [
    49.483,
    0.0
  ],
  [
    49.508,
    0.0
  ],
  [
    49.517,
    0.0
  ],
  [
    49.545,
    0.0
  ],
  [
    49.556,
    0.0
  ],
  [
    49.567,
    0.0
  ],
  [
    49.592,
    0.0
  ],
  [
    49.603,
    0.0
  ],
  [
    49.618,
    0.0
  ],
  [
    49.644,
    0.0
  ],
  [
    49.657,
    0.0
  ],
  [
    49.671,
    0.0
  ],
  [
    49.686,
    0.0
  ],
  [
    49.717,
    0.0
  ],
  [
    49.726,
    0.0
  ],
  [
    49.753,
    0.0
  ],
  [
    49.762,
    0.0
  ],
  [
    49.787,
    0.0
  ],
  [
    49.795,
    0.0
  ],
  [
    49.825,
    0.0
  ],
  [
    49.838,
    0.0
  ],
  [
    49.853,
    0.0
  ],
  [
    49.882,
    0.0
  ],
  [
    49.894,
    0.0
  ],
  [
    49.922,
    0.0
  ],
  [
    49.93,
    0.0
  ],
  [
    49.96,
    0.0
  ],
  [
    49.97,
    0.0
  ],
  [
    49.995,
    0.0
  ],
  [
    50.004,
    0.0
  ],
  [
    50.028,
    0.0
  ],
  [
    50.044,
    0.0
  ],
  [
    50.054,
    0.0
  ],
  [
    50.085,
    0.0
  ],
  [
    50.098,
    0.0
  ],
  [
    50.108,
    0.0
  ],
  [
    50.133,
    0.0
  ],
  [
    50.149,
    0.0
  ],
  [
    50.162,
    0.0
  ],
  [
    50.189,
    0.0
  ],
  [
    50.198,
    0.0
  ],
  [
    50.226,
    0.0
  ],
  [
    50.236,
    0.0
  ],
  [
    50.248,
    0.0
  ],
  [
    50.272,
    0.0
  ],
  [
    50.298,
    0.0
  ],
  [
    50.308,
    0.0
  ],
  [
    50.334,
    0.0
  ],
  [
    50.344,
    0.0
  ],
  [
    50.374,
    0.0
  ],
  [
    50.382,
    0.0
  ],
  [
    50.406,
    0.0
  ],
  [
    50.419,
    0.0
  ],
  [
    50.435,
    0.0
  ],
  [
    50.466,
    0.0
  ],
  [
    50.474,
    0.0
  ],
  [
    50.499,
    0.0
  ],
  [
    50.51,
    0.0
  ],
  [
    50.537,
    0.0
  ],
  [
    50.551,
    0.0
  ],
  [
    50.563,
    0.0
  ],
  [
    50.589,
    0.0
  ],
  [
    50.612,
    0.0
  ],
  [
    50.618,
    0.0
  ],
  [
    50.635,
    0.0
  ],
  [
    50.65,
    0.0
  ],
  [
    50.674,
    0.0
  ],
  [
    50.686,
    0.0
  ],
  [
    50.716,
    0.0
  ],
  [
    50.726,
    0.0
  ],
  [
    50.739,
    0.0
  ],
  [
    50.765,
    0.0
  ],
  [
    50.774,
    0.0
  ],
  [
    50.801,
    0.0
  ],
  [
    50.81,
    0.0
  ],
  [
    50.839,
    0.0
  ],
  [
    50.854,
    0.0
  ],
  [
    50.879,
    0.0
  ],
  [
    50.893,
    0.0
  ],
  [
    50.904,
    0.0
  ],
  [
    50.93,
    0.0
  ],
  [
    50.943,
    0.0
  ],
  [
    50.952,
    0.0
  ],
  [
    50.98,
    0.0
  ],
  [
    50.989,
    0.0
  ],
  [
    51.017,
    0.0
  ],
  [
    51.026,
    0.0
  ],
  [
    51.055,
    0.0
  ],
  [
    51.067,
    0.0
  ],
  [
    51.087,
    0.0
  ],
  [
    51.094,
    0.0
  ],
  [
    51.125,
    0.0
  ],
  [
    51.134,
    0.0
  ],
  [
    51.149,
    0.0
  ],
  [
    51.173,
    0.0
  ],
  [
    51.198,
    0.0
  ],
  [
    51.208,
    0.0
  ],
  [
    51.237,
    0.0
  ],
  [
    51.253,
    0.0
  ],
  [
    51.262,
    0.0
  ],
  [
    51.292,
    0.0
  ],
  [
    51.299,
    0.0
  ],
  [
    51.326,
    0.0
  ],
  [
    51.341,
    0.0
  ],
  [
    51.352,
    0.0
  ],
  [
    51.379,
    0.0
  ],
  [
    51.393,
    0.0
  ],
  [
    51.404,
    0.0
  ],
  [
    51.433,
    0.0
  ],
  [
    51.44,
    0.0
  ],
  [
    51.473,
    0.0
  ],
  [
    51.48,
    0.0
  ],
  [
    51.494,
    0.0
  ],
  [
    51.52,
    0.0
  ],
  [
    51.53,
    0.0
  ],
  [
    51.56,
    0.0
  ],
  [
    51.572,
    0.0
  ],
  [
    51.583,
    0.0
  ],
  [
    51.599,
    0.0
  ],
  [
    51.626,
    0.0
  ],
  [
    51.636,
    0.0
  ],
  [
    51.65,
    0.0
  ],
  [
    51.673,
    0.0
  ],
  [
    51.687,
    0.0
  ],
  [
    51.714,
    0.0
  ],
  [
    51.726,
    0.0
  ],
  [
    51.756,
    0.0
  ],
  [
    51.766,
    0.0
  ],
  [
    51.793,
    0.0
  ],
  [
    51.804,
    0.0
  ],
  [
    51.832,
    0.0
  ],
  [
    51.84,
    0.0
  ],
  [
    51.872,
    0.0
  ],
  [
    51.88,
    0.0
  ],
  [
    51.906,
    0.0
  ],
  [
    51.917,
    0.0
  ],
  [
    51.936,
    0.0
  ],
  [
    51.951,
    0.0
  ],
  [
    51.968,
    0.0
  ],
  [
    51.982,
    0.0
  ],
  [
    51.998,
    0.0
  ],
  [
    52.028,
    0.0
  ],
  [
    52.042,
    0.0
  ],
  [
    52.075,
    0.0
  ],
  [
    52.085,
    0.0
  ],
  [
    52.117,
    0.0
  ],
  [
    52.131,
    0.0
  ],
  [
    52.146,
    0.0
  ],
  [
    52.161,
    0.0
  ],
  [
    52.177,
    0.0
  ],
  [
    52.193,
    0.0
  ],
  [
    52.21,
    0.0
  ],
  [
    52.225,
    0.0
  ],
  [
    52.243,
    0.0
  ],
  [
    52.274,
    0.0
  ],
  [
    52.284,
    0.0
  ],
  [
    52.299,
    0.0
  ],
  [
    52.313,
    0.0
  ],
  [
    52.344,
    0.0
  ],
  [
    52.359,
    0.0
  ],
  [
    52.371,
    0.0
  ],
  [
    52.386,
    0.0
  ],
  [
    52.418,
    0.0
  ],
  [
    52.426,
    0.0
  ],
  [
    52.442,
    0.0
  ],
  [
    52.476,
    0.0
  ],
  [
    52.486,
    0.0
  ],
  [
    52.516,
    0.0
  ],
  [
    52.524,
    0.0
  ],
  [
    52.539,
    0.0
  ],
  [
    52.571,
    0.0
  ],
  [
    52.581,
    0.0
  ],
  [
    52.594,
    0.0
  ],
  [
    52.619,
    0.0
  ],
  [
    52.629,
    0.0
  ],
  [
    52.647,
    0.0
  ],
  [
    52.678,
    0.0
  ],
  [
    52.694,
    0.0
  ],
  [
    52.705,
    0.0
  ],
  [
    52.724,
    0.0
  ],
  [
    52.742,
    0.0
  ],
  [
    52.76,
    0.0
  ],
  [
    52.776,
    0.0
  ],
  [
    52.791,
    0.0
  ],
  [
    52.808,
    0.0
  ],
  [
    52.823,
    0.0
  ],
  [
    52.84,
    0.0
  ],
  [
    52.855,
    0.0
  ],
  [
    52.871,
    0.0
  ],
  [
    52.888,
    0.0
  ],
  [
    52.906,
    0.0
  ],
  [
    52.938,
    0.0
  ],
  [
    52.951,
    0.0
  ],
  [
    52.966,
    0.0
  ],
  [
    52.982,
    0.0
  ],
  [
    52.997,
    0.0
  ],
  [
    53.012,
    0.0
  ],
  [
    53.042,
    0.0
  ],
  [
    53.056,
    0.0
  ],
  [
    53.083,
    0.0
  ],
  [
    53.093,
    0.0
  ],
  [
    53.105,
    0.0
  ],
  [
    53.132,
    0.0
  ],
  [
    53.147,
    0.0
  ],
  [
    53.158,
    0.0
  ],
  [
    53.185,
    0.0
  ],
  [
    53.194,
    0.0
  ]
]